

.STYLE CURSIVE
.COMMENT previously: .WRITER_ID dskl.297
.WRITER_ID dsk
.HAND L
.SEX M

.PEN_DOWN
65 577
72 562
72 553
72 543
70 533
47 498
35 490
19 491
7 499
0 509
5 525
14 543
29 564
50 585
76 600
106 609
134 605
156 597
.PEN_UP
.PEN_DOWN
131 511
131 484
131 472
128 443
128 418
113 334
102 306
88 281
69 265
46 273
29 288
17 311
20 338
.PEN_UP
.PEN_DOWN
113 260
123 260
133 265
145 275
157 282
207 338
228 370
248 406
266 448
278 490
280 526
279 559
271 583
260 598
242 593
221 577
204 549
192 511
185 467
183 420
181 374
178 335
175 304
175 308
183 326
195 343
209 362
223 366
233 359
241 348
248 335
256 317
264 298
276 283
291 275
311 279
330 287
348 301
359 315
355 321
345 314
331 302
314 286
308 271
316 253
327 240
341 241
356 249
372 267
383 291
390 318
390 346
388 354
387 348
387 338
386 323
390 304
397 283
411 266
433 272
453 288
474 312
491 346
503 382
513 418
518 444
517 440
513 425
506 404
503 377
506 347
511 315
522 287
.PEN_UP
.PEN_DOWN
460 382
469 382
479 382
494 372
508 367
554 367
572 367
.PEN_UP
.PEN_DOWN
730 243
745 253
755 258
764 262
774 265
813 316
818 335
813 348
807 348
800 341
796 330
794 315
799 299
809 281
825 275
844 280
862 288
877 301
892 315
907 325
923 319
941 307
948 290
943 273
931 256
914 247
895 249
880 253
886 257
898 260
915 261
.PEN_UP
.PEN_DOWN
821 436
830 431
.PEN_UP
.PEN_DOWN
1113 223
1113 214
1113 194
1113 180
1106 170
.PEN_UP
.PEN_DOWN
1203 243
1216 243
1225 255
1230 265
1235 277
1264 332
1268 339
1265 329
1262 318
1259 301
1263 287
1273 276
1288 277
1315 288
1344 307
1373 332
1398 365
1415 399
1422 430
1423 460
1422 484
1416 505
1404 513
1389 504
1369 487
1347 456
1328 415
1314 365
1304 314
1301 265
1301 221
1302 184
1307 157
1316 153
1329 166
1344 191
1356 220
1361 253
1358 272
1360 276
1368 278
1382 282
1400 288
1421 296
.PEN_UP
.PEN_DOWN
1279 406
1279 416
1276 428
1276 416
.PEN_UP
.PEN_DOWN
1615 236
1630 241
1640 250
1650 260
1657 270
1677 335
1688 370
1702 414
1715 465
1723 513
1723 547
1719 550
1711 528
1701 494
1689 447
1678 396
1672 343
1671 300
1675 267
1684 245
1698 243
1717 251
1740 267
1764 299
1787 345
1806 398
1815 453
1814 498
1808 532
1797 548
1784 539
1771 514
1759 476
1751 432
1745 376
1742 328
1742 287
1744 261
1745 256
1750 266
1761 291
1774 314
1788 327
1800 324
1808 311
1820 301
1836 295
1857 298
1878 306
1897 319
1909 336
1908 357
1900 371
1890 370
1876 361
1866 348
1864 330
1871 312
1883 296
1899 287
1918 281
.PEN_UP
.PEN_DOWN
1667 423
1689 421
1713 418
1730 414
1747 414
.PEN_UP
.PEN_DOWN
2262 406
2266 384
2271 375
2274 360
2274 350
2270 340
2265 350
2257 363
2246 370
2231 367
2216 357
2203 339
2194 316
2193 290
2198 266
2207 252
2225 246
2248 249
2276 256
2307 265
2335 277
2357 293
2370 310
2365 312
2356 307
2345 296
2341 281
2344 265
2355 248
2369 247
2381 257
2392 271
2394 289
2391 310
2382 327
2369 339
2356 336
2349 327
2353 316
2362 303
2376 294
2392 290
2413 291
2434 299
2453 313
2467 322
2476 318
2481 305
2481 287
2482 267
2482 258
2483 270
2485 286
2491 312
2499 338
2510 360
2522 364
2532 353
2540 336
2546 314
2553 288
2557 265
2562 259
2565 270
2569 293
2574 316
2580 324
2589 314
2598 300
2607 286
2617 279
2632 285
2648 301
2661 317
2666 308
2660 285
2654 258
2645 221
2634 173
2624 129
2615 92
2606 72
2598 81
2592 99
2587 124
2590 153
2596 187
2605 224
2620 260
2640 296
2665 330
2690 354
2716 370
2739 375
2754 370
2757 357
2751 342
2740 321
2727 301
2718 288
2722 286
2731 293
2745 301
2764 310
2785 319
2802 332
2802 338
2793 336
2780 330
2764 320
2760 307
2766 295
2779 296
2792 305
2804 315
2815 329
2814 345
2809 356
2807 349
2810 337
2816 321
2827 308
2843 306
2862 313
2884 328
2904 343
2918 342
2928 330
2933 313
2934 299
2934 291
2936 297
2942 309
2951 326
2961 333
2973 328
2984 321
2997 310
3011 310
3026 321
3040 338
3052 358
3063 381
3070 385
3074 373
3076 349
3076 320
3076 281
3076 239
3077 203
3083 183
3088 187
3094 198
3098 215
3098 231
3101 247
3106 265
3114 281
3123 301
3129 326
3133 343
3133 332
3128 304
3117 264
3100 204
3078 129
3056 65
3039 15
3028 0
3023 9
3024 29
3030 55
3041 87
3059 131
3085 169
3116 206
.PEN_UP
.PEN_DOWN
3325 294
3337 304
3342 314
3351 323
3356 336
3377 386
3382 399
3391 415
3406 427
3425 437
3447 434
3466 423
3477 407
3476 386
3472 360
3466 334
3469 314
3475 302
3485 305
3499 313
3517 320
3535 329
3550 340
3562 355
3569 375
3571 398
3566 411
3555 405
3545 391
3535 374
3528 353
3533 332
3544 315
3559 309
3580 315
3603 327
3625 345
3649 369
3666 399
3677 418
3677 406
3672 385
3664 354
3653 313
3641 257
3625 202
3611 152
3597 111
3585 96
3574 108
3566 127
3570 160
3577 197
3590 243
3608 293
3633 335
3658 371
3684 399
3708 406
3725 400
3736 385
3732 366
3723 344
3709 319
3694 300
3683 291
3691 295
3707 301
3729 312
3754 324
3782 334
3797 343
3788 347
3778 350
3763 349
3746 343
3729 335
3727 322
3735 304
3747 290
3763 283
3781 287
3800 300
3815 317
3823 337
3821 357
3813 366
3801 365
3795 359
3801 354
3811 350
3823 352
3839 360
3856 372
3874 385
3891 391
3905 385
3910 369
3906 347
3907 334
3915 333
3929 343
3949 359
3970 382
3993 409
4014 441
4033 473
4049 504
4058 523
4055 509
4047 490
4038 460
4029 431
4022 398
4018 369
4019 345
4024 329
4034 319
4053 317
4077 324
4098 335
4112 354
4107 371
4098 382
4085 378
4071 366
4058 349
4055 329
4063 311
4076 297
4092 287
4113 288
4135 293
4157 301
4178 313
4199 329
4214 346
4212 351
4200 341
4184 326
4170 312
4169 293
4176 278
4186 271
4199 276
4217 295
4238 326
4258 360
4267 405
4268 443
4265 461
4258 446
4249 422
4240 387
4234 350
4236 307
4242 268
4250 236
4262 218
4279 218
4296 228
.PEN_UP
.PEN_DOWN
4015 460
4032 460
4056 460
4083 462
4102 465
.PEN_UP
.PEN_DOWN
4514 241
4514 250
4529 255
4539 262
4544 272
4561 307
4566 319
4574 335
4585 353
4602 370
4622 380
4640 375
4653 365
4659 348
4658 323
4655 292
4657 265
4662 247
4671 243
4687 247
4707 253
4727 262
4747 276
4765 295
4781 316
4792 340
4797 363
4792 384
4780 401
4764 403
4744 393
4725 379
4714 362
4713 342
4718 322
4728 304
4743 289
4761 275
4785 263
4807 260
4826 266
4842 278
4852 294
4857 314
4859 337
4865 354
4876 364
4891 359
4906 348
4916 330
4916 311
4910 288
4899 267
4883 251
4863 238
4842 237
4839 240
4846 245
4857 251
4872 257
4891 263
4913 269
4933 277
4953 286
4973 302
4991 321
5007 342
5010 362
5005 369
4996 360
4987 343
4978 322
4971 300
4972 274
4979 258
4992 254
5010 262
5031 279
5051 300
5064 324
5067 335
5063 330
5057 321
5052 307
5052 289
5058 271
5069 252
5084 240
5104 244
5127 256
5151 280
5173 315
5194 360
5211 411
5221 458
5228 502
5230 539
5227 563
5218 560
5204 543
5186 520
5169 487
5156 453
5148 417
5145 385
5145 357
5149 327
5158 301
5174 283
5196 278
5220 286
5246 303
5268 327
5288 363
5307 407
5320 446
5329 488
5334 522
5334 542
5332 537
5327 518
5319 489
5309 451
5302 410
5298 368
5299 331
5303 297
5311 275
5322 271
5336 278
5349 292
5358 312
5365 337
5372 366
5383 387
5399 388
5415 379
5429 368
5435 353
5433 332
5426 309
5414 285
5399 268
5378 263
5365 270
5366 277
5373 286
5383 298
5397 308
.PEN_UP
.PEN_DOWN
5297 436
5314 433
5326 431
5343 426
5356 426
5411 434
.PEN_UP
.PEN_DOWN
5855 399
5846 389
5834 379
5824 377
5821 387
5786 403
5772 398
5758 386
5744 369
5733 347
5727 323
5730 301
5738 281
5750 269
5767 263
5789 264
5812 270
5837 282
5861 297
5885 317
5907 340
5921 363
5917 374
5906 368
5894 357
5878 339
5862 319
5848 297
5847 275
5855 258
5867 243
5883 234
5901 234
5923 238
5942 251
5954 270
5958 298
5955 330
5950 359
5939 380
5923 386
5906 379
5892 368
5892 356
5900 345
5910 335
5926 331
5944 331
5966 334
5988 340
6010 350
6029 366
6042 384
6053 401
6064 413
6075 412
6084 405
6088 394
6085 374
6078 352
6070 327
6067 304
6073 296
6081 301
6095 309
6108 322
6122 337
6133 357
6141 380
6150 401
6163 419
6182 431
6203 429
6223 422
6234 409
6228 390
6219 368
6206 343
6196 320
6194 302
6201 292
6211 290
6226 295
6248 304
6272 318
6296 336
6314 357
6325 377
6323 397
6315 410
6301 409
6285 402
6269 388
6253 370
6243 348
6240 324
6245 306
6256 288
6270 275
6292 267
6319 263
6344 265
6369 272
6392 281
6411 297
6430 317
6449 336
6462 355
6461 363
6453 359
6441 352
6426 341
6407 330
6392 314
6392 297
6400 279
6412 264
6428 254
6448 254
6469 259
6488 270
6507 285
6525 305
6543 334
6561 368
6578 406
6595 449
6609 487
6620 523
6627 553
6629 578
6624 589
6617 582
6606 565
6590 536
6572 496
6553 444
6539 394
6530 352
6526 318
6529 293
6537 276
6551 268
6571 273
6596 284
6617 297
6638 310
6656 329
6673 345
6689 364
6703 389
6715 421
6725 458
6733 498
6738 537
6738 568
6733 578
6723 565
6709 538
6693 506
6676 467
6663 422
6656 383
6655 349
6658 319
6663 295
6673 277
6685 266
6704 269
6724 278
6745 296
6763 320
6776 339
6785 343
6789 332
6794 315
6800 293
6809 268
6821 255
6834 260
6847 273
6859 292
6865 303
6862 291
6857 273
6846 243
6828 204
6805 156
6777 115
6749 82
6724 61
6703 65
6690 78
6692 99
6699 127
6714 160
6737 194
6768 225
6805 251
6837 273
.PEN_UP
.PEN_DOWN
6504 465
6514 462
6524 462
6533 462
6553 462
6602 462
6620 461
6639 460
.PEN_UP
.PEN_DOWN
6977 277
6970 287
6970 275
.PEN_UP
