

.STYLE CURSIVE
.COMMENT previously: .WRITER_ID dskl.170
.WRITER_ID dsk
.HAND L
.SEX M

.PEN_DOWN
5 318
10 328
18 338
25 347
37 357
66 348
69 331
69 311
65 289
58 264
45 252
29 260
14 275
3 294
4 315
10 340
19 358
33 357
49 344
67 322
83 296
89 261
86 220
80 179
69 140
52 108
31 95
13 100
3 111
0 124
3 140
11 159
21 179
36 198
55 218
75 239
99 258
121 277
136 297
140 317
135 337
129 342
123 336
117 322
116 302
118 280
125 253
136 238
152 239
167 246
181 261
192 282
202 296
212 295
219 286
225 270
224 249
220 234
217 234
215 243
217 255
221 274
228 290
239 296
252 288
264 278
278 268
292 261
308 266
326 274
342 285
353 300
353 316
348 330
337 333
326 328
315 318
306 303
305 283
310 264
321 249
337 241
355 239
376 242
393 250
409 263
421 280
435 302
452 319
472 329
494 331
511 325
521 312
524 293
521 269
522 249
528 244
540 248
557 255
580 266
599 280
604 285
598 285
587 280
577 268
576 254
583 242
593 238
606 246
617 260
622 278
614 291
606 291
600 283
600 272
607 258
619 252
635 258
654 266
677 283
698 306
717 338
732 373
741 406
743 438
737 462
726 467
710 455
694 430
678 400
666 362
660 321
661 287
666 258
675 236
691 228
713 234
738 244
765 264
790 294
810 332
824 371
830 404
825 425
816 428
803 420
787 404
769 380
755 346
745 307
739 273
740 243
746 222
758 208
774 201
795 204
816 214
833 233
846 242
858 242
873 244
890 251
907 251
920 234
922 213
918 182
910 141
896 105
879 82
860 88
848 104
845 126
851 154
859 183
874 213
894 244
918 271
.PEN_UP
.PEN_DOWN
1081 196
1081 187
1081 174
1076 162
1071 152
.PEN_UP
.PEN_DOWN
1193 223
1195 240
1198 250
1200 260
1210 274
1241 337
1249 368
1257 398
1265 429
1272 458
1281 478
1283 478
1282 467
1277 447
1270 419
1263 384
1258 344
1260 311
1267 283
1282 273
1302 283
1329 298
1357 324
1378 354
1392 392
1399 425
1396 450
1389 458
1381 451
1369 431
1359 402
1352 363
1345 316
1342 278
1339 253
1340 260
1344 276
1352 300
1360 315
1373 314
1386 305
1397 292
1410 279
1422 262
1438 252
1455 258
1470 266
1483 279
1490 296
1487 312
1478 309
1467 294
1456 279
1452 264
1458 251
1468 242
1481 240
1500 242
.PEN_UP
.PEN_DOWN
1237 382
1251 382
1266 384
1278 386
1293 389
.PEN_UP
.PEN_DOWN
1734 209
1746 209
1754 218
1759 228
1763 238
1773 315
1778 344
1783 377
1784 412
1783 447
1778 466
1772 460
1764 444
1756 419
1753 383
1755 343
1758 302
1763 266
1773 236
1787 219
1806 221
1824 232
1839 250
1848 277
1851 306
1848 335
1850 353
1855 362
1858 361
1862 354
1869 346
1879 337
1895 339
1913 347
1929 358
1937 370
1932 377
1925 370
1916 357
1909 340
1900 320
1895 295
1898 273
1905 257
1916 255
1930 263
1949 276
1964 294
1974 315
1981 340
1983 359
1983 358
1980 347
1974 330
1970 308
1973 286
1982 280
1993 289
2005 302
2016 317
2027 324
2037 322
2048 313
2059 297
2057 278
2049 260
2037 246
2019 241
2008 245
2008 253
2017 262
2028 270
2043 276
2062 279
2080 285
2095 298
2105 321
2113 356
2117 393
2117 428
2112 439
2104 429
2096 409
2088 378
2082 343
2079 300
2077 264
2076 254
2075 267
2075 284
2079 300
2086 305
2097 300
2113 289
2133 274
2155 258
.PEN_UP
.PEN_DOWN
2475 335
2466 335
2456 330
2441 323
2432 313
2393 267
2387 252
2391 236
2399 224
2412 222
2427 231
2445 245
2457 265
2461 290
2459 306
2457 300
2458 289
2463 272
2471 257
2483 249
2498 255
2513 268
2527 284
2540 302
2547 321
2544 332
2539 326
2532 318
2526 305
2520 290
2516 271
2522 261
2532 267
2545 280
2561 300
2574 327
2582 360
2587 396
2587 427
2582 448
2575 445
2566 429
2558 405
2555 373
2553 337
2553 300
2555 271
2561 243
2573 222
2590 216
2606 222
2617 234
2622 248
2623 264
2627 285
2634 307
2646 324
2659 316
2670 297
2677 275
2675 250
2672 232
2669 241
2666 255
2665 275
2670 297
2677 317
2688 327
2701 316
2712 296
2721 272
2726 245
2730 225
2732 226
2734 236
2734 250
2735 270
2738 289
2741 297
2746 292
2750 281
2757 266
2768 252
2782 253
2796 264
2807 279
2815 296
2818 310
2821 308
2822 299
2822 288
2822 270
2822 251
2826 233
2834 226
2848 234
2865 252
2881 274
2895 298
2906 312
2915 303
2923 287
2929 266
2932 250
2932 242
2929 250
2926 264
2924 281
2924 292
2929 289
2936 280
2947 265
2963 248
2979 246
2994 255
3005 270
3011 289
3014 309
3016 333
3018 337
3020 327
3019 306
3017 284
3016 258
3019 235
3027 230
3036 236
3047 246
3056 263
3061 286
3064 314
3068 337
3077 345
3090 339
3106 328
3120 314
3127 296
3123 274
3113 253
3100 236
3083 226
3063 226
3056 227
3061 230
3072 232
3086 235
3103 241
3122 250
3141 271
3157 304
3170 343
3183 390
3195 432
3204 468
3206 493
3202 484
3196 468
3188 442
3180 403
3172 364
3170 323
3171 292
3177 277
3191 278
3206 289
3222 306
3233 328
3238 353
3242 378
3252 395
3267 406
3286 406
3303 398
3314 384
3315 364
3309 340
3299 316
3291 292
3296 269
3307 253
3319 242
3336 246
3357 257
3377 272
3392 290
3393 298
3386 292
3376 283
3367 269
3361 254
3364 238
3372 229
3383 237
3394 250
3404 270
3407 293
3404 320
3399 336
3398 325
3400 306
3404 282
3410 258
3421 238
3435 237
3449 246
3460 264
3468 289
3475 327
3483 377
3490 426
3496 474
3500 504
3501 504
3501 491
3499 468
3497 434
3494 391
3494 346
3497 305
3502 272
3512 250
3525 247
3536 262
3548 279
3555 301
3560 325
3564 333
3566 326
3565 312
3564 296
3564 278
3567 256
3576 247
3588 253
3602 261
3614 275
3624 292
3631 302
3635 296
3638 288
3638 275
3642 257
3651 251
3660 257
3668 272
3673 293
3672 318
3667 338
3659 339
3652 330
3648 319
3653 312
3663 306
3676 303
3691 295
3704 283
3711 269
3712 264
3712 271
3716 278
3722 275
3731 265
3744 252
3760 243
3778 251
.PEN_UP
.PEN_DOWN
2846 394
2846 382
2839 372
.PEN_UP
.PEN_DOWN
3019 396
3019 384
3019 374
3017 365
3014 377
.PEN_UP
.PEN_DOWN
3117 435
3129 435
3146 428
3156 423
3165 423
.PEN_UP
.PEN_DOWN
3402 413
3414 413
3431 421
3441 425
3451 430
3498 447
3514 450
3533 450
.PEN_UP
.PEN_DOWN
3587 399
3587 411
3587 396
3587 386
3575 386
.PEN_UP
.PEN_DOWN
4041 226
4053 221
4063 221
4072 221
4082 226
4112 265
4123 280
4133 299
4143 317
4151 339
4152 363
4146 380
4133 375
4119 358
4106 339
4095 312
4096 287
4101 263
4111 243
4128 236
4151 240
4173 248
4192 260
4207 276
4217 296
4227 318
4240 334
4252 327
4262 314
4269 300
4275 284
4285 266
4301 249
4322 244
4344 250
4362 263
4376 278
4387 296
4394 309
4399 301
4400 286
4396 264
4388 234
4379 198
4365 161
4349 125
4334 93
4317 63
4302 47
4291 53
4283 67
4285 87
4290 117
4301 155
4319 198
4342 237
4369 274
4395 300
4417 316
4437 317
4449 309
4453 297
4448 280
4438 260
4427 238
4418 228
4418 228
4426 233
4437 242
4453 257
4473 275
4492 297
4508 317
4524 336
4541 348
4560 343
4576 334
4587 321
4583 304
4573 281
4558 254
4554 236
4560 231
4567 237
4579 244
4595 253
4614 267
4632 285
4643 304
4638 314
4630 311
4617 304
4601 295
4591 280
4596 264
4605 248
4619 237
4637 236
4657 239
4678 247
4694 261
4706 279
4716 301
4727 319
4741 327
4756 321
4770 310
4778 295
4775 278
4767 257
4752 238
4735 224
4712 216
4693 214
4690 216
4697 221
4707 229
4720 236
4738 243
4759 247
4780 255
4796 270
4808 289
4820 308
4831 315
4846 306
4859 293
4857 274
4848 252
4836 235
4817 223
4799 220
4793 222
4799 226
4811 230
4825 233
4842 235
4863 237
4885 242
4906 252
4921 268
4931 289
4928 309
4919 315
4906 308
4894 295
4885 280
4889 264
4896 244
4910 231
4927 222
4947 218
4971 219
4991 227
5006 241
5018 259
5026 282
5031 301
5028 309
5019 303
5008 293
4993 279
4984 262
4985 240
4992 222
5003 212
5018 219
5031 233
5044 257
5054 285
5060 320
5064 353
5067 378
5067 382
5067 367
5067 347
5067 325
5067 297
5071 269
5080 242
5094 222
5114 216
.PEN_UP
.PEN_DOWN
4341 367
4326 355
4316 343
4297 311
4282 279
4232 211
4219 196
.PEN_UP
.PEN_DOWN
5323 201
5333 206
5338 218
5340 228
5343 238
5353 280
5356 293
5362 309
5372 328
5387 334
5401 329
5414 319
5422 304
5422 287
5418 267
5408 248
5393 238
5387 241
5391 247
5399 255
5413 263
5429 271
5447 278
5468 282
5489 282
5509 287
5526 298
5530 311
5523 325
5510 326
5495 319
5476 309
5455 294
5444 276
5449 260
5459 246
5474 242
5492 248
5509 257
5522 271
5526 289
5521 297
5515 291
5510 282
5505 270
5507 255
5517 243
5531 241
5549 248
5569 261
5587 281
5602 309
5615 343
5628 377
5639 411
5649 444
5655 471
5651 479
5646 465
5637 442
5628 419
5620 390
5612 359
5609 331
5608 304
5609 278
5618 258
5632 245
5651 248
5673 259
5690 272
5700 289
5706 309
5704 324
5701 326
5695 318
5689 307
5684 293
5680 273
5682 251
5690 234
5706 231
5723 242
5742 256
5757 272
5769 289
5784 291
5798 283
5813 271
5817 257
5811 241
5801 227
5785 215
5770 214
5768 217
5777 219
5789 221
5806 224
5828 227
5853 233
5876 244
5896 263
5913 288
5928 320
5938 355
5944 386
5945 416
5942 441
5933 453
5920 445
5904 430
5885 400
5865 363
5845 313
5827 258
5816 207
5817 163
5822 127
5834 109
5850 112
5868 124
5887 142
5900 167
5908 195
5910 223
5908 248
5905 258
5909 262
5918 262
5933 262
5953 265
5977 270
5997 280
6001 291
5995 295
5984 290
5972 282
5957 272
5944 258
5948 241
5957 228
5970 223
5988 231
6005 244
6019 259
6028 281
6026 298
6020 302
6013 294
6011 281
6016 268
6026 255
6037 250
6053 258
6070 268
6086 282
6103 300
6117 315
6117 320
6111 315
6101 304
6096 288
6100 270
6110 253
6122 245
6141 250
6165 259
6185 277
6203 304
6215 340
6224 381
6229 417
6234 451
6236 476
6234 476
6229 461
6223 443
6214 420
6204 392
6198 363
6195 336
6195 311
6202 294
6214 281
6231 278
6251 283
6268 292
6282 306
6292 323
6293 336
6290 332
6282 323
6274 311
6266 294
6262 276
6268 258
6280 247
6296 245
6316 250
6338 257
6359 268
6374 285
6383 306
6378 317
6368 315
6355 307
6345 292
6337 273
6342 256
6351 242
6364 247
6377 255
6391 270
6398 289
6395 313
6388 335
6378 340
6370 332
6366 319
6375 309
6389 304
6406 302
6423 296
6434 286
6437 281
6435 287
6438 297
6446 305
6458 304
6473 295
6488 282
6499 265
6511 247
6525 234
6541 239
.PEN_UP
.PEN_DOWN
5545 425
5555 428
5565 428
5579 428
5589 430
5642 430
5659 429
.PEN_UP
.PEN_DOWN
5757 382
.PEN_UP
.PEN_DOWN
6106 389
6116 389
6125 389
6135 389
6145 389
6185 389
6199 388
6217 389
.PEN_UP
.PEN_DOWN
6325 411
6328 401
6333 391
6333 401
.PEN_UP
.PEN_DOWN
6884 172
6894 199
6899 226
6906 250
6913 287
6935 355
6938 361
6940 356
6940 347
6938 333
6935 315
6931 293
6927 270
6929 245
6935 223
6946 208
6960 209
6976 219
6991 238
7001 264
7004 286
7006 292
7006 283
7006 271
7008 256
7013 234
7022 212
7035 210
7046 221
7054 239
7059 263
7060 292
7058 314
7058 315
7061 307
7068 297
7080 286
7097 279
7116 284
7132 293
7144 306
7143 314
7139 310
7136 302
7132 292
7130 277
7133 261
7141 247
7152 237
7167 240
7184 249
7197 266
7207 291
7214 324
7218 363
7223 400
7229 437
7233 466
7230 460
7223 440
7215 414
7209 382
7203 345
7204 308
7205 278
7208 250
7213 229
7224 223
7242 230
7264 250
7288 280
7308 317
7321 365
7328 406
7328 437
7321 457
7312 452
7301 440
7288 417
7281 385
7275 350
7271 308
7269 276
7273 282
7280 303
7288 323
7298 335
7310 324
7319 306
7330 284
7342 260
7356 230
7373 209
.PEN_UP
.PEN_DOWN
7123 355
7133 355
7143 355
7152 355
7162 355
.PEN_UP
.PEN_DOWN
7218 416
7228 419
7238 421
7247 424
7260 426
.PEN_UP
.PEN_DOWN
7577 163
7586 168
7596 175
7606 182
7623 199
7648 276
7654 306
7662 338
7669 368
7666 393
7661 387
7657 366
7653 340
7650 302
7650 265
7655 229
7666 206
7680 204
7699 212
7718 226
7738 251
7755 290
7768 335
7774 377
7771 405
7763 407
7753 394
7742 375
7729 345
7718 309
7711 269
7706 230
7708 205
7712 204
7718 215
7724 231
7732 254
7738 281
7746 297
7755 296
7763 289
7770 275
7775 257
7782 240
7794 228
7812 232
7831 241
7848 255
7859 273
7858 293
7850 312
7839 315
7826 309
7815 296
7807 281
7806 261
7809 238
7817 217
7830 200
7849 187
7871 180
7896 178
7921 181
7940 189
.PEN_UP
.PEN_DOWN
7623 321
7638 324
7647 324
7664 324
7689 321
.PEN_UP
.PEN_DOWN
8113 192
8118 202
8128 204
8137 214
8142 224
8186 261
8194 274
8198 290
8200 310
8196 330
8187 338
8172 331
8156 320
8142 303
8136 281
8137 254
8144 229
8157 212
8176 203
8199 203
8221 208
8245 218
8269 231
8290 249
8308 271
8318 287
8315 292
8307 286
8297 277
8284 264
8284 248
8289 231
8299 219
8312 213
8330 212
8352 213
8369 220
8383 231
8394 249
8405 269
8413 285
8407 295
8399 293
8389 288
8374 281
8360 268
8350 251
8355 232
8365 214
8380 203
8396 202
8414 208
8430 220
8442 238
8446 259
8442 280
8433 299
8420 311
8405 310
8390 303
8385 293
8391 282
8402 270
8416 267
8435 273
8455 284
8473 290
8486 283
8493 268
8496 247
8496 224
8494 207
8490 211
8487 221
8488 239
8491 261
8499 275
8511 270
8523 258
8535 240
8544 217
8554 208
8565 206
8578 211
8589 223
8600 240
8610 260
8613 273
8607 265
8599 253
8590 237
8583 218
8585 198
8593 186
8606 186
8626 192
8644 201
8657 215
8661 234
8658 255
8647 274
8632 283
8619 276
8607 267
8610 254
8618 242
8630 233
8645 235
8663 245
8681 264
8694 279
8702 274
8705 259
8705 242
8707 219
8709 199
8711 200
8713 217
8713 236
8713 262
8716 292
8723 304
8732 293
8744 276
8756 259
8765 235
8775 214
8782 214
8789 226
8796 242
8801 261
8805 277
8808 278
8809 268
8812 251
8818 232
8829 214
8845 204
8860 211
8875 227
8886 247
8892 270
8895 274
8897 263
8898 247
8898 227
8898 191
8896 148
8893 100
8883 54
8869 22
8852 7
8833 14
8818 28
8809 44
8806 64
8809 87
8818 107
8831 126
8848 145
8871 166
8893 185
8914 203
8937 220
8959 234
8977 253
.PEN_UP
.PEN_DOWN
9015 389
9013 380
9005 370
8998 360
8988 350
.PEN_UP
.PEN_DOWN
9025 192
9030 202
9032 211
9037 228
9047 241
9051 280
9058 289
9071 285
9085 273
9098 256
9096 237
9086 216
9073 202
9060 201
9061 206
9069 211
9083 213
9100 214
9123 214
.PEN_UP
.PEN_DOWN
9356 175
9359 189
9361 199
9364 209
9364 228
9380 297
9386 303
9391 290
9395 273
9394 244
9388 202
9381 151
9372 99
9361 59
9347 51
9336 62
9329 84
9332 114
9340 156
9352 202
9369 245
9388 275
9410 298
9432 316
9452 317
9469 307
9477 292
9474 271
9466 246
9455 220
9453 208
9458 216
9466 228
9478 245
9491 260
9507 278
9523 293
9540 308
9559 320
9578 322
9592 313
9595 295
9588 273
9579 247
9576 220
9581 205
9588 198
9601 199
9616 205
9634 217
9651 234
9655 239
9650 233
9639 222
9630 206
9633 191
9643 178
9654 172
9666 178
9681 187
9694 200
9702 220
9707 243
9704 265
9694 284
9680 292
9664 287
9654 278
9660 267
9669 260
9685 255
9702 259
9725 265
9748 269
9765 267
9776 260
9780 250
9777 236
9768 220
9756 216
9745 221
9739 231
9744 242
9755 250
9766 246
9778 232
9784 210
9780 177
9772 142
9760 106
9744 74
9724 61
9707 66
9695 75
9692 91
9697 112
9710 137
9729 166
9752 192
9779 214
9802 230
9823 246
9842 264
9858 283
9873 301
9891 309
9906 301
9914 288
9911 272
9904 249
9894 227
9896 210
9903 200
9915 201
9930 205
9950 213
9969 225
9984 242
9994 263
9995 286
9990 302
9981 303
9969 295
9957 284
9948 269
9948 250
9955 229
9967 214
9984 207
10006 212
10029 222
10047 237
10061 256
10071 276
10082 290
10097 292
10114 286
10126 273
10127 256
10121 236
10109 214
10088 199
10063 189
10040 189
10032 197
10039 205
10054 214
10073 218
10097 223
10125 229
10150 236
10172 244
10191 255
10206 268
10218 281
10227 285
10234 278
10240 266
10236 251
10227 233
10209 216
10189 205
10165 200
10156 201
10161 205
10172 209
10190 214
.PEN_UP
.PEN_DOWN
10534 302
10524 302
10515 302
10500 299
10488 289
10450 251
10441 236
10434 219
10437 201
10447 184
10460 180
10476 187
10494 204
10509 223
10518 246
10521 266
10518 265
10512 254
10508 239
10509 222
10516 208
10528 202
10543 209
10559 222
10575 239
10585 259
10596 279
10611 289
10626 284
10643 269
10654 251
10650 230
10640 208
10623 196
10601 190
10577 191
10555 197
10550 205
10558 213
10574 218
10599 215
10630 208
.PEN_UP
.PEN_DOWN
10900 177
10910 180
10919 185
10934 199
10939 209
10969 251
10974 271
10977 291
10977 299
10975 291
10971 277
10966 260
10964 245
10969 226
10979 214
10993 209
11011 213
11032 228
11052 248
11068 276
11081 311
11091 342
11097 370
11094 388
11087 384
11076 370
11066 352
11054 330
11048 305
11049 278
11054 256
11062 238
11076 224
11096 216
.PEN_UP
.PEN_DOWN
10941 353
10951 353
10963 353
10973 353
10983 353
.PEN_UP
.PEN_DOWN
11068 321
11078 321
11088 321
11097 321
11114 326
.PEN_UP
.PEN_DOWN
11307 172
11317 175
11327 180
11336 182
11351 197
11382 257
11393 284
11406 317
11418 357
11427 398
11427 433
11422 450
11413 445
11403 429
11392 401
11383 360
11375 312
11365 264
11355 222
11345 200
11341 206
11344 219
11351 236
11362 260
11377 287
11397 307
11415 309
11431 301
11443 291
11452 277
11460 260
11467 243
11478 234
11491 239
11506 247
11518 263
11525 281
11523 301
11516 313
11506 309
11494 299
11483 284
11477 265
11478 244
11485 227
11497 217
11514 211
11536 212
11560 214
11583 219
11606 228
11629 241
11643 256
11639 269
11629 273
11618 268
11600 260
11586 249
11577 233
11582 214
11593 200
11608 203
11623 211
11638 223
11648 239
11645 251
11640 248
11636 239
11636 227
11641 214
11650 205
11663 203
11682 211
11704 222
11724 238
11738 257
11736 267
11729 265
11719 259
11704 248
11687 233
11676 214
11683 198
11693 196
11706 206
11721 224
11737 247
11754 279
11766 314
11775 346
11779 377
11776 398
11769 396
11760 379
11750 354
11741 324
11737 294
11737 263
11740 237
11748 218
11763 212
11781 219
11799 231
11812 248
11822 259
11833 263
11844 256
11852 240
11848 224
11838 203
11822 187
11808 187
11803 191
11810 194
11823 196
11840 197
.PEN_UP
.PEN_DOWN
12097 172
12107 168
12117 168
12126 168
12141 170
12174 216
12179 240
12183 270
12183 298
12180 313
12178 307
12177 295
12177 277
12177 256
12177 233
12184 222
12196 228
12212 236
12230 248
12244 263
12253 273
12258 270
12260 259
12258 242
12253 220
12249 195
12245 179
12245 184
12248 195
12254 210
12263 233
12273 253
12285 259
12293 252
12299 238
12303 223
12307 206
12315 198
12327 204
12345 219
12365 239
12383 264
12401 299
12416 333
12427 365
12434 392
12432 398
12425 387
12413 368
12400 346
12387 318
12377 288
12371 259
12371 233
12375 211
12387 197
12403 194
12425 201
12448 212
12466 229
12472 244
12467 250
12459 244
12449 235
12440 220
12434 202
12439 183
12450 168
12465 165
12482 171
12503 181
12517 197
12527 218
12524 242
12515 259
12501 261
12487 254
12483 245
12489 236
12498 227
12511 220
12526 217
12546 217
.PEN_UP
.PEN_DOWN
12170 370
12182 372
.PEN_UP
.PEN_DOWN
12377 333
12394 336
12412 341
12426 341
12438 346
.PEN_UP
.PEN_DOWN
12794 202
12804 202
12814 202
12828 211
12843 228
12863 280
12870 302
12874 321
12876 328
12873 321
12868 307
12862 290
12856 267
12851 240
12848 215
12851 193
12860 187
12875 194
12894 211
12916 236
12939 270
12960 311
12979 350
12993 383
12994 403
12989 399
12983 384
12976 364
12967 334
12959 302
12955 269
12955 239
12960 222
12969 228
12981 239
12996 256
13008 277
13019 297
13031 312
13045 307
13058 298
13069 286
13072 267
13069 246
13059 223
13044 206
13025 197
13002 198
12986 205
12985 216
12994 225
13005 232
13023 234
13046 232
.PEN_UP
.PEN_DOWN
12875 387
12885 389
.PEN_UP
.PEN_DOWN
12953 358
12963 360
12972 365
12982 365
12997 370
13043 375
.PEN_UP
.PEN_DOWN
13381 118
13391 123
13400 128
13410 130
13417 142
13428 175
13433 186
13436 200
13437 221
13437 245
13437 268
13434 292
13427 308
13416 313
13405 302
13397 286
13393 266
13393 241
13396 217
13406 198
13421 183
13440 174
13462 172
13484 177
13504 190
13519 207
13530 230
13535 248
13534 241
13534 225
13534 204
13535 178
13542 158
13554 146
13572 152
13592 165
13611 183
13627 203
13642 216
13654 211
13663 196
13668 172
13665 144
13658 117
13645 112
13629 123
13615 139
13606 154
13610 176
13620 194
13635 196
13651 184
13667 163
13677 134
13677 95
13672 54
13663 26
13648 14
13631 17
13614 25
13600 38
13595 56
13598 77
13607 101
13620 125
13637 144
13657 163
13680 178
13704 194
13729 216
13750 238
13764 263
13768 288
13766 313
13762 339
13755 348
13747 339
13738 322
13730 296
13726 262
13722 219
13719 176
13717 142
13714 130
13713 141
13711 160
13713 185
13717 209
13726 223
13738 219
13750 208
13762 195
13771 178
13777 158
13787 140
13799 140
13814 152
13832 166
13847 187
13860 216
13869 254
13876 294
13882 333
13885 364
13887 369
13887 357
13885 337
13883 313
13880 280
13876 243
13875 209
13878 179
13886 158
13900 151
13919 158
13943 178
13966 206
13983 239
13995 282
14000 319
13999 350
13994 367
13984 356
13974 339
13962 309
13955 274
13953 233
13951 194
13950 168
13950 165
13950 177
13953 195
13959 212
13968 222
13983 215
14002 202
14021 185
14041 168
.PEN_UP
.PEN_DOWN
13532 323
.PEN_UP
.PEN_DOWN
13893 276
13915 281
13934 281
13951 281
13961 281
.PEN_UP
.PEN_DOWN
14303 145
14315 152
14327 169
14332 186
14339 215
14356 287
14359 304
14362 304
14364 293
14365 275
14367 251
14368 221
14368 191
14373 172
14381 174
14393 184
14409 203
14421 232
14431 257
14438 266
14443 254
14444 230
14444 203
14441 165
14434 117
14426 77
14411 41
14394 32
14378 42
14365 54
14358 70
14359 90
14365 112
14376 134
14391 149
14410 160
14432 167
14456 172
14477 181
14497 193
14512 213
14517 237
14512 255
14503 255
14490 244
14477 232
14464 213
14463 195
14471 179
14483 170
14498 167
14520 171
14542 177
14564 185
14584 195
14596 200
14603 205
14610 212
14620 223
14634 235
14643 246
14637 243
14627 236
14614 227
14601 213
14600 198
14608 184
14618 175
14631 178
14644 189
14655 206
14661 225
14662 241
14660 235
14658 222
14658 206
14662 191
14674 190
14688 199
14705 212
14720 229
14734 246
14749 263
14766 262
14783 255
14790 239
14785 217
14773 191
14761 165
14759 151
14765 147
14776 151
14790 158
14807 167
.PEN_UP
.PEN_DOWN
15095 271
15085 279
15068 271
15053 262
15041 257
15002 204
14992 186
14986 165
14991 141
14999 118
15013 105
15030 109
15051 121
15068 139
15079 161
15082 184
15079 210
15073 233
15062 241
15052 235
15044 224
15047 212
15057 201
15071 202
15090 214
15109 234
15132 261
15155 295
15174 330
15175 349
15165 338
15147 322
15125 292
15098 255
15074 211
15062 160
15061 117
15065 74
15073 37
15084 12
15098 0
15111 10
15122 30
15126 56
15123 87
15115 118
15104 140
15102 154
15108 164
15122 171
15141 179
15162 190
.PEN_UP
.PEN_DOWN
15380 154
15385 167
15388 181
15392 193
15395 215
15403 265
15414 271
15429 276
15449 273
15469 266
15486 255
15500 238
15502 214
15496 189
15486 164
15471 140
15452 124
15429 116
15413 121
15413 130
15420 136
15429 142
15441 150
15457 158
15473 171
15490 186
15505 205
15519 225
15531 244
15529 248
15523 243
15519 233
15516 218
15514 200
15517 178
15526 163
15540 158
15558 163
15579 176
15596 194
15609 216
15617 242
15613 260
15607 261
15601 249
15598 232
15598 220
15604 214
15616 215
15631 223
15644 236
15657 253
15668 271
15682 280
15697 275
15712 264
15724 249
15721 230
15712 211
15700 198
15682 190
15659 191
15646 194
15649 196
15659 198
15672 199
15693 202
15713 209
15735 225
15756 248
15771 276
15783 313
15791 347
15795 380
15797 411
15795 430
15791 422
15786 400
15779 374
15774 339
15771 299
15770 258
15772 220
15778 188
15793 174
15813 179
15839 192
15866 210
15890 231
15909 251
15914 253
15906 245
15892 233
15876 219
15862 199
15860 179
15868 164
15880 161
15894 166
15909 176
15923 191
15930 213
15934 236
15931 255
15924 258
15917 249
15911 235
15908 217
15911 194
15919 173
15931 166
15947 172
15963 187
15978 207
15986 224
15985 231
15983 224
15985 210
15988 193
15994 173
16005 159
16019 166
16031 178
16043 198
16052 222
16060 239
16069 231
16077 217
16082 200
16085 182
16085 170
16084 178
16083 191
16082 208
16084 221
16092 221
16104 211
16119 201
16140 194
16158 198
16173 210
16186 227
16195 248
16190 266
16182 266
16170 254
16154 240
16140 222
16144 200
16155 180
16168 168
16187 172
16206 182
16227 201
16245 222
16256 242
16255 244
16249 235
16240 222
16228 206
16222 186
16222 164
16227 147
16239 141
16253 147
16270 167
16290 195
16307 231
16321 277
16327 315
16325 346
16317 349
16306 334
16298 308
16297 278
16302 242
16311 207
16324 179
.PEN_UP
.PEN_DOWN
15712 325
15724 332
15734 335
15743 335
15753 335
15805 335
15823 336
15847 338
15873 341
.PEN_UP
.PEN_DOWN
16031 330
.PEN_UP
.PEN_DOWN
16602 235
16611 232
16621 247
16626 259
16626 247
16633 199
16632 181
16627 159
16620 136
16606 122
16588 124
16572 132
16559 143
16558 160
16564 179
16572 201
16583 214
16595 204
16607 184
16615 158
16611 124
16605 81
16596 44
16588 12
16580 4
16574 14
16573 32
16577 52
16585 78
16598 107
16611 133
16628 156
16644 178
16660 199
16678 217
16695 230
16713 238
16732 236
16746 228
16750 211
16748 193
16751 179
16759 171
16771 172
16787 177
16806 185
16823 197
16824 212
16817 223
16806 221
16796 209
16785 195
16780 176
16786 158
16796 145
16809 146
16826 154
16843 165
16852 184
16850 204
16843 226
16832 237
16825 233
16829 229
16837 223
16849 218
16866 219
16886 224
16908 234
16918 248
16913 261
16904 260
16893 249
16882 237
16875 222
16871 202
16876 185
16885 177
16898 179
16917 188
16935 201
16950 221
16960 237
16963 242
16962 233
16960 220
16960 205
16965 194
16974 194
16985 202
16999 216
17008 231
17012 237
17018 242
17028 245
17043 256
17061 272
17079 294
17093 327
17102 357
17108 387
17105 408
17099 410
17089 397
17079 378
17066 352
17055 314
17048 274
17046 233
17049 197
17059 172
17073 163
17092 169
17114 183
17132 209
17150 241
17166 287
17179 334
17185 373
17182 391
17177 375
17169 347
17159 311
17149 270
17142 222
17137 181
17136 153
17136 148
17139 163
17145 184
17156 209
17171 238
17187 253
17202 250
17216 237
17230 216
17243 190
.PEN_UP
.PEN_DOWN
17033 315
17048 315
17065 315
17087 315
17099 315
17142 324
.PEN_UP
.PEN_DOWN
17455 132
17460 142
17465 154
17467 171
17467 181
17481 228
17491 247
17503 270
17518 282
17533 272
17544 253
17552 227
17551 198
17547 162
17543 141
17539 152
17535 167
17535 187
17539 215
17547 244
17556 272
17567 281
17580 274
17595 258
17610 241
17624 220
17640 194
17657 177
17676 167
17696 171
17713 180
17727 193
17736 210
17740 230
17734 249
17726 258
17713 251
17700 240
17690 225
17694 208
17702 189
17715 172
17733 166
17753 168
17777 176
17795 190
17811 208
17822 230
17833 239
17842 234
17851 225
17860 210
17866 193
17876 175
17889 159
17906 157
17924 165
17943 180
17959 198
17971 225
17980 257
17988 288
17994 321
17998 349
18003 373
18008 395
18008 389
18005 372
18000 345
17994 307
17988 268
17983 226
17983 192
17986 166
17997 147
18012 141
18032 146
18052 154
.PEN_UP
.PEN_DOWN
17935 308
17955 313
17970 318
17999 318
18016 318
18062 323
.PEN_UP
.PEN_DOWN
17867 235
17857 220
17840 203
17828 181
17811 159
.PEN_UP
.PEN_DOWN
18240 98
18245 113
18252 125
18257 135
18262 149
18278 212
18284 235
18292 259
18304 274
18317 272
18329 258
18339 235
18343 206
18342 178
18338 153
18332 154
18328 169
18330 190
18337 217
18346 247
18361 267
18376 260
18389 241
18396 219
18399 193
18399 167
18397 155
18397 161
18401 169
18408 183
18418 201
18431 222
18445 233
18455 227
18461 217
18465 203
18465 185
18468 167
18476 151
18489 147
18506 155
18527 168
18546 183
18557 203
18553 221
18544 222
18533 214
18521 204
18511 190
18505 171
18508 149
18514 132
18526 125
18541 133
18556 147
18568 165
18573 188
18571 215
18566 232
18559 228
18552 218
18547 205
18550 188
18558 184
18570 189
18585 199
18603 214
18617 230
18627 233
18633 224
18635 206
18633 185
18632 163
18629 145
18629 147
18631 154
18635 166
18639 185
18644 198
18649 199
18652 191
18657 178
18666 164
18680 157
18699 163
18718 175
18736 194
18751 221
18765 258
18777 299
18787 340
18793 376
18796 401
18796 400
18793 384
18788 357
18781 320
18774 279
18769 238
18768 203
18769 176
18777 160
18791 163
18808 172
18828 192
18844 224
18856 263
18866 305
18873 341
18874 369
18870 373
18860 361
18850 336
18836 302
18822 260
18812 218
18809 184
18815 172
18825 177
18838 189
18853 207
18870 222
18883 224
18895 216
18906 201
.PEN_UP
.PEN_DOWN
18686 318
18703 323
18716 327
18730 330
18745 330
18798 327
18812 322
18829 318
.PEN_UP
.PEN_DOWN
18979 154
18979 171
18979 184
18984 174
.PEN_UP
