
.WRITER_ID ChristineStellina
.STYLE PRINTED
.PEN_DOWN
	64	388
	65	387
	65	386
	66	385
	66	384
	66	383
	67	382
	67	381
	67	379
	68	378
	68	376
	68	375
	69	375
	69	374
	69	373
	70	373
	71	373
	72	374
	74	375
	74	376
	75	377
	76	377
	76	378
	76	377
	76	376
	76	375
	76	374
	77	373
	78	373
	79	373
	80	373
	81	373
	82	374
	83	374
	85	377
	86	378
	86	379
	87	380
	87	381
	87	382
	87	383
	87	384
	87	385
	86	386
	86	387
	85	388
	84	389
	84	390
	83	390
.PEN_UP
.PEN_DOWN
	104	391
	103	391
	102	390
	102	389
	101	388
	100	386
	99	385
	99	384
	98	382
	98	381
	98	380
	98	379
	98	378
	99	377
	100	376
	101	376
	102	376
	103	376
	104	376
	105	377
	106	378
	107	379
	108	379
	109	381
	109	382
	109	383
	109	384
	109	385
	108	386
	107	386
	107	385
	107	384
	107	383
	107	382
	108	381
	108	380
	109	379
	110	379
	111	379
.PEN_UP
.PEN_DOWN
	131	392
	130	393
	129	393
	128	393
	127	393
	126	393
	125	392
	123	392
	123	391
	122	391
	122	390
	122	389
	123	388
	124	388
	125	387
	126	387
	127	386
	130	385
	131	384
	132	383
	133	383
	134	382
	135	382
	135	381
	135	380
	135	379
	135	378
	133	377
	132	377
	131	376
	130	376
	129	376
	128	375
	127	375
	126	375
.PEN_UP
.PEN_DOWN
	192	395
	191	394
	190	393
	189	392
	189	391
	188	390
	188	388
	187	387
	187	386
	187	384
	188	383
	189	382
	190	382
	191	382
	192	382
	193	382
	194	382
	196	382
	197	383
	198	383
	200	385
	200	386
	201	387
	201	388
	201	389
	201	390
	200	391
	200	392
	199	393
	199	394
	198	394
	197	394
	195	394
	193	394
	192	394
	191	393
	189	392
	188	392
	187	391
	186	390
	185	389
	185	388
.PEN_UP
.PEN_DOWN
	202	391
	203	390
	204	389
	204	388
	205	388
	205	387
	205	385
	206	384
	206	383
	207	381
	207	380
	207	379
	207	378
	207	379
	207	380
	207	381
	207	382
	207	383
	207	384
	207	386
	207	387
	207	388
	207	389
	208	390
	208	391
	209	392
	210	392
	211	392
	213	391
	214	390
	215	390
	216	389
	217	388
	218	387
	219	386
	219	385
	220	385
	220	384
	221	383
	221	382
	222	382
	222	381
.PEN_UP
.PEN_DOWN
	224	403
	223	403
	222	403
	222	402
	222	401
	223	400
	223	399
	223	398
	224	395
	224	393
	225	392
	225	391
	226	389
	227	388
	227	387
	228	385
	229	384
	230	383
	230	382
	231	381
	232	380
	232	379
.PEN_UP
.PEN_DOWN
	239	392
	239	391
	238	391
	238	390
	238	389
	239	388
	239	387
	239	386
	240	385
	241	384
	242	384
	243	384
	244	384
	246	385
	247	385
	248	386
	248	387
	249	388
	249	389
	248	388
	247	386
	247	385
	247	383
	246	382
	246	380
	245	379
	245	377
	245	375
	245	373
	245	370
	245	368
	245	366
	245	364
	245	363
	245	361
	246	360
	246	359
	247	359
	247	358
	249	358
.PEN_UP
.PEN_DOWN
	300	413
	300	412
	300	411
	301	409
	301	408
	302	406
	303	403
	303	401
	304	399
	304	397
	305	394
	305	393
	306	389
	306	388
	306	387
	306	386
	307	385
	307	384
.PEN_UP
.PEN_DOWN
	299	390
	300	390
	301	390
	303	391
	305	391
	306	392
	307	392
	309	392
	310	393
	311	393
	312	393
	313	394
	315	394
.PEN_UP
.PEN_DOWN
	321	391
	320	391
	320	390
	319	389
	319	388
	319	387
	319	386
	319	385
	319	384
	320	383
	321	383
	322	383
	323	383
	324	383
	325	383
	326	384
	328	385
	329	385
	330	386
	331	387
	331	388
	332	389
	332	391
	332	392
	332	393
	331	395
	330	396
	330	397
	329	397
	328	397
	326	397
	325	396
	323	395
	321	395
	318	393
	317	392
	316	391
	315	390
	315	389
.PEN_UP
.PEN_DOWN
	339	392
	338	392
	337	391
	337	390
	337	389
	337	388
	337	386
	337	385
	337	384
	338	383
	339	383
	340	383
	341	383
	342	383
	344	383
	346	383
	348	385
	348	386
	349	387
	349	388
	349	389
	349	390
	349	391
	348	392
	347	392
	345	392
	344	392
	343	392
	341	392
	340	391
	339	390
	338	389
	338	388
.PEN_UP
.PEN_DOWN
	385	386
	385	385
	385	384
	385	383
	385	381
	387	379
	388	376
	389	374
	389	372
	390	370
	390	368
	390	366
	391	364
	391	362
	391	361
	391	360
	391	359
	391	358
	391	359
	390	360
	390	361
	389	362
	388	364
	388	366
	388	368
	387	370
	387	374
	387	376
	387	378
	387	380
	387	382
	388	383
	388	385
	388	386
	388	387
	389	388
	390	389
	391	390
	391	391
	392	391
	392	390
	392	389
	392	387
	392	386
	391	385
	391	384
	390	383
	389	382
	388	381
	388	380
	387	380
	386	379
	385	379
.PEN_UP
.PEN_DOWN
	397	409
	397	407
	397	406
	398	405
	399	402
	399	401
	400	399
	400	397
	401	396
	402	394
	402	392
	403	391
	404	390
	404	388
	405	387
	405	386
	406	384
	406	383
.PEN_UP
.PEN_DOWN
	412	387
	413	386
	415	386
	416	386
	417	386
	418	386
	419	386
	420	386
	421	387
	423	387
	423	388
	424	388
	425	389
	425	390
	425	391
	425	392
	425	393
	423	394
	422	394
	421	394
	420	393
	419	392
	418	392
	416	389
	414	388
	414	387
	413	386
	412	385
	412	384
	412	383
	412	382
	412	381
	413	380
	413	379
	414	379
	416	378
	417	378
	418	378
.PEN_UP
.PEN_DOWN
	441	389
	440	389
	439	389
	438	389
	437	389
	436	389
	435	388
	434	388
	433	387
	433	386
	431	384
	431	383
	431	382
	431	381
	432	381
	433	381
	434	381
	435	381
	436	381
	439	383
	440	383
	441	384
	441	385
	442	385
	442	386
	442	387
	443	388
	442	387
	442	386
	442	385
	442	384
	442	383
	442	382
	442	381
	443	380
	443	379
	445	379
	445	378
.PEN_UP
.PEN_DOWN
	464	391
	463	391
	462	391
	461	391
	459	391
	458	391
	457	391
	456	391
	454	390
	454	389
	454	388
	456	387
	457	387
	458	386
	459	385
	462	383
	463	383
	464	382
	464	381
	464	380
	464	379
	463	379
	461	378
	460	378
	459	378
	458	378
	457	378
	456	379
	455	379
	454	379
	453	379
.PEN_UP
.PEN_DOWN
	474	386
	474	385
	475	385
	477	385
	478	385
	479	386
	481	386
	482	386
	482	387
	484	387
	485	388
	486	389
	487	390
	487	392
	486	393
	485	393
	484	393
	483	393
	482	392
	481	392
	480	391
	479	390
	478	389
	476	387
	476	386
	476	385
	476	384
	476	383
	476	382
	476	381
	476	380
	478	379
	481	378
.PEN_UP
.PEN_DOWN
	506	388
	505	388
	504	388
	503	389
	502	389
	501	389
	499	389
	498	389
	497	388
	496	388
	495	387
	495	386
	494	385
	493	384
	493	382
	493	381
	494	380
	495	379
	496	379
	497	379
	498	379
	499	379
	500	379
	501	379
	503	381
	503	382
	503	383
	503	385
	503	387
	503	389
	503	391
	503	394
	503	397
	503	399
	503	402
	503	404
	503	407
	503	408
	502	409
	502	408
	501	408
	501	407
	500	405
	500	403
	500	399
	501	397
	501	395
	502	393
	502	391
	503	389
	504	387
	504	385
	505	383
	506	382
	506	380
.PEN_UP
.PEN_DOWN
	553	399
	553	398
	553	396
	553	394
	554	393
	554	392
	554	390
	554	388
	554	387
	554	386
	554	385
	554	384
	554	383
	554	382
	555	381
.PEN_UP
.PEN_DOWN
	543	387
	544	387
	546	387
	548	388
	550	388
	552	388
	554	388
	557	388
	559	389
	561	389
	563	389
.PEN_UP
.PEN_DOWN
	573	388
	572	388
	572	386
	571	385
	570	383
	570	382
	570	381
	570	380
	571	379
	571	378
	572	378
	572	377
	574	377
	575	377
	577	378
	579	379
	580	380
	581	381
	581	382
	581	383
	581	385
	581	386
	580	387
	579	388
	578	388
	576	388
	574	388
	573	388
	571	388
	570	388
	569	387
.PEN_UP
