
.WRITER_ID Rosemary_Maselli
.STYLE PRINTED
.PEN_DOWN
	212	1726
	209	1733
	209	1733
	208	1733
	206	1729
	200	1722
	194	1709
	188	1696
	181	1679
	175	1662
	170	1643
	168	1625
	167	1608
	171	1596
	177	1585
	190	1582
	203	1585
	220	1596
	237	1609
	250	1628
	264	1652
	273	1679
	279	1706
	280	1733
	277	1753
	270	1770
	263	1781
	255	1784
	245	1783
	233	1776
	225	1766
	216	1753
	212	1730
	209	1709
	213	1686
	224	1668
	242	1656
	268	1653
	297	1657
.PEN_UP
.PEN_DOWN
	339	1665
	340	1663
	350	1662
	360	1659
	373	1659
	387	1663
	403	1670
	417	1679
	428	1690
	435	1699
	439	1702
	440	1706
	441	1707
	441	1706
	441	1699
	439	1686
	437	1672
	430	1656
	425	1645
	420	1633
	415	1622
	411	1618
	411	1615
	408	1613
	409	1613
	409	1615
	413	1618
	417	1625
	423	1632
	429	1645
	439	1663
	450	1675
	462	1690
	475	1700
	486	1706
	493	1706
	499	1707
	506	1706
	508	1701
	510	1696
	508	1686
	506	1673
	504	1662
	501	1649
	502	1636
	504	1628
	510	1619
	525	1618
.PEN_UP
.PEN_DOWN
	635	1640
	634	1639
	636	1635
	640	1635
	647	1635
	657	1637
	668	1640
	679	1646
	693	1659
	705	1669
	716	1686
	722	1700
	724	1712
	721	1723
	717	1726
	709	1726
	698	1723
	687	1717
	677	1706
	671	1692
	668	1676
	673	1659
	688	1645
	712	1635
	739	1635
	766	1639
.PEN_UP
.PEN_DOWN
	1053	1703
	1049	1696
	1047	1679
	1042	1672
	1040	1655
	1038	1645
	1036	1639
	1034	1636
	1034	1635
	1034	1635
	1035	1639
	1038	1647
	1042	1657
	1046	1671
	1049	1680
	1053	1686
	1055	1686
	1055	1686
	1058	1680
	1059	1669
	1062	1656
	1068	1645
	1075	1639
	1087	1633
	1100	1632
	1116	1639
	1129	1650
	1144	1669
	1155	1689
	1167	1719
	1178	1753
	1185	1784
	1187	1806
	1180	1823
	1172	1831
	1165	1831
	1154	1822
	1140	1808
	1127	1783
	1118	1759
	1111	1729
	1111	1702
	1118	1676
	1133	1661
	1155	1652
.PEN_UP
.PEN_DOWN
	1211	1646
	1219	1649
	1224	1655
	1232	1662
	1241	1672
	1254	1682
	1265	1697
	1273	1712
	1282	1723
	1286	1733
	1286	1737
	1287	1739
	1287	1739
	1284	1737
	1280	1733
	1276	1726
	1272	1717
	1269	1705
	1265	1693
	1265	1683
	1267	1672
	1272	1667
	1278	1665
	1286	1665
	1301	1673
	1315	1680
	1327	1690
	1339	1703
	1345	1717
	1351	1722
	1353	1726
.PEN_UP
.PEN_DOWN
	1353	1743
	1354	1743
	1353	1743
	1352	1743
	1348	1736
	1341	1727
	1334	1714
	1332	1702
	1327	1689
	1330	1676
	1336	1670
	1349	1666
.PEN_UP
.PEN_DOWN
	1459	1756
	1459	1757
	1461	1754
	1461	1748
	1459	1739
	1455	1726
	1451	1712
	1448	1699
	1448	1686
	1451	1675
	1453	1672
	1458	1666
	1471	1669
	1481	1675
	1493	1690
	1507	1706
	1518	1726
	1528	1743
	1536	1760
	1542	1769
	1544	1771
.PEN_UP
.PEN_DOWN
	1646	1740
	1647	1749
	1650	1756
	1648	1762
	1647	1765
	1644	1769
	1637	1766
	1628	1764
	1618	1756
	1604	1746
	1593	1733
	1583	1719
	1576	1706
	1575	1696
	1579	1689
	1582	1682
	1592	1685
	1602	1689
	1613	1696
	1626	1707
	1636	1720
	1645	1733
	1652	1743
	1654	1746
	1654	1746
	1652	1743
	1644	1736
	1639	1723
	1632	1712
	1629	1696
	1630	1689
	1635	1679
	1650	1676
.PEN_UP
.PEN_DOWN
	1749	1672
	1751	1669
	1752	1669
	1756	1672
	1762	1675
	1770	1682
	1779	1693
	1792	1710
	1803	1730
	1818	1753
	1829	1773
	1836	1794
	1844	1806
	1844	1817
	1844	1823
	1838	1823
	1829	1820
	1818	1813
	1805	1800
	1793	1783
	1786	1759
	1779	1736
	1779	1716
	1786	1696
	1796	1684
	1814	1682
	1832	1685
.PEN_UP
.PEN_DOWN
	270	1538
	269	1534
	270	1524
	268	1508
	266	1488
	264	1467
	258	1450
	251	1434
	244	1415
	235	1404
	226	1397
	217	1390
	211	1388
	206	1388
	200	1390
	197	1400
	197	1410
	198	1427
	206	1451
	214	1481
	227	1507
	238	1532
	253	1548
	268	1561
	288	1568
	306	1573
	320	1568
	331	1559
	339	1548
	346	1536
	344	1521
	338	1508
	325	1495
	307	1482
	287	1471
	267	1468
	250	1467
.PEN_UP
.PEN_DOWN
	373	1404
	380	1407
	389	1409
	401	1425
	415	1436
	429	1451
	445	1475
	460	1498
	468	1524
	478	1541
	485	1554
	484	1562
	484	1568
	484	1569
	482	1571
	475	1566
	468	1559
	461	1552
	454	1538
	445	1524
	438	1508
	432	1488
	431	1465
	434	1448
	443	1430
	458	1418
	476	1408
.PEN_UP
.PEN_DOWN
	674	1508
	671	1515
	665	1524
	658	1524
	646	1525
	633	1518
	621	1511
	612	1501
	606	1488
	599	1471
	597	1454
	597	1444
	603	1435
	614	1434
	626	1434
	638	1441
	648	1451
	659	1465
	672	1482
	679	1498
	685	1508
	686	1511
	687	1511
	681	1504
	674	1492
	669	1475
	664	1458
	664	1444
	669	1431
	680	1420
	698	1417
.PEN_UP
.PEN_DOWN
	918	1538
	917	1542
	913	1533
	912	1522
	908	1514
	904	1508
	900	1504
	900	1502
	899	1501
	899	1502
	901	1504
	904	1511
	908	1524
	910	1535
	909	1545
	906	1555
	901	1555
	891	1552
	878	1545
	867	1532
	858	1514
	852	1498
	852	1477
	859	1461
	873	1447
	894	1441
	921	1444
.PEN_UP
.PEN_DOWN
	1061	1447
	1064	1451
	1072	1454
	1086	1461
	1098	1467
	1110	1482
	1120	1495
	1128	1515
	1132	1532
	1131	1545
	1128	1552
	1120	1555
	1109	1553
	1098	1545
	1087	1528
	1081	1511
	1079	1491
	1084	1472
	1094	1457
	1116	1450
	1142	1448
	1169	1455
	1192	1462
.PEN_UP
.PEN_DOWN
	342	1336
	345	1340
	345	1343
	346	1343
	344	1340
	341	1331
	335	1316
	329	1294
	318	1266
	309	1237
	302	1213
	296	1192
	296	1176
.PEN_UP
.PEN_DOWN
	573	1326
	572	1327
	572	1324
	571	1310
	566	1294
	560	1273
	555	1253
	549	1239
	542	1226
	536	1216
	534	1212
	532	1210
	530	1210
	529	1214
	532	1222
	538	1239
	547	1259
	560	1286
	578	1316
	597	1344
	618	1359
	633	1367
	645	1367
	651	1364
	655	1351
	651	1336
	641	1323
	631	1307
	616	1294
	605	1286
	597	1283
	591	1280
	588	1279
	588	1283
	590	1286
	599	1293
	609	1300
	625	1310
	642	1313
	658	1313
	671	1310
	681	1303
	687	1294
	687	1276
	684	1260
	673	1239
	658	1219
	638	1206
	614	1192
	590	1185
	566	1185
	545	1193
	526	1206
.PEN_UP
.PEN_DOWN
	739	1201
	741	1206
	746	1206
	752	1208
	759	1216
	768	1223
	780	1230
	789	1239
	798	1250
	806	1266
	811	1276
	813	1289
	815	1297
	815	1303
	812	1310
	808	1310
	802	1306
	793	1300
	787	1288
	779	1273
	774	1256
	774	1237
	777	1219
	787	1206
	802	1193
	821	1190
.PEN_UP
.PEN_DOWN
	1029	1285
	1022	1296
	1019	1300
	1012	1303
	1005	1304
	995	1300
	984	1297
	973	1289
	962	1277
	954	1260
	947	1245
	943	1232
	943	1220
	947	1211
	956	1209
	971	1210
	985	1216
	999	1227
	1010	1242
	1025	1260
	1031	1276
	1034	1284
	1034	1286
	1033	1287
	1029	1279
	1021	1267
	1017	1253
	1012	1235
	1014	1219
	1025	1210
	1038	1203
.PEN_UP
.PEN_DOWN
	1265	1296
	1267	1305
	1267	1313
	1267	1320
	1262	1324
	1256	1323
	1247	1319
	1237	1316
	1226	1310
	1213	1296
	1206	1280
	1200	1263
	1200	1243
	1207	1227
	1218	1212
	1237	1206
	1265	1204
.PEN_UP
.PEN_DOWN
	1432	1367
	1425	1350
	1418	1330
	1411	1306
	1404	1276
	1396	1253
	1388	1236
	1384	1222
	1378	1216
	1375	1212
	1373	1213
	1373	1223
	1377	1232
	1385	1247
	1399	1259
	1412	1276
	1432	1286
	1447	1289
	1459	1289
	1468	1286
	1474	1280
	1474	1269
	1470	1256
	1468	1240
	1468	1227
	1474	1219
	1485	1210
	1505	1210
	1526	1216
.PEN_UP
.PEN_DOWN
	325	1107
	324	1108
	327	1098
	327	1082
	325	1065
	324	1044
	322	1022
	313	1004
	305	981
	294	967
	283	957
	274	954
	266	954
	257	958
	253	967
	249	981
	251	1000
	259	1021
	268	1048
	281	1076
	300	1099
	320	1119
	344	1132
	367	1139
	382	1135
	392	1128
	395	1112
	393	1095
	387	1078
	377	1059
	357	1044
	338	1032
	320	1028
	300	1025
.PEN_UP
.PEN_DOWN
	411	966
	415	967
	421	968
	428	971
	439	981
	449	994
	460	1011
	471	1035
	484	1065
	493	1091
	497	1116
	499	1129
	499	1139
	496	1142
	489	1138
	480	1133
	469	1122
	458	1106
	448	1086
	441	1058
	438	1031
	441	1012
	452	991
	465	975
	484	967
	502	964
	524	971
.PEN_UP
.PEN_DOWN
	614	1028
	614	1029
	614	1028
	610	1022
	606	1014
	607	1005
.PEN_UP
.PEN_DOWN
	260	881
	260	880
	259	880
	257	871
	252	851
	242	823
	225	789
	210	760
	197	736
	187	716
	184	706
.PEN_UP
.PEN_DOWN
	372	891
	368	884
	361	874
	353	857
	341	841
	333	821
	327	803
	320	786
	322	773
	328	763
	337	757
	350	757
	365	763
	378	777
	391	793
	400	816
	408	841
	408	863
	404	881
	397	891
	387	893
	374	883
.PEN_UP
.PEN_DOWN
	515	889
	515	887
	515	877
	508	870
	504	857
	498	846
	493	837
	488	830
	488	827
	487	826
	487	824
	488	826
	495	827
	504	830
	513	833
	522	836
	534	836
	547	836
	560	833
	569	830
	579	823
	584	813
	586	804
	581	790
	571	773
	555	760
	532	750
	510	740
	489	737
	471	739
	460	746
.PEN_UP
.PEN_DOWN
	524	893
	523	897
	526	897
	537	897
	557	897
	578	898
	599	899
	618	898
	633	901
	640	903
	646	904
	646	907
.PEN_UP
.PEN_DOWN
	826	918
	820	910
	818	900
	822	890
	828	881
	839	873
	852	873
	867	873
	882	881
	895	884
	904	891
	908	893
	910	896
	908	897
	904	897
	895	894
	880	888
	868	883
	854	873
	845	863
	843	857
	844	850
	847	846
	857	843
	867	846
	877	846
	885	850
	891	851
	893	853
	893	854
	891	857
	884	853
	869	846
	854	836
	839	823
	822	807
	813	788
	806	773
	807	760
	813	749
	824	743
	839	743
	858	746
	875	751
	889	757
.PEN_UP
.PEN_DOWN
	960	787
	956	786
	951	784
	947	773
.PEN_UP
.PEN_DOWN
	1163	897
	1164	898
	1161	893
	1154	881
	1150	870
	1144	855
	1140	844
	1135	836
	1133	834
	1133	830
	1133	833
	1133	830
	1135	833
	1138	836
	1144	840
	1151	845
	1159	850
	1168	850
	1180	851
	1189	847
	1200	841
	1208	836
	1215	826
	1222	817
	1224	807
	1219	793
	1209	780
	1195	766
	1177	757
	1157	752
	1138	751
	1122	756
	1109	763
	1098	770
.PEN_UP
.PEN_DOWN
	1161	918
	1167	920
	1181	924
	1200	924
	1224	927
	1245	927
.PEN_UP
.PEN_DOWN
	1351	903
	1347	901
	1343	898
	1338	893
	1334	890
	1331	890
	1328	890
	1327	890
	1327	894
	1329	897
	1336	901
	1344	903
	1355	903
	1369	901
	1381	897
	1394	890
	1403	877
	1407	861
	1405	843
	1396	820
	1379	800
	1356	779
	1330	763
	1306	752
	1284	749
	1271	752
	1267	756
	1269	763
	1282	770
	1304	779
	1329	786
	1356	783
	1375	776
	1392	766
	1404	758
	1412	750
	1420	743
.PEN_UP
.PEN_DOWN
	1487	833
	1488	836
	1487	836
	1488	834
	1485	824
	1481	806
	1474	787
	1468	766
	1464	753
	1460	749
	1459	744
	1460	747
	1460	747
	1464	756
	1473	766
	1483	783
	1496	796
	1512	809
	1528	823
	1545	830
	1559	833
	1565	830
	1568	824
	1565	813
	1561	800
	1554	787
	1552	773
	1552	763
	1559	756
	1567	753
	1585	756
.PEN_UP
.PEN_DOWN
	1755	901
	1753	893
	1748	880
	1742	863
	1736	844
	1729	826
	1725	813
	1719	800
	1715	793
	1713	788
	1711	787
	1711	786
	1712	787
	1713	790
	1717	796
	1720	806
	1724	814
	1726	824
	1726	833
	1725	841
	1721	844
	1714	846
	1704	844
	1691	841
	1676	830
	1662	816
	1650	803
	1641	790
	1639	776
	1641	768
	1646	763
	1656	759
	1672	760
	1691	763
	1710	769
	1723	769
.PEN_UP
.PEN_DOWN
	379	653
	371	653
	357	649
	338	631
	301	611
	286	602
	279	601
	277	602
	277	602
	277	602
	281	602
	292	601
	304	605
	318	609
	331	608
	346	609
	359	605
	369	598
	378	589
	385	575
	387	564
	385	549
	379	534
	368	517
	350	504
	329	491
	307	484
	287	478
	268	475
	248	478
	235	481
	223	491
	216	502
	214	512
	215	522
	220	524
	228	528
	238	530
	250	527
	260	522
	271	515
	283	505
	297	497
	313	495
.PEN_UP
.PEN_DOWN
	523	645
	525	659
	529	662
	532	663
	532	652
	527	633
	519	608
	510	579
	497	552
	487	532
	482	514
	482	502
	486	497
	495	494
	512	493
	533	497
	554	504
	572	512
	588	520
.PEN_UP
.PEN_DOWN
	471	601
	472	601
	484	602
	508	605
	536	608
	566	612
	595	615
.PEN_UP
.PEN_DOWN
	684	548
	679	548
	674	545
.PEN_UP
.PEN_DOWN
	411	343
	406	340
	400	339
	392	330
	380	323
	364	313
	283	299
	268	304
	259	313
.PEN_UP
.PEN_DOWN
	277	364
	286	380
	302	387
	324	393
	342	398
	359	397
	372	394
	381	387
	388	377
	389	361
	386	346
	380	326
	368	303
	353	283
	335	266
	316	252
	297	239
	277	233
	257	231
	238	230
	221	230
	204	233
	195	240
	187	246
	209	218
	180	272
	180	272
.PEN_UP
.PEN_DOWN
	188	273
	195	269
	200	263
	206	256
.PEN_UP
.PEN_DOWN
	500	339
	499	324
	493	310
	489	296
	486	280
	482	270
	475	261
	473	256
	474	256
	473	258
	475	266
	478	277
	484	290
	498	301
	507	317
	525	330
	540	340
	555	347
	571	353
	581	356
	588	352
	595	351
	601	347
	603	342
	603	334
	603	324
	599	310
	597	300
	595	289
	594	279
	599	271
	605	267
	619	267
.PEN_UP
.PEN_DOWN
	819	405
	817	397
	813	389
	806	369
	797	343
	785	310
	772	271
	756	233
	741	198
	731	168
	727	146
	724	132
	726	125
	731	122
	739	121
	749	130
	765	145
	776	161
	788	181
	798	209
	804	236
	805	263
	800	292
	793	314
	785	330
	774	340
	765	343
.PEN_UP
.PEN_DOWN
	850	272
	855	272
	869	278
	880	283
	895	293
	913	306
	928	318
	941	330
	952	343
	958	354
	960	360
	960	360
	962	361
	960	360
	955	350
	951	340
	947	330
	941	317
	938	303
	939	293
	943	283
	949	276
	962	277
	980	279
	999	290
.PEN_UP
.PEN_DOWN
	975	453
	977	454
	978	454
.PEN_UP
.PEN_DOWN
	1068	273
	1074	273
	1083	280
	1092	287
	1107	293
	1122	306
	1137	319
	1152	330
	1162	340
	1168	347
	1170	350
	1171	350
	1171	346
	1167	337
	1161	319
	1155	303
	1148	283
	1141	272
	1137	263
	1135	262
	1135	262
	1139	269
	1146	279
	1159	293
	1172	309
	1189	326
	1202	336
	1214	344
	1224	346
	1230	346
	1231	343
	1231	334
	1228	323
	1224	309
	1221	297
	1222	286
	1231	280
	1243	279
	1259	283
.PEN_UP
.PEN_DOWN
	1328	276
	1328	272
	1328	277
	1334	276
	1344	279
	1355	287
	1371	296
	1384	306
	1396	319
	1410	334
	1416	343
	1419	346
	1419	346
	1419	347
	1414	343
	1408	333
	1401	319
	1392	306
	1388	295
	1388	287
	1391	280
	1399	275
	1412	276
	1429	277
	1444	283
.PEN_UP
.PEN_DOWN
	1435	441
.PEN_UP
.PEN_DOWN
	1512	293
	1513	289
	1515	290
	1520	293
	1529	297
	1538	303
	1550	310
	1563	324
	1580	340
	1600	363
	1620	387
	1632	403
	1639	417
	1641	427
	1641	427
	1641	429
	1633	424
	1620	410
	1606	393
	1591	370
	1578	348
	1570	327
	1567	306
	1569	289
	1579	279
	1594	273
	1618	274
	1645	283
	1665	299
.PEN_UP
.PEN_DOWN
	1518	374
	1524	373
	1540	377
	1569	377
	1602	378
	1633	384
	1661	384
.PEN_UP
.PEN_DOWN
	1729	270
	1732	270
	1739	273
	1747	272
	1758	280
	1769	286
	1781	293
	1792	304
	1805	316
	1812	328
	1819	340
	1820	351
	1818	356
	1813	361
	1803	363
	1792	360
	1782	352
	1771	340
	1760	327
	1752	307
	1753	290
	1762	270
	1786	256
	1816	248
	1846	249
.PEN_UP
.PEN_DOWN
	315	101
	327	105
	344	109
	363	116
	389	123
	414	132
	437	148
	460	158
	480	174
	493	189
	500	195
	501	199
	500	201
	493	200
	484	196
	471	189
	460	175
	447	159
	434	138
	422	115
	408	91
	393	72
	379	59
	364	48
	348	38
	335	35
	326	34
	320	38
	318	43
	318	52
	327	61
	341	75
	363	86
	387	90
	417	91
	446	82
	465	68
	480	48
	489	27
	491	7
	491	-6
	491	-16
.PEN_UP
.PEN_DOWN
	627	133
	618	125
	614	115
	606	109
	597	95
	588	81
	581	68
	580	58
	582	48
	586	40
	599	38
	612	38
	626	44
	640	52
	654	62
	668	74
	679	88
	686	105
	689	121
	689	134
	685	146
	679	152
	670	156
	660	156
	652	155
	646	152
	640	148
	633	142
	631	129
	629	119
	631	106
	635	95
	645	89
	659	83
	679	81
.PEN_UP
.PEN_DOWN
	847	134
	847	132
	841	132
	834	126
	828	117
	820	108
	813	99
	807	85
	802	76
	802	65
	804	58
	808	48
	815	44
	825	42
	838	42
	852	48
	867	57
	880	64
	891	76
	901	92
	908	106
	913	119
	912	132
	908	142
	900	152
	887	155
	871	158
	859	157
	847	152
	841	145
	837	133
	841	121
	849	107
	863	95
	885	88
	914	86
	943	85
.PEN_UP
.PEN_DOWN
	1004	116
	1007	109
	1014	98
	1024	89
	1035	85
	1051	82
	1070	81
	1088	84
	1103	91
	1118	98
	1128	105
	1135	108
	1135	109
	1135	108
	1133	101
	1127	91
	1122	75
	1118	57
	1109	35
	1101	12
	1094	-9
	1088	-24
	1082	-35
	1079	-40
	1075	-40
	1072	-35
	1072	-25
	1072	-13
	1079	6
	1086	31
	1100	59
	1122	89
	1144	111
	1167	123
	1189	129
	1204	128
	1213	121
	1217	107
	1213	90
	1202	79
	1187	68
	1165	62
	1142	61
	1120	65
	1102	75
.PEN_UP
