
.WRITER_ID Rosemary_Maselli
.STYLE PRINTED
.PEN_DOWN
	258	1781
	255	1780
	251	1774
	241	1756
	231	1737
	221	1713
	211	1692
	206	1669
	205	1649
	208	1632
	221	1622
	235	1615
	255	1616
	279	1629
	302	1645
	320	1666
	339	1692
	348	1728
	357	1756
	354	1783
.PEN_UP
.PEN_DOWN
	316	1826
	301	1824
	288	1813
	279	1800
	272	1783
	273	1766
	279	1746
	292	1725
	311	1712
	331	1703
	359	1702
.PEN_UP
.PEN_DOWN
	436	1669
	443	1665
	450	1661
	462	1662
	483	1670
	501	1679
	521	1692
	562	1782
	562	1793
	562	1793
	553	1786
	542	1770
	534	1750
	525	1719
	511	1683
	498	1645
	479	1603
	462	1561
	447	1528
	439	1498
	434	1478
	432	1464
	435	1457
	443	1457
	456	1466
	474	1485
	491	1504
	507	1525
	519	1551
	527	1576
	531	1599
	530	1623
	521	1645
	512	1659
	504	1670
	499	1672
	495	1673
	497	1671
.PEN_UP
.PEN_DOWN
	616	1669
	620	1662
	629	1658
	643	1662
	665	1669
	687	1675
	707	1690
	731	1706
	770	1759
	772	1769
	772	1776
	769	1777
	765	1774
	757	1763
	751	1743
	741	1716
	727	1682
	713	1646
	699	1608
	686	1576
	673	1549
	668	1524
	664	1508
	664	1502
	668	1498
	680	1502
	700	1514
	718	1528
	733	1542
	748	1562
	759	1581
	765	1604
	762	1629
	754	1655
	744	1675
	731	1690
	722	1699
	717	1700
.PEN_UP
.PEN_DOWN
	862	1650
	862	1649
	863	1649
	869	1649
	880	1652
	891	1660
	904	1666
	917	1676
	929	1690
	939	1703
	945	1717
	949	1722
	949	1722
	949	1723
	945	1720
	938	1712
	930	1700
	925	1686
	922	1669
	921	1655
	924	1642
	934	1633
	954	1628
	980	1629
.PEN_UP
.PEN_DOWN
	1072	1796
	1072	1793
.PEN_UP
.PEN_DOWN
	1226	1726
	1224	1722
	1222	1716
	1220	1710
	1221	1707
	1221	1706
	1222	1706
	1224	1707
	1229	1712
	1232	1719
	1233	1727
	1234	1736
	1233	1743
	1228	1750
	1221	1753
	1213	1754
	1201	1749
	1187	1739
	1177	1729
	1165	1712
	1159	1694
	1158	1675
	1164	1657
	1178	1643
	1202	1639
	1230	1642
	1259	1646
.PEN_UP
.PEN_DOWN
	1323	1652
	1327	1652
	1336	1655
	1349	1662
	1361	1669
	1374	1677
	1386	1692
	1395	1709
	1401	1720
	1402	1734
	1401	1739
	1396	1743
	1387	1743
	1377	1737
	1369	1728
	1360	1717
	1353	1700
	1349	1681
	1351	1665
	1360	1655
	1377	1649
	1401	1648
.PEN_UP
.PEN_DOWN
	1488	1664
	1492	1668
	1498	1670
	1511	1675
	1524	1686
	1541	1700
	1561	1717
	1579	1730
	1591	1743
	1593	1750
	1594	1752
	1591	1750
	1585	1743
	1580	1735
	1580	1726
	1583	1716
	1587	1710
	1595	1703
	1602	1699
	1604	1696
	1604	1696
	1601	1689
	1588	1680
	1574	1673
	1563	1665
	1559	1659
	1561	1652
	1576	1646
	1605	1645
	1639	1652
	1671	1662
	1698	1679
	1713	1709
.PEN_UP
.PEN_DOWN
	202	1361
	197	1337
	194	1307
	189	1273
	184	1239
	174	1209
	167	1183
	158	1166
	150	1156
	145	1155
	140	1163
	138	1180
	132	1206
	137	1234
	157	1277
	165	1330
	193	1390
	222	1432
	251	1455
	279	1462
	305	1464
	322	1451
	326	1424
	320	1390
	305	1357
	285	1331
	261	1313
	234	1305
	208	1303
	191	1310
.PEN_UP
.PEN_DOWN
	307	1296
	302	1286
	296	1270
	291	1260
	285	1246
	279	1232
	277	1219
	277	1206
	281	1199
	287	1195
	299	1196
	313	1206
	333	1215
	347	1229
	365	1249
	400	1310
	400	1310
	395	1309
	389	1300
	385	1289
	382	1273
	377	1257
	374	1240
	371	1223
	374	1212
	380	1202
	392	1199
	414	1206
.PEN_UP
.PEN_DOWN
	586	1394
	580	1383
	575	1370
	568	1351
	562	1329
	551	1310
	543	1294
	538	1279
	533	1269
	529	1263
	529	1260
	530	1260
	530	1259
	532	1263
	540	1274
	548	1284
	560	1294
	571	1307
	579	1316
	590	1321
	599	1324
	608	1324
	612	1320
	617	1310
	619	1299
	618	1287
	615	1270
	614	1253
	606	1243
	599	1232
	588	1221
	577	1212
	562	1211
	548	1210
	533	1211
	519	1216
	510	1220
	504	1226
	502	1230
	508	1235
.PEN_UP
.PEN_DOWN
	865	1394
	861	1404
	856	1404
	847	1402
	839	1394
	828	1381
	819	1364
	807	1343
	800	1321
	793	1297
	787	1277
	785	1255
	785	1242
	791	1229
	800	1223
	818	1222
	844	1229
.PEN_UP
.PEN_DOWN
	683	1220
	683	1222
	692	1224
	705	1230
	724	1240
	743	1250
	763	1263
	785	1280
	809	1304
	832	1330
	852	1354
	867	1377
	878	1398
	884	1410
	888	1420
	891	1424
	891	1427
	890	1430
.PEN_UP
.PEN_DOWN
	954	1229
	962	1237
	971	1242
	982	1248
	994	1260
	1008	1273
	1022	1287
	1031	1297
	1036	1307
	1038	1307
	1038	1309
	1035	1308
	1029	1304
	1022	1297
	1018	1287
	1011	1274
	1010	1259
	1010	1245
	1014	1237
	1023	1227
	1038	1222
	1060	1222
	1084	1227
.PEN_UP
.PEN_DOWN
	1068	1421
	1068	1424
	1068	1425
.PEN_UP
.PEN_DOWN
	1182	1229
	1185	1230
	1195	1236
	1206	1242
	1219	1250
	1237	1263
	1258	1277
	1286	1303
	1306	1324
	1321	1326
	1324	1333
	1327	1330
	1325	1320
	1319	1310
	1317	1300
	1315	1293
	1313	1287
	1312	1287
	1313	1289
	1316	1293
	1323	1300
	1327	1312
	1328	1321
	1325	1330
	1321	1334
	1308	1336
	1293	1331
	1278	1323
	1265	1310
	1258	1294
	1258	1277
	1267	1259
	1285	1243
	1316	1236
	1353	1236
	1388	1240
	1423	1247
	1448	1260
.PEN_UP
.PEN_DOWN
	268	1105
	268	1108
	268	1109
	266	1099
	259	1072
	250	1041
	240	1008
	231	974
	225	948
	218	931
	215	919
	212	918
	210	918
	208	924
	209	944
	214	967
	223	998
	235	1031
	253	1068
	274	1105
	298	1132
	321	1152
	340	1156
	357	1149
	367	1138
	374	1123
	372	1102
	365	1078
	354	1055
	341	1038
	331	1025
	317	1018
	307	1018
	299	1018
	292	1018
	290	1018
	288	1018
	289	1008
	294	991
	308	971
	326	948
	349	924
	377	910
	410	901
.PEN_UP
.PEN_DOWN
	452	938
	454	935
	461	935
	467	940
	478	945
	488	958
	501	967
	512	984
	523	999
	532	1018
	542	1041
	547	1055
	547	1065
	545	1068
	540	1071
	529	1063
	518	1054
	506	1039
	495	1015
	488	995
	485	975
	489	954
	499	940
	518	931
	547	930
.PEN_UP
.PEN_DOWN
	644	930
	651	934
	659	942
	668	954
	681	967
	699	987
	715	1015
	737	1040
	754	1075
	761	1091
	761	1106
	757	1108
	753	1109
	741	1106
	729	1098
	719	1082
	707	1059
	699	1034
	689	1008
	685	981
	686	957
	694	940
	709	935
	731	934
.PEN_UP
.PEN_DOWN
	876	1023
	878	1034
	878	1042
	873	1045
	865	1044
	854	1042
	844	1034
	832	1022
	819	1008
	807	992
	799	972
	795	957
	797	948
	804	941
	813	940
	828	948
	844	961
	858	974
	868	988
	876	1005
	878	1011
	878	1012
	875	1008
	867	998
	860	984
	859	974
	860	965
	866	953
	880	951
	904	956
.PEN_UP
.PEN_DOWN
	1077	1129
	1079	1125
	1079	1115
	1070	1095
	1059	1068
	1046	1039
	1034	1011
	1021	987
	1014	971
	1009	958
	1010	952
.PEN_UP
.PEN_DOWN
	975	1091
	975	1081
	984	1074
	995	1069
	1014	1072
	1038	1074
	1064	1079
	1089	1083
	1109	1085
	1125	1086
	1131	1081
	1135	1078
	1133	1071
	1131	1065
	1129	1058
	1133	1051
.PEN_UP
.PEN_DOWN
	1124	967
	1126	967
	1131	967
	1139	974
	1152	978
	1167	984
	1181	994
	1195	1008
	1209	1025
	1221	1041
	1231	1052
	1232	1052
	1231	1052
	1224	1052
	1215	1041
	1206	1032
	1198	1018
	1191	1008
	1189	997
	1189	987
	1196	978
	1205	975
	1219	974
	1234	978
	1245	973
.PEN_UP
.PEN_DOWN
	1297	1142
	1295	1142
.PEN_UP
.PEN_DOWN
	1407	1076
	1403	1075
	1399	1071
	1392	1061
	1382	1051
	1371	1038
	1358	1025
	1348	1014
	1343	1001
	1340	988
	1342	982
	1349	977
	1360	974
	1372	977
	1386	985
	1396	995
	1406	1008
	1414	1025
	1422	1044
	1425	1065
	1425	1081
	1421	1091
	1411	1092
	1399	1095
	1390	1089
	1380	1082
	1375	1072
	1373	1062
	1375	1048
	1384	1034
	1401	1028
	1425	1023
	1447	1024
.PEN_UP
.PEN_DOWN
	1526	1066
	1527	1061
	1522	1051
	1514	1038
	1505	1021
	1496	1005
	1489	996
	1487	988
	1485	983
	1485	984
	1490	987
	1496	992
	1505	1001
	1514	1012
	1526	1024
	1541	1039
	1554	1051
	1567	1062
	1572	1064
	1575	1064
	1576	1060
	1574	1051
	1568	1038
	1564	1028
	1561	1015
	1561	1000
	1565	991
	1576	987
	1595	985
.PEN_UP
.PEN_DOWN
	1662	967
	1665	967
	1669	974
	1673	981
	1682	992
	1695	1005
	1713	1022
	1729	1041
	1747	1055
	1760	1065
	1766	1068
	1768	1068
	1771	1068
	1769	1062
	1766	1055
	1760	1041
	1758	1028
	1753	1014
	1747	1002
	1742	991
	1736	982
	1728	975
	1721	971
	1714	971
	1708	975
	1701	981
	1697	984
	1695	985
	1695	985
	1695	985
	1697	982
	1708	982
	1724	982
	1745	984
	1766	991
	1792	1001
	1816	1018
	1838	1039
	1846	1059
.PEN_UP
.PEN_DOWN
	389	679
	389	682
	385	679
	376	665
	369	653
	361	635
	354	618
	348	605
	344	598
	344	598
	344	598
	346	599
	353	612
	361	632
	374	651
	385	679
	393	702
	395	719
	392	726
	380	730
	361	722
	334	705
	306	676
	274	643
	240	598
	217	561
	204	528
	210	505
	235	491
	281	491
	337	505
	390	518
.PEN_UP
.PEN_DOWN
	595	652
	597	653
	595	653
	588	645
	575	629
	560	608
	545	585
	533	565
	526	548
	521	531
	524	518
	532	512
	545	507
	562	515
	579	524
	597	538
	610	555
	625	577
	635	608
	645	636
	647	653
	644	669
	635	678
	627	683
	614	686
	602	682
	592	669
	586	655
	584	642
	584	625
	592	608
	610	598
	633	592
.PEN_UP
.PEN_DOWN
	775	627
	767	622
	758	611
	747	598
	735	585
	727	569
	720	552
	718	541
	720	531
	728	524
	741	523
	757	524
	774	531
	787	538
	798	548
	806	558
	813	575
	817	591
	821	611
	826	630
	819	645
	815	653
	802	653
	794	652
	786	649
	782	646
	778	638
	779	629
	781	619
	789	609
	795	594
	805	585
	819	578
	836	578
.PEN_UP
.PEN_DOWN
	904	521
	910	530
	921	538
	936	551
	952	570
	971	585
	990	608
	1000	622
	1004	628
	1006	627
	1007	626
	1006	619
	1007	609
	1010	601
	1012	589
	1016	581
	1023	575
	1025	570
	1027	564
	1025	558
	1020	549
	1012	541
	1003	532
	994	520
	994	514
	994	508
	1003	502
	1018	497
	1042	497
.PEN_UP
.PEN_DOWN
	1215	563
	1224	583
	1225	589
	1222	595
	1212	595
	1202	593
	1186	581
	1169	568
	1154	548
	1139	528
	1128	511
	1124	494
	1126	485
	1133	478
	1148	481
	1167	494
	1187	507
	1207	530
	1228	558
	1250	592
	1267	619
	1275	639
	1275	648
	1273	653
	1265	648
	1252	636
	1237	616
	1221	586
	1208	559
	1200	531
	1200	508
	1211	492
	1228	481
	1256	477
.PEN_UP
.PEN_DOWN
	1312	486
	1319	491
	1325	497
	1335	504
	1347	519
	1361	532
	1375	548
	1386	564
	1392	572
	1397	575
	1399	579
	1399	578
	1397	579
	1392	572
	1386	563
	1379	551
	1373	540
	1364	528
	1358	515
	1355	502
	1356	491
	1364	484
	1380	481
	1401	483
.PEN_UP
.PEN_DOWN
	1485	557
	1481	551
	1476	539
	1468	521
	1460	507
	1453	494
	1451	485
	1448	479
	1447	477
	1449	477
	1448	477
	1451	485
	1455	495
	1461	505
	1471	518
	1483	532
	1496	544
	1509	555
	1520	558
	1527	559
	1531	555
	1533	549
	1531	538
	1524	525
	1518	511
	1513	495
	1509	485
	1511	475
	1520	471
.PEN_UP
.PEN_DOWN
	1660	565
	1652	565
	1645	565
	1632	554
	1617	544
	1600	525
	1587	508
	1579	495
	1576	485
	1578	476
	1587	474
	1600	477
	1615	484
	1628	493
	1641	507
	1652	521
	1656	525
	1656	528
	1650	526
	1641	518
	1635	504
	1630	495
	1628	484
	1633	475
	1645	471
.PEN_UP
.PEN_DOWN
	1775	625
	1767	611
	1758	591
	1743	569
	1727	544
	1713	521
	1700	501
	1694	491
	1693	481
	1693	481
.PEN_UP
.PEN_DOWN
	1684	622
	1691	622
	1708	618
	1727	615
	1747	610
	1762	605
	1773	597
	1779	591
	1777	581
	1769	571
	1762	558
.PEN_UP
.PEN_DOWN
	1771	498
	1760	491
	1751	481
	1742	468
	1736	457
	1732	447
	1730	441
	1734	437
	1739	437
	1749	441
	1760	447
	1773	458
	1785	471
	1796	491
	1807	504
	1812	515
	1810	524
	1807	531
	1801	531
	1796	531
	1791	531
	1786	528
	1782	520
	1779	514
	1777	504
	1775	494
	1775	487
	1775	478
	1777	474
	1785	471
	1796	475
	1807	477
	1821	484
	1833	495
.PEN_UP
.PEN_DOWN
	1747	350
	1755	354
	1771	367
	1790	382
	1809	401
	1827	417
	1831	418
	1829	418
	1822	414
	1812	408
	1804	398
	1799	391
	1799	383
	1801	380
	1806	373
	1812	371
	1818	364
	1821	360
	1820	356
	1816	351
	1809	344
	1801	340
	1792	333
	1786	326
	1782	319
	1782	310
	1779	306
	1780	296
	1782	293
	1788	289
.PEN_UP
.PEN_DOWN
	340	42
	340	48
	350	66
	364	97
	385	132
	408	179
	428	223
	443	257
	444	273
	442	276
	428	272
	411	252
	385	220
	358	182
	326	132
	300	89
	283	51
	274	23
	277	4
	292	-2
	318	7
	350	28
	382	55
	410	89
	432	121
	441	144
	440	155
	434	155
	421	145
	406	126
	395	98
	385	61
	389	35
	404	17
.PEN_UP
.PEN_DOWN
	586	15
	595	31
	615	52
	640	85
	669	120
	697	154
	709	169
	711	171
	709	169
	702	146
	693	125
	692	109
	696	95
	702	88
	712	81
	722	81
	728	76
	731	74
	730	68
	720	59
	709	48
	696	34
	687	21
	686	8
	692	1
	709	-2
	740	5
.PEN_UP
.PEN_DOWN
	1017	177
	1014	179
	1007	173
	994	152
	984	131
	968	105
	954	79
	943	54
	938	31
	941	14
	952	-2
	971	-9
	999	-9
	1029	-2
	1053	11
.PEN_UP
.PEN_DOWN
	880	88
	875	81
	882	79
	907	79
	945	82
	986	85
	1027	89
	1060	89
	1079	88
	1088	85
	1089	85
	1090	85
	1089	85
	1086	85
.PEN_UP
