
.WRITER_ID Todd_Sachs
.STYLE MIXED

.PEN_DOWN
617 15654
616 15655
611 15654
610 15654
609 15651
608 15641
606 15630
607 15615
609 15599
615 15581
621 15566
628 15559
639 15556
652 15556
668 15566
682 15581
696 15596
711 15614
726 15634
736 15654
746 15680
755 15705
759 15728
762 15748
759 15762
752 15774
739 15780
726 15780
711 15780
700 15775
694 15772
693 15771
693 15771
698 15767
709 15764
727 15762
751 15761
779 15761
803 15758
825 15758
840 15758
849 15757
855 15756
859 15754
.PEN_UP
.PEN_DOWN
1004 15666
1002 15666
997 15667
993 15667
983 15664
972 15657
961 15644
954 15634
948 15624
948 15614
951 15607
962 15605
976 15612
990 15621
1002 15636
1013 15651
1018 15663
1020 15670
1021 15676
1021 15676
1021 15676
1021 15676
1024 15673
1028 15663
1034 15652
1044 15641
1055 15631
1067 15624
1076 15617
1085 15612
1091 15612
.PEN_UP
.PEN_DOWN
1360 15690
1358 15690
1358 15692
1356 15694
1354 15696
1349 15696
1339 15696
1328 15689
1314 15679
1302 15667
1293 15656
1284 15643
1280 15631
1279 15619
1282 15608
1288 15599
1297 15592
1312 15585
1330 15585
1347 15585
1367 15591
1383 15595
1397 15602
.PEN_UP
.PEN_DOWN
1549 15762
1549 15762
1547 15761
1545 15757
1540 15751
1536 15738
1531 15722
1529 15699
1526 15675
1524 15648
1520 15625
1520 15605
1521 15595
1521 15589
1522 15587
1524 15589
.PEN_UP
.PEN_DOWN
1556 15689
1559 15691
1568 15696
1583 15700
1599 15705
1612 15715
1627 15722
1641 15731
1653 15739
1664 15742
1669 15745
1669 15745
.PEN_UP
.PEN_DOWN
1548 15696
1549 15690
1553 15680
1560 15671
1575 15657
1591 15647
1608 15634
1623 15624
1638 15612
1646 15604
1652 15599
1656 15595
1658 15595
.PEN_UP
.PEN_DOWN
589 15240
589 15224
598 15206
604 15197
615 15190
628 15188
642 15187
658 15193
676 15206
693 15220
709 15242
723 15265
738 15288
746 15312
750 15337
751 15354
746 15368
736 15379
723 15387
707 15388
692 15387
681 15387
674 15387
672 15386
672 15386
673 15383
680 15380
695 15378
718 15380
741 15381
765 15382
786 15384
801 15383
812 15383
818 15383
825 15383
829 15383
.PEN_UP
.PEN_DOWN
913 15253
929 15268
945 15285
958 15301
963 15314
964 15321
956 15324
891 15298
871 15282
857 15263
846 15249
842 15233
845 15220
853 15210
869 15206
887 15206
908 15206
928 15207
947 15210
963 15210
978 15212
989 15214
.PEN_UP
.PEN_DOWN
1126 15279
1125 15279
1122 15275
1120 15265
1122 15254
1122 15236
1124 15217
1126 15201
1127 15192
1127 15191
1127 15191
1127 15197
1129 15210
1132 15220
1136 15237
1142 15252
1150 15263
1159 15272
1168 15281
1178 15285
1189 15288
1201 15288
1209 15285
1218 15279
1225 15272
1231 15265
1234 15256
1236 15246
1235 15233
1234 15227
1231 15220
1230 15217
.PEN_UP
.PEN_DOWN
1358 15272
1353 15259
1352 15245
1349 15232
1350 15216
1350 15210
1352 15210
1354 15210
1356 15222
1360 15239
1364 15255
1367 15271
1373 15282
1381 15290
1387 15294
1394 15295
1402 15299
1411 15298
1417 15295
1425 15291
1432 15282
1439 15272
1444 15259
1446 15246
1448 15230
1448 15217
1450 15210
.PEN_UP
.PEN_DOWN
1586 15270
1585 15269
1586 15269
1588 15263
1593 15259
1601 15249
1608 15239
1618 15227
1630 15217
1640 15204
1652 15198
.PEN_UP
.PEN_DOWN
1728 15297
1728 15294
1726 15294
1723 15285
1715 15272
1710 15251
1699 15226
1684 15188
1660 15144
1632 15096
1604 15050
1584 15021
1576 15007
1577 15002
1582 15003
.PEN_UP
.PEN_DOWN
580 14897
580 14897
580 14897
582 14897
582 14894
584 14887
584 14875
584 14857
584 14832
583 14803
582 14776
580 14751
580 14734
580 14721
.PEN_UP
.PEN_DOWN
599 14809
600 14809
609 14812
619 14819
635 14831
653 14849
674 14865
693 14884
709 14900
722 14908
.PEN_UP
.PEN_DOWN
621 14842
622 14836
628 14826
635 14815
644 14802
654 14787
663 14774
673 14764
681 14758
687 14751
.PEN_UP
.PEN_DOWN
878 14816
878 14816
869 14809
858 14800
844 14787
833 14774
825 14760
821 14751
821 14740
825 14731
831 14727
842 14730
852 14736
862 14747
871 14763
879 14780
884 14793
886 14802
886 14809
884 14809
884 14811
884 14812
884 14809
883 14810
886 14806
890 14800
897 14793
908 14786
921 14776
932 14764
943 14757
954 14750
962 14747
967 14741
969 14738
973 14734
974 14731
974 14731
.PEN_UP
.PEN_DOWN
1126 14822
1122 14823
1122 14822
1120 14815
1122 14803
1125 14790
1129 14774
1131 14756
1135 14741
1134 14734
1134 14735
1133 14734
1131 14738
1130 14752
1130 14767
1129 14783
1129 14800
1131 14812
1137 14824
1144 14835
1152 14841
1159 14842
1165 14841
1172 14835
.PEN_UP
.PEN_DOWN
1311 14776
1311 14774
1314 14770
1325 14770
1339 14776
1356 14783
1378 14793
1395 14809
1408 14822
1418 14831
1422 14844
1417 14851
1401 14852
1379 14847
1352 14835
1328 14819
1302 14803
1286 14786
1274 14767
1269 14750
1273 14738
1284 14731
1301 14730
1321 14730
1341 14731
1360 14733
1378 14737
1395 14743
1411 14751
.PEN_UP
.PEN_DOWN
1524 14831
1524 14822
1525 14809
1524 14790
1523 14769
1524 14746
1525 14730
1526 14721
1527 14721
1527 14724
1527 14734
1531 14750
1534 14764
1539 14778
1546 14789
1555 14800
1565 14809
1575 14815
1586 14819
1594 14820
1606 14819
1617 14816
1630 14812
1642 14803
1651 14790
1658 14775
1660 14760
1658 14747
1658 14738
1656 14734
1656 14731
.PEN_UP
.PEN_DOWN
580 14461
580 14461
578 14461
578 14460
578 14454
582 14443
582 14427
584 14402
584 14366
582 14329
579 14298
577 14278
576 14267
579 14261
.PEN_UP
.PEN_DOWN
581 14372
584 14372
595 14375
609 14386
626 14399
646 14418
665 14434
680 14449
692 14461
700 14469
.PEN_UP
.PEN_DOWN
624 14396
621 14386
623 14372
630 14359
638 14339
648 14319
658 14304
665 14294
674 14288
678 14284
.PEN_UP
.PEN_DOWN
826 14368
823 14368
823 14362
825 14352
831 14339
838 14322
848 14304
859 14290
871 14275
882 14268
892 14266
.PEN_UP
.PEN_DOWN
973 14390
969 14391
963 14386
956 14372
950 14350
941 14320
929 14289
918 14251
905 14216
892 14183
881 14163
876 14147
875 14140
877 14138
.PEN_UP
.PEN_DOWN
1127 14477
1129 14479
1131 14474
1131 14460
1131 14441
1130 14421
1126 14396
1122 14375
1116 14352
1109 14330
1101 14313
.PEN_UP
.PEN_DOWN
1214 14355
1221 14352
1233 14352
1245 14356
1261 14368
1275 14384
1285 14398
1290 14408
1289 14418
1282 14424
1265 14424
1245 14415
1225 14404
1208 14389
1192 14373
1184 14356
1180 14340
1179 14323
1183 14305
1194 14294
1209 14287
1227 14281
1253 14278
1278 14278
1302 14280
1324 14284
1343 14290
1356 14299
.PEN_UP
