
.WRITER_ID MaryWilliams
.STYLE PRINTED
.PEN_DOWN
	76	443
	76	442
	75	442
	75	441
	75	439
	75	437
	75	436
	75	433
	75	431
	75	429
	75	427
	75	424
	75	422
	76	421
	76	419
	77	419
	77	418
	78	417
	78	416
	79	416
	80	416
	81	416
	82	417
	83	417
	84	418
	85	419
	86	420
	88	422
	89	423
	89	424
	90	425
	91	425
	91	426
	91	427
	91	428
	91	429
.PEN_UP
.PEN_DOWN
	68	424
	68	423
	68	424
	69	424
	69	425
	70	425
	71	426
	72	426
	72	427
	74	428
	75	429
	76	431
	77	431
	78	432
	79	433
	80	434
	81	434
	81	435
	81	434
.PEN_UP
.PEN_DOWN
	85	434
	85	433
	85	432
	86	431
	86	429
	86	427
	86	426
	87	424
	87	422
	87	421
	87	420
	87	419
	87	418
	87	417
	87	418
	87	419
	87	421
	87	423
	87	424
	87	425
	88	426
	88	427
	88	428
	88	429
	89	431
	90	432
	90	433
	91	434
	91	435
	92	435
	92	436
	93	437
	93	438
	94	438
	94	439
	95	439
	96	440
	97	440
	97	441
	97	440
	97	439
.PEN_UP
.PEN_DOWN
	94	420
	95	420
	96	421
	97	422
	98	423
	99	424
	99	425
	100	426
	101	428
	102	428
	102	429
	103	430
	103	431
	103	432
	104	433
	104	434
	104	435
	104	436
	104	437
	104	438
	103	438
	102	438
	102	437
	101	437
	101	436
	100	435
	100	434
	99	432
	99	431
	98	430
	98	428
	98	426
	97	424
	97	422
	97	421
	97	420
	98	419
	98	418
	99	417
	100	417
	101	417
	102	417
	103	417
	104	418
	105	419
	106	420
	107	421
	108	422
	109	423
	109	424
	110	425
	110	426
	110	427
.PEN_UP
.PEN_DOWN
	119	435
	116	435
	115	435
	115	434
	114	434
	113	433
	113	432
	112	431
	111	430
	111	429
	110	428
	110	427
	110	426
	110	424
	110	423
	110	422
	110	421
	111	421
	112	420
	113	420
	114	420
	114	421
	115	422
	116	422
	116	423
	117	424
	117	425
	117	427
	117	428
	118	429
	118	431
	118	432
	118	433
	119	433
	119	434
	119	433
	119	432
	119	430
	119	429
	119	428
	119	427
	118	426
	118	425
	119	424
	119	423
	120	423
	121	422
	122	422
	123	421
	124	421
	125	422
	126	422
	126	423
	127	423
	128	424
	129	425
.PEN_UP
.PEN_DOWN
	132	444
	132	446
	132	445
	132	444
	131	441
	131	439
	131	437
	132	435
	132	434
	132	432
	132	429
	133	428
	133	426
	133	425
	133	423
	133	422
	133	421
	133	420
	134	420
	134	419
	134	420
	134	421
	133	422
	133	423
	133	424
	133	425
.PEN_UP
.PEN_DOWN
	126	427
	126	428
	127	429
	128	430
	129	431
	130	431
	131	432
	133	433
	134	434
	135	434
	136	435
	138	436
	139	436
	139	437
	140	437
	141	437
	142	438
	143	438
	143	439
	143	440
.PEN_UP
.PEN_DOWN
	140	422
	141	422
	141	423
	142	424
	143	424
	143	425
	144	425
	144	426
	145	426
	145	427
	146	428
	147	429
	147	430
	148	432
	149	433
	149	434
	150	434
	150	435
	150	436
	150	437
	150	438
	150	439
	149	439
	148	439
	148	438
	147	437
	146	436
	145	435
	144	433
	144	431
	143	431
	142	429
	142	428
	142	427
	142	425
	142	424
	142	423
	142	422
	142	421
	143	421
	144	420
	145	419
	146	419
	147	419
	148	419
	148	420
	149	421
	150	421
	151	422
	152	423
	152	424
	153	425
.PEN_UP
.PEN_DOWN
	164	436
	165	436
	165	437
	164	437
	163	437
	162	437
	161	437
	160	437
	159	436
	158	435
	158	433
	157	432
	156	429
	155	427
	154	426
	154	425
	153	423
	152	422
	152	421
	153	419
	154	418
	155	418
	156	418
	157	418
	158	419
	160	419
	161	420
	161	421
	162	422
	163	424
	164	425
	165	426
	166	428
	166	429
	167	430
	168	432
	168	434
	168	436
	168	438
	168	440
	168	441
	167	443
	167	444
	167	445
	167	446
	167	447
	167	448
	167	449
	167	450
	166	450
	166	449
	166	448
	166	447
	166	446
	166	444
	166	443
	166	440
	166	439
	166	437
	166	435
	166	433
	165	431
	165	429
	165	427
	165	425
	165	423
	165	422
	165	421
	165	420
	166	419
	166	418
	166	419
	166	420
	166	421
	166	422
	166	423
	166	424
.PEN_UP
.PEN_DOWN
	193	449
	192	448
	192	447
	192	445
	192	443
	192	441
	192	439
	192	437
	192	434
	192	432
	192	430
	192	428
	192	426
	192	425
	192	423
	192	422
	192	421
	192	420
	193	421
	193	422
	193	423
	193	425
	194	426
.PEN_UP
.PEN_DOWN
	190	430
	190	431
	191	431
	192	432
	192	433
	193	434
	194	434
	195	435
	196	435
	198	436
	199	436
	200	436
	201	436
	202	436
	203	435
	203	434
	203	433
	203	432
	203	431
	202	430
	202	429
	201	428
	200	427
	199	426
	199	425
	198	424
	197	423
	196	422
	195	421
	194	421
	194	420
	193	420
	192	420
	192	421
.PEN_UP
.PEN_DOWN
	205	436
	205	435
	205	434
	206	433
	206	432
	207	431
	208	430
	209	429
	209	428
	210	427
	211	426
	211	425
	212	424
	213	423
	213	422
	213	421
	214	421
	214	422
.PEN_UP
.PEN_DOWN
	218	438
	218	437
	218	435
	217	433
	217	431
	217	430
	216	428
	216	426
	215	424
	215	422
	214	420
	214	419
	214	417
	213	415
	213	414
	213	413
	213	411
	213	410
	213	409
	213	407
	213	406
	213	405
	213	404
	212	404
	212	405
	212	406
	212	407
	212	408
.PEN_UP
.PEN_DOWN
	244	434
	243	433
	242	432
	242	431
	241	431
	241	430
	241	429
	241	428
	242	427
	243	426
	244	425
	245	425
	246	424
	247	424
	248	424
	249	423
	250	423
	251	422
	252	422
	252	421
	252	420
	252	419
	252	418
	251	418
	250	418
	249	417
	248	417
	247	416
	246	416
	245	415
	244	415
	243	415
	242	415
	241	415
	240	416
	239	416
	238	416
	237	416
	237	417
	237	418
	238	418
	238	419
	238	420
	239	420
.PEN_UP
.PEN_DOWN
	256	434
	255	434
	255	433
	255	432
	254	431
	254	430
	253	428
	253	427
	253	426
	253	425
	253	423
	253	421
	253	420
	253	419
	254	418
	255	418
	255	417
	256	417
	257	417
	258	417
	259	417
	260	417
	261	417
	262	418
	263	419
	264	419
	264	420
	264	421
	264	423
	264	424
	263	426
	263	427
	262	428
	261	430
	260	431
	260	432
	259	433
	258	434
	257	435
	256	435
	255	435
	254	435
	254	434
	254	433
.PEN_UP
.PEN_DOWN
	268	435
	268	434
	268	433
	268	431
	268	430
	269	429
	269	428
	269	427
	269	425
	269	423
	269	422
	269	421
	269	420
	269	419
	269	418
	269	417
	269	416
	269	415
	269	416
	270	416
	270	417
	270	418
	270	421
	271	422
	271	423
	271	425
	271	426
	272	427
	272	428
	272	429
	272	430
	273	430
	273	431
	274	431
	274	432
	275	432
	275	433
	276	433
	277	433
	278	432
	278	431
	278	430
	278	429
	278	428
	278	427
	278	425
	278	424
	278	422
	278	421
	278	420
	278	419
	278	418
	278	417
	279	417
	279	418
	279	419
	279	420
	279	422
	280	423
	280	424
	280	425
	280	426
	281	426
	281	427
	281	428
	282	429
	282	430
	283	430
	284	430
	284	431
	285	430
	286	430
	287	430
	288	429
	288	428
	288	427
	288	425
	288	424
	288	423
	288	422
	288	421
	288	420
	287	419
	287	417
	287	416
	287	415
	287	414
	287	413
	286	412
	287	413
	287	414
	287	415
	287	416
	287	417
.PEN_UP
.PEN_DOWN
	291	419
	292	420
	293	421
	294	421
	295	421
	295	422
	296	422
	296	423
	297	423
	298	424
	299	425
	299	426
	300	427
	300	428
	300	429
	300	430
	300	431
	300	432
	300	433
	299	433
	298	433
	297	432
	297	431
	296	431
	295	430
	294	429
	293	427
	293	426
	292	425
	292	423
	292	422
	292	420
	292	419
	292	418
	292	417
	292	416
	292	415
	293	414
	294	414
	295	413
	296	413
	298	413
	299	413
	299	414
	301	415
	302	415
	303	416
	304	417
	305	418
	306	418
	307	419
	308	420
	308	421
	308	422
	308	423
	309	423
	309	424
	309	423
.PEN_UP
.PEN_DOWN
	353	432
	353	435
	353	436
	353	437
	353	438
	353	439
	352	439
	351	439
	350	439
	349	439
	348	439
	347	439
	346	438
	345	437
	344	436
	343	434
	342	432
	342	430
	342	428
	342	427
	342	425
	342	424
	342	423
	341	422
	342	421
	343	420
	343	419
	344	419
	345	418
	346	418
	347	419
	348	419
	349	420
	349	421
	350	423
	351	425
	351	426
	352	428
	352	429
	352	430
	352	431
	352	432
	352	433
	352	435
	352	436
	352	437
	352	438
	352	437
	352	436
	352	435
	352	432
	352	431
	352	429
	351	428
	351	426
	351	424
	351	423
	352	422
	353	421
	354	420
	355	420
	356	420
	357	420
	358	421
.PEN_UP
.PEN_DOWN
	362	439
	361	440
	361	439
	361	438
	361	437
	361	436
	361	435
	361	432
	361	430
	361	429
	361	428
	361	427
	361	425
	361	424
	361	422
	361	420
	361	419
	361	420
	360	420
	360	421
	360	423
	360	425
	360	426
	360	427
	361	429
	361	430
	362	432
	363	433
	364	434
	364	435
	365	436
	366	436
	367	437
	368	438
	370	439
	372	439
	373	439
	374	439
	375	439
.PEN_UP
.PEN_DOWN
	386	435
	386	434
	386	435
	386	436
	386	437
	385	438
	385	439
	385	440
	384	440
	383	440
	382	440
	382	439
	381	438
	380	437
	380	435
	379	434
	379	432
	379	430
	378	429
	378	428
	378	427
	378	425
	378	424
	379	423
	379	422
	380	421
	381	421
	381	420
	383	420
	384	420
	385	421
	386	421
	387	421
	388	422
	389	423
	389	424
	390	424
	391	426
	391	427
	392	428
	392	429
	392	430
.PEN_UP
.PEN_DOWN
	400	436
	399	437
	399	438
	398	438
	398	439
	397	439
	396	438
	395	437
	394	437
	394	436
	393	435
	393	433
	392	431
	391	430
	391	429
	391	428
	391	426
	391	425
	390	423
	390	422
	391	421
	392	420
	393	420
	394	420
	395	420
	396	421
	396	422
	397	423
	398	425
	399	426
	399	427
	399	429
	400	430
	400	431
	400	432
	400	433
	400	434
	400	435
	400	436
	400	437
	400	438
	400	437
	400	436
	400	435
	400	434
	399	433
	399	432
	399	431
	399	430
	399	429
	399	428
	399	427
	399	426
	400	425
	400	424
	400	423
	401	422
	401	421
	402	421
	403	421
	404	421
	405	422
	406	423
	407	424
	408	425
	408	426
.PEN_UP
.PEN_DOWN
	410	439
	410	441
	410	440
	410	439
	410	437
	410	436
	410	434
	410	433
	410	431
	410	430
	410	429
	409	427
	409	425
	409	424
	409	423
	410	422
	410	421
	410	420
	411	420
	411	421
	411	422
	411	423
	411	425
	412	426
	412	428
	412	430
	412	432
	413	433
	413	434
	413	436
	414	437
	414	438
	414	439
	415	439
	415	440
	416	440
	416	441
	417	441
	418	441
	418	440
	419	439
	419	438
	419	436
	419	435
	419	433
	419	431
	419	430
	419	428
	419	427
	419	425
	419	424
	419	422
	419	421
	419	420
	418	419
	418	418
	419	418
	419	419
	419	420
	420	421
	420	422
.PEN_UP
.PEN_DOWN
	423	425
	425	426
	426	427
	427	428
	428	429
	429	430
	430	430
	431	431
	432	432
	433	433
	433	434
	434	435
	434	436
	434	437
	433	437
	432	437
	431	437
	430	437
	429	436
	428	435
	427	434
	427	432
	426	430
	425	428
	425	426
	425	424
	425	423
	425	422
	425	421
	426	420
	427	419
	428	418
	429	417
	431	417
	432	417
	433	417
	434	417
	435	417
	436	418
	437	418
	437	419
	438	420
	439	421
	440	422
	440	423
	440	424
	440	425
	440	426
.PEN_UP
.PEN_DOWN
	471	435
	471	434
	471	433
	471	432
	471	430
	471	428
	471	426
	471	424
	471	421
	471	420
	471	418
	470	416
	470	413
	470	412
	470	411
	470	409
	470	408
	471	406
	471	405
	471	404
	471	403
	471	402
	471	403
	471	404
	471	406
	471	408
.PEN_UP
.PEN_DOWN
	467	432
	466	432
	467	433
	468	434
	469	434
	471	435
	472	436
	474	437
	476	437
	477	438
	478	438
	479	438
	480	438
	481	437
	482	437
	483	436
	483	435
	483	434
	483	432
	483	430
	482	429
	481	427
	481	426
	480	425
	479	424
	478	423
	477	422
	476	421
	475	421
	474	421
	473	420
	472	420
	471	420
	471	421
	471	422
	471	423
	472	424
.PEN_UP
.PEN_DOWN
	487	437
	487	435
	487	434
	487	433
	487	432
	487	431
	487	429
	487	428
	487	427
	487	426
	487	425
	487	424
	487	422
	487	421
	487	420
	487	419
	487	420
	487	421
	486	421
	486	422
	485	423
	485	424
	485	425
	485	427
	486	428
	486	429
	487	431
	487	432
	488	432
	489	433
	490	434
	491	435
	492	436
	493	437
	494	437
	495	437
	496	437
	497	437
	497	436
	497	435
.PEN_UP
.PEN_DOWN
	500	429
	500	428
	500	427
	500	426
	500	425
	500	424
	500	422
	500	421
	501	420
	502	419
	503	419
	504	418
	505	418
	506	418
	508	418
	509	419
	510	420
	510	421
	511	423
	511	425
	511	426
	511	428
	510	429
	510	430
	510	431
	509	432
	509	433
	508	434
	507	435
	507	436
	506	436
	505	436
	504	436
.PEN_UP
.PEN_DOWN
	521	433
	521	431
	521	430
	521	431
	520	431
	520	432
	519	433
	518	434
	517	434
	516	434
	515	433
	514	432
	513	431
	512	429
	512	428
	512	426
	511	425
	511	423
	511	422
	512	420
	512	419
	513	418
	514	417
	515	417
	516	416
	518	416
	519	416
	521	417
	522	417
	523	418
	524	419
	525	420
	525	421
	526	421
	527	422
	527	423
	527	424
	527	425
.PEN_UP
.PEN_DOWN
	526	422
	525	422
	526	422
	527	422
	528	423
	529	423
	529	424
	529	425
	530	426
	530	427
	531	428
	531	429
	532	430
	532	431
	532	432
	532	433
	532	434
	531	434
	530	434
	529	434
	528	433
	527	433
	527	432
	527	431
	526	429
	526	428
	525	426
	525	425
	525	423
	525	422
	525	421
	525	419
	525	418
	526	417
	527	416
	528	416
	529	416
	530	415
	531	415
	531	416
	532	416
	533	416
	534	416
	534	417
	534	418
	535	419
	535	420
	535	421
	536	422
	536	423
	536	424
.PEN_UP
.PEN_DOWN
	542	434
	541	434
	541	433
	540	433
	539	432
	538	431
	537	431
	537	430
	537	429
	537	428
	538	427
	539	427
	540	427
	541	426
	543	426
	544	426
	545	426
	546	426
	547	425
	548	425
	548	424
	548	423
	547	422
	546	421
	545	420
	544	419
	544	418
	542	418
	541	417
	540	416
	539	416
	538	416
	537	416
	537	417
	538	418
	538	419
	539	419
.PEN_UP
.PEN_DOWN
	559	432
	557	434
	556	434
	555	434
	554	433
	553	433
	552	432
	551	432
	550	432
	549	431
	549	430
	549	429
	549	428
	550	427
	551	426
	552	426
	553	426
	555	426
	556	426
	557	425
	558	425
	559	424
	560	423
	560	422
	559	421
	559	420
	558	420
	557	420
	556	419
	555	419
	555	418
	554	418
	553	418
	552	418
	551	418
	551	419
	550	419
	549	420
	548	420
	548	421
.PEN_UP
