
.WRITER_ID MaryWilliams
.STYLE PRINTED
.PEN_DOWN
	83	437
	77	435
	75	434
	74	433
	73	432
	72	431
	72	430
	72	429
	73	429
	73	428
	74	428
	75	428
	77	428
	78	427
	79	427
	80	427
	81	426
	82	425
	83	424
	84	422
	85	421
	85	420
	86	419
	87	418
	87	416
	86	416
	85	415
	84	414
	82	413
	81	413
	80	412
	79	412
	77	412
	76	412
	75	412
	74	412
	73	412
	73	413
	73	414
	73	415
	74	415
.PEN_UP
.PEN_DOWN
	91	432
	92	429
	92	427
	91	426
	92	424
	92	423
	92	421
	92	420
	93	418
	93	417
	93	416
	93	415
	93	414
	92	414
	93	414
	93	415
	92	421
	92	423
	92	424
	93	425
	94	426
	96	427
	97	427
	98	427
	99	427
	99	428
	99	429
	99	430
	98	430
	98	431
.PEN_UP
.PEN_DOWN
	102	426
	103	425
	104	424
	105	422
	106	421
	106	420
	107	419
	108	418
	108	417
	109	416
	109	415
	109	414
	110	414
	110	413
.PEN_UP
.PEN_DOWN
	109	432
	107	430
	107	429
	106	428
	106	427
	105	426
	105	424
	105	422
	104	420
	103	418
	103	417
	102	415
	101	413
	101	412
	101	411
	101	410
	101	409
	100	409
	100	410
	100	411
	101	411
	101	412
	101	413
.PEN_UP
.PEN_DOWN
	150	431
	149	422
	149	420
	149	419
	149	417
	149	416
	149	414
	149	413
	149	412
	149	411
	149	410
.PEN_UP
.PEN_DOWN
	144	428
	145	429
	147	430
	149	430
	150	431
	151	432
	152	433
	153	434
	154	434
	155	434
	156	434
	157	433
	157	432
	157	431
	156	430
	156	429
	155	428
	154	426
	153	425
	153	423
	151	423
	151	422
	150	422
	149	421
	148	421
	148	420
	149	420
	149	421
	150	422
	151	423
	152	424
	153	424
	154	424
	156	424
	157	424
	158	424
	159	424
	160	423
	160	422
	161	422
	161	420
	161	419
	161	417
	161	416
	160	414
	160	413
	160	412
	159	411
	158	410
	158	409
	157	409
	156	409
	155	408
	154	408
	153	408
	152	408
	151	408
	151	409
	151	410
	151	408
.PEN_UP
.PEN_DOWN
	163	431
	164	429
	164	427
	164	426
	164	425
	164	423
	164	422
	164	420
	164	418
	164	417
	165	416
	165	415
	165	414
	165	413
	165	412
	165	411
.PEN_UP
.PEN_DOWN
	181	431
	180	431
	179	431
	179	430
	178	430
	178	429
	177	428
	176	428
	175	427
	175	425
	174	423
	174	422
	173	420
	173	419
	173	418
	173	416
	173	415
	173	414
	173	413
	174	413
	174	412
	175	411
	176	411
	177	411
	178	412
	179	413
	179	414
	180	415
	181	416
	181	417
.PEN_UP
.PEN_DOWN
	175	417
	176	417
	176	418
	177	418
	178	419
	179	419
	179	420
	180	420
	181	420
	182	420
	182	421
	183	421
	183	422
	183	421
	183	420
	183	419
	183	418
	183	416
	183	415
	183	414
	182	413
	182	412
	182	411
	182	410
	182	409
	182	408
	182	407
	183	407
.PEN_UP
.PEN_DOWN
	218	425
	218	423
	218	421
	218	420
	218	418
	218	417
	218	415
	218	414
	219	412
	219	411
	219	410
	220	410
.PEN_UP
.PEN_DOWN
	213	432
	214	432
	216	432
	217	432
	219	432
	220	432
	222	432
	223	432
	225	432
	226	432
	227	432
	228	431
	229	431
	229	429
	229	427
	228	425
	228	424
	227	422
	226	421
	225	420
	224	418
	223	417
	222	415
	221	414
	220	413
	219	412
	219	411
	219	410
	219	409
.PEN_UP
.PEN_DOWN
	229	424
	229	422
	229	421
	229	420
	229	418
	229	416
	229	415
	229	413
	229	412
	229	411
	230	410
	230	409
	231	409
	231	408
	232	408
	233	408
	234	408
	234	409
	235	410
	237	412
	238	413
	239	414
	240	416
	241	417
	242	418
	243	419
	243	420
	244	421
	245	422
	245	423
	245	424
.PEN_UP
.PEN_DOWN
	233	431
	234	432
	235	433
	236	433
	237	434
	238	434
	239	434
	240	434
	240	435
.PEN_UP
.PEN_DOWN
	227	415
	227	416
	228	417
	229	418
	230	418
	231	419
	232	420
	233	421
	234	422
	234	423
	235	423
	236	424
	236	425
.PEN_UP
.PEN_DOWN
	246	427
	247	427
	247	424
	248	423
	248	422
	249	420
	249	419
	249	418
	250	417
	250	416
	251	415
	252	415
	252	416
	252	417
	252	418
	252	420
	252	422
	253	423
	253	424
	253	426
	254	427
	254	429
	254	430
	254	431
	255	432
	255	433
	255	434
	256	434
.PEN_UP
.PEN_DOWN
	261	429
	261	428
	261	425
	261	423
	261	422
	261	421
	261	419
	261	418
	261	417
	262	416
	262	415
	261	414
	262	413
	262	412
.PEN_UP
.PEN_DOWN
	273	432
	273	431
	273	430
	273	429
	273	428
	273	426
	273	424
	273	423
	273	421
	273	420
	273	419
	273	417
	273	415
	274	414
	274	413
	275	412
	275	411
	275	410
	276	410
	277	410
	278	410
	278	411
	279	411
	280	412
	282	413
	283	414
	284	415
	285	416
	286	417
	287	417
	288	417
	288	418
	288	419
.PEN_UP
.PEN_DOWN
	292	431
	291	430
	290	429
	290	428
	290	427
	290	426
	291	425
	292	425
	293	425
	295	424
	296	424
	297	424
	298	423
	299	422
	300	421
	301	420
	301	419
	302	417
	302	416
	301	415
	300	414
	300	413
	299	413
	298	412
	297	412
	295	411
	294	411
	292	411
	291	411
	290	411
	289	411
	288	412
	288	413
	288	414
	289	415
.PEN_UP
.PEN_DOWN
	332	431
	332	429
	332	427
	332	424
	332	423
	332	421
	332	419
	332	417
	332	416
	332	415
	332	414
	332	413
	332	412
	333	412
	333	413
	333	414
.PEN_UP
.PEN_DOWN
	328	430
	330	431
	331	431
	333	432
	334	433
	336	433
	337	434
	339	434
	340	435
	342	435
	342	436
	343	436
	344	437
	345	437
	346	437
	346	438
.PEN_UP
.PEN_DOWN
	327	415
	334	420
	336	421
	337	421
	338	422
	339	422
	340	423
	341	423
	342	424
.PEN_UP
.PEN_DOWN
	347	432
	347	427
	347	425
	348	424
	348	422
	348	420
	348	419
	348	418
	348	417
	348	416
	348	415
	349	414
	349	413
	349	412
	349	411
	349	412
	349	413
.PEN_UP
.PEN_DOWN
	343	427
	343	426
	343	427
	343	428
	344	429
	345	429
	345	430
	347	431
	348	431
	350	432
	351	434
	352	435
	354	436
	356	437
	357	438
	358	438
	359	438
	360	438
	360	437
	361	436
	361	435
	360	434
	359	433
	359	431
	358	430
	356	429
	355	427
	354	426
	353	425
	352	424
	351	422
	350	422
	349	421
	349	420
	348	420
	347	420
	348	420
	349	420
	350	420
	351	420
	352	419
	353	418
	354	418
	354	417
	355	416
	356	415
	357	414
	358	413
	358	412
	359	411
	360	411
	361	411
	360	411
	360	412
	360	413
	360	414
.PEN_UP
.PEN_DOWN
	368	429
	366	428
	365	427
	365	424
	365	423
	364	421
	364	420
	364	418
	364	417
	364	416
	364	415
	364	414
	364	413
	365	413
	366	413
	367	413
	368	413
	369	414
	370	414
	371	415
	372	415
	373	416
	373	417
	373	418
	373	420
	373	421
	373	422
	373	424
	372	425
	371	426
	371	428
	370	428
	370	429
	369	430
	368	430
	367	430
	366	430
	367	430
.PEN_UP
.PEN_DOWN
	378	430
	377	427
	377	426
	377	425
	377	423
	377	422
	377	421
	377	419
	377	418
	377	417
	377	416
	377	415
	377	414
	377	413
	377	412
	377	413
	377	414
	377	416
	377	417
	377	419
	377	420
	377	421
	376	423
	376	424
	376	425
	376	427
	377	428
	378	428
	378	427
	378	426
	379	425
	379	424
	380	422
	380	421
	381	420
	382	419
	382	418
	383	417
	384	416
	385	416
	386	416
	386	417
	387	417
	387	418
	388	419
	388	420
	389	421
	389	422
	390	423
	390	424
	391	425
	391	426
	391	427
	392	428
	392	429
	392	428
	392	427
	392	426
	392	424
	392	423
	392	422
	392	421
	392	419
	393	418
	393	417
	394	416
	394	415
	394	414
	394	413
	394	412
	395	411
	395	410
	395	411
.PEN_UP
.PEN_DOWN
	439	433
	438	433
	438	432
	438	431
	438	430
	438	428
	438	426
	438	424
	438	423
	438	422
	438	420
	438	419
	438	418
	438	417
	438	416
	437	415
	437	414
	436	413
	435	412
	434	412
	433	412
	432	412
	430	412
	430	413
	429	413
	428	413
	427	414
	426	414
	425	414
	425	415
	424	415
	424	416
.PEN_UP
.PEN_DOWN
	430	426
	432	427
	434	427
	435	428
	437	429
	439	430
	440	430
	441	431
	442	432
	443	432
	444	432
	443	432
	443	433
.PEN_UP
.PEN_DOWN
	447	411
	445	408
	445	409
	446	410
	446	411
	447	413
	447	414
	447	416
	448	417
	448	419
	449	421
	449	422
	449	424
	449	425
	450	427
	450	428
	450	429
	450	430
	450	431
	451	431
	451	430
	452	429
	452	428
	453	427
	453	425
	453	423
	453	422
	453	420
	454	419
	454	418
	455	418
	455	417
	455	415
	456	414
	456	413
	456	412
	457	412
.PEN_UP
.PEN_DOWN
	452	416
	453	416
	454	417
	455	418
	456	418
	457	418
	458	418
	459	418
	458	418
	458	419
.PEN_UP
.PEN_DOWN
	462	420
	462	419
	462	418
	462	416
	462	415
	462	414
	462	413
	462	412
	462	411
	462	410
	463	409
.PEN_UP
.PEN_DOWN
	458	426
	458	427
	459	428
	460	429
	461	429
	462	430
	463	430
	465	431
	467	431
	468	431
	469	432
	471	432
	472	432
	473	432
	474	432
	475	432
	475	431
	475	430
	474	429
	474	428
	473	427
	472	425
	470	424
	469	424
	468	423
	467	422
	466	421
	465	420
	464	420
	463	419
	463	420
.PEN_UP
.PEN_DOWN
	476	407
	476	408
	477	409
	477	410
	477	411
	478	412
	478	413
	479	415
	479	417
	479	419
	480	421
	481	422
	482	424
	482	426
	483	427
	483	429
	484	429
	484	431
	485	431
	485	432
	486	433
	487	433
	487	432
	487	431
	488	428
	488	427
	489	425
	489	423
	489	421
	489	419
	489	417
	489	415
	489	414
	490	413
	490	411
	490	410
	490	409
	491	408
	491	407
	491	408
.PEN_UP
.PEN_DOWN
	488	416
	488	417
.PEN_UP
.PEN_DOWN
	494	408
	494	409
	494	411
	494	412
	494	414
	494	415
	494	416
	494	418
	494	420
	494	422
	494	423
	494	424
	494	425
	494	426
	494	427
	495	426
	496	425
	497	424
	497	423
	498	422
	498	420
	499	418
	499	417
	500	415
	501	413
	501	412
	502	411
	502	410
	503	409
	504	408
	505	407
	505	406
	505	407
	506	407
	506	408
	506	409
	507	411
	507	413
	507	415
	507	417
	507	419
	507	421
	507	422
	507	424
	507	426
	507	428
	507	429
	507	431
	507	432
	507	433
.PEN_UP
