
.WRITER_ID textWilliamShawSplit
.STYLE PRINTED
.PEN_DOWN
	434	1551
	429	1547
	423	1538
	419	1525
	420	1512
	428	1499
	438	1490
	455	1490
	471	1493
	485	1499
	492	1505
	495	1509
	498	1506
	505	1493
	511	1476
	525	1464
	542	1457
	562	1457
	577	1463
	588	1480
	592	1502
	589	1522
	574	1541
	557	1555
	546	1565
	542	1565
	541	1561
	546	1555
.PEN_UP
.PEN_DOWN
	636	1483
	641	1485
	643	1485
	643	1488
	641	1492
	634	1496
	621	1496
	608	1490
	598	1476
	590	1463
	588	1453
	590	1449
	594	1447
	603	1450
	615	1462
	625	1476
	629	1482
	630	1483
	630	1483
	627	1480
	623	1473
	623	1466
	627	1460
	638	1457
	651	1457
	663	1460
	674	1466
.PEN_UP
.PEN_DOWN
	698	1503
	701	1512
	704	1519
	706	1523
	706	1525
	702	1525
	693	1522
	680	1515
	669	1505
	664	1499
	663	1496
	669	1499
	684	1502
	701	1505
	715	1506
	726	1505
	735	1499
	737	1490
	734	1480
	723	1469
	709	1460
	691	1456
	677	1456
	669	1461
.PEN_UP
.PEN_DOWN
	715	1568
	713	1568
	713	1559
	714	1542
	719	1525
	726	1502
	730	1479
	734	1466
	737	1459
	739	1457
	743	1463
	750	1476
	756	1493
	758	1503
	761	1506
	763	1505
	767	1499
	772	1490
	776	1482
	780	1476
	783	1473
	785	1472
	790	1472
.PEN_UP
.PEN_DOWN
	803	1493
	802	1495
	802	1493
	804	1483
	809	1473
	815	1460
	820	1456
	823	1450
	824	1452
.PEN_UP
.PEN_DOWN
	770	1523
	769	1523
	769	1523
	770	1522
	776	1519
	787	1514
.PEN_UP
.PEN_DOWN
	824	1482
	823	1474
	824	1466
	825	1462
	825	1457
	826	1453
	827	1452
	829	1457
	831	1466
	832	1480
	833	1489
	837	1495
	846	1499
	855	1499
	864	1499
	870	1496
	875	1492
	875	1483
	875	1474
	873	1466
	872	1460
	872	1456
.PEN_UP
.PEN_DOWN
	908	1476
	912	1484
	916	1492
	918	1499
	919	1503
	918	1505
	914	1505
	901	1499
	892	1489
	888	1473
	888	1463
	889	1456
	895	1450
	905	1449
	915	1453
	923	1462
	925	1470
	923	1476
	916	1485
	910	1489
	908	1489
	907	1488
	907	1483
	909	1480
	914	1474
	919	1466
	925	1457
	934	1440
	941	1424
	947	1406
	947	1387
	942	1367
	936	1354
	926	1348
	913	1348
	899	1357
.PEN_UP
.PEN_DOWN
	928	1559
	929	1564
	929	1562
	930	1558
	936	1542
	947	1523
	959	1502
	969	1483
	976	1469
	983	1459
	985	1454
.PEN_UP
.PEN_DOWN
	917	1478
	914	1479
	915	1479
	921	1480
	938	1482
	958	1486
	980	1490
.PEN_UP
.PEN_DOWN
	1012	1488
	1020	1490
	1025	1493
	1030	1496
	1031	1502
	1028	1504
	1022	1505
	1015	1499
	1007	1489
	1007	1476
	1012	1466
	1021	1456
	1037	1452
	1050	1456
	1061	1462
	1065	1470
	1063	1479
	1052	1489
	1037	1497
	1024	1499
	1015	1496
	1012	1496
	1013	1493
.PEN_UP
.PEN_DOWN
	1063	1492
	1070	1490
	1073	1482
	1077	1473
	1081	1466
	1081	1459
	1083	1457
	1083	1456
	1086	1462
	1089	1469
	1089	1476
	1092	1482
	1094	1486
	1096	1486
	1105	1482
	1112	1479
	1120	1471
	1127	1466
	1133	1459
	1139	1453
	1145	1450
	1149	1446
	1151	1446
.PEN_UP
.PEN_DOWN
	515	1081
	512	1080
	511	1069
	513	1051
	516	1031
	520	1009
	525	988
	529	975
	535	969
	538	969
.PEN_UP
.PEN_DOWN
	434	1071
	432	1064
	432	1064
	441	1059
	458	1064
	480	1070
	507	1081
	535	1090
	560	1097
.PEN_UP
.PEN_DOWN
	561	995
	561	998
	564	1002
	573	1008
	584	1017
	597	1025
	606	1034
	609	1040
	608	1047
	603	1048
	592	1048
	577	1041
	566	1031
	557	1018
	551	1008
	551	995
	555	988
	566	982
	585	984
	603	992
	620	1002
.PEN_UP
.PEN_DOWN
	634	1040
	632	1040
	632	1040
	632	1040
	632	1034
	632	1024
	632	1014
	634	1002
	636	998
	636	995
	638	998
	643	1005
	649	1015
	656	1028
	659	1038
	664	1044
	669	1048
	671	1050
	676	1048
	680	1045
	684	1037
	687	1025
	688	1014
	687	1004
	686	998
	686	998
	684	998
	686	998
	689	998
.PEN_UP
.PEN_DOWN
	710	1029
	711	1031
	712	1031
	714	1028
	717	1022
	719	1014
	719	1002
	717	994
	715	989
	715	988
	715	991
	715	998
	720	1014
	724	1028
	732	1038
	739	1047
	747	1048
	757	1051
	768	1048
	776	1045
	780	1035
	781	1022
	779	1012
	776	1004
	774	1001
	774	998
.PEN_UP
.PEN_DOWN
	824	1002
	824	1006
	826	1005
	829	1008
	837	1012
	844	1017
	857	1024
	865	1031
	869	1038
	866	1041
	858	1044
	844	1040
	829	1034
	818	1025
	807	1015
	802	1005
	801	998
	809	991
	824	988
	844	989
	866	992
	886	1001
.PEN_UP
.PEN_DOWN
	958	1044
	958	1047
	950	1047
	936	1041
	923	1037
	912	1031
	903	1024
	901	1022
	901	1019
	912	1021
	932	1022
	951	1024
	964	1026
	978	1025
	982	1025
	982	1021
	974	1012
	961	1004
	945	998
	928	989
	914	984
	910	982
.PEN_UP
.PEN_DOWN
	1026	1053
	1026	1055
	1024	1055
	1019	1055
	1008	1048
	999	1040
	994	1035
	993	1034
	998	1031
	1011	1031
	1026	1034
	1039	1034
	1052	1031
	1059	1027
	1064	1021
	1060	1011
	1053	1001
	1043	992
	1030	988
	1019	982
	1010	982
.PEN_UP
.PEN_DOWN
	1085	1024
	1084	1024
	1088	1025
	1096	1028
	1110	1034
	1122	1037
	1129	1041
	1133	1045
	1133	1047
	1125	1047
	1113	1044
	1102	1037
	1092	1028
	1089	1018
	1088	1011
	1090	1001
	1097	994
	1110	991
	1127	991
	1143	998
.PEN_UP
.PEN_DOWN
	1152	1017
	1152	1018
	1153	1021
	1160	1022
	1171	1025
	1186	1031
	1197	1034
	1204	1038
	1202	1041
	1191	1044
	1173	1041
	1158	1034
	1146	1024
	1140	1011
	1142	998
	1153	989
	1171	982
	1198	984
	1226	989
.PEN_UP
.PEN_DOWN
	546	647
	548	648
	550	643
	552	626
	553	605
	559	582
	562	560
	566	544
	572	536
	579	533
.PEN_UP
.PEN_DOWN
	642	609
	641	612
	638	612
	631	609
	621	603
	609	593
	594	580
	577	567
	568	557
	563	550
	566	549
	579	547
	603	549
	627	554
	647	556
	663	556
	671	556
.PEN_UP
.PEN_DOWN
	704	559
	706	563
	710	567
	710	570
	709	576
	706	580
	698	580
	682	577
	671	567
	658	554
	652	540
	652	530
	656	526
	669	526
	684	535
	698	547
	706	556
	708	560
	708	563
	708	563
	710	557
	711	550
	713	544
	718	540
	724	537
	732	539
	741	540
.PEN_UP
.PEN_DOWN
	752	563
	752	563
	752	563
	750	560
	746	556
	746	547
	745	537
	745	530
	745	527
	745	526
	748	530
	757	540
	769	553
	777	563
	783	572
	787	573
	791	573
	793	570
	796	560
	796	553
	796	540
	796	534
	796	530
	796	530
	804	530
.PEN_UP
.PEN_DOWN
	870	577
	875	586
	875	589
	875	590
	871	589
	859	583
	847	573
	836	563
	829	554
	829	550
	831	549
	840	550
	855	554
	866	557
	879	557
	888	554
	894	549
	894	540
	890	530
	880	520
	866	511
	853	507
	842	507
	833	507
.PEN_UP
.PEN_DOWN
	927	544
	928	549
	928	554
	927	556
	921	556
	910	554
	899	546
	890	540
	886	531
	886	526
	890	523
	899	523
	908	523
	916	527
	921	534
	921	540
	921	546
	921	547
	921	546
	921	543
	925	537
	930	533
	939	530
	947	530
.PEN_UP
.PEN_DOWN
	998	579
	1000	586
	1000	586
	999	586
	993	581
	984	573
	974	567
	969	563
	967	558
	967	557
	976	556
	991	557
	1006	559
	1017	557
	1030	556
	1039	554
	1046	549
	1048	543
	1042	532
	1024	523
	1000	521
	980	521
.PEN_UP
.PEN_DOWN
	1018	151
	1012	154
	1000	153
	986	147
	973	132
	967	115
	965	95
	978	76
	1000	65
	1032	66
	1067	75
	1090	89
	1102	105
	1107	121
	1095	137
	1067	151
	1039	155
	1015	151
	1002	142
	996	135
.PEN_UP
.PEN_DOWN
	1094	86
	1094	85
	1103	66
	1109	55
	1114	46
	1114	43
	1113	43
	1113	45
	1105	52
	1100	67
	1098	88
	1100	104
	1111	112
	1124	118
	1143	121
	1170	117
.PEN_UP
.PEN_DOWN
	1180	88
	1179	88
	1179	89
	1181	89
	1190	91
	1203	93
	1214	98
	1224	101
	1226	104
	1226	105
	1224	105
	1214	108
	1201	105
	1188	101
	1175	92
	1170	82
	1166	72
	1170	65
	1181	59
	1199	56
	1217	59
	1230	65
	1243	72
.PEN_UP
.PEN_DOWN
	1311	99
	1313	105
	1311	108
	1304	109
	1291	108
	1278	99
	1265	91
	1257	81
	1254	72
	1254	68
	1262	66
	1276	66
	1288	75
	1298	82
	1304	92
	1306	98
	1307	100
	1307	101
	1305	101
	1302	99
	1302	98
	1303	95
	1302	89
	1304	82
	1305	75
	1305	63
	1305	53
	1304	39
	1304	22
	1297	8
	1289	-7
	1280	-14
	1271	-17
	1258	-14
	1243	-7
.PEN_UP
.PEN_DOWN
	1365	102
	1366	102
	1368	104
	1362	102
	1350	95
	1336	89
	1327	78
	1324	68
	1328	61
	1339	59
	1359	59
	1381	68
	1394	78
	1401	87
	1396	98
	1375	109
	1357	109
	1345	105
.PEN_UP
.PEN_DOWN
	1393	95
	1398	95
	1401	89
	1405	79
	1414	69
	1416	62
	1416	62
	1416	62
	1416	69
	1420	82
	1425	95
	1438	104
	1454	109
	1468	108
	1479	102
	1484	95
	1484	82
	1480	72
	1475	66
	1471	62
	1468	59
	1471	56
.PEN_UP
