
.WRITER_ID MikeKelly
.STYLE PRINTED
.PEN_DOWN
	400	434
	401	434
	401	433
	402	433
	403	433
	404	433
	405	432
	406	432
	407	432
	407	433
	406	433
	406	434
	405	434
	405	435
	404	435
	403	435
	402	435
	401	435
	400	434
	399	433
	399	432
	399	431
	399	430
	400	429
	401	428
	402	428
	403	428
	404	428
	405	428
	406	428
.PEN_UP
.PEN_DOWN
	414	432
	414	433
	413	433
	412	433
	411	433
	411	432
	410	431
	410	430
	410	429
	411	429
	412	429
	412	430
	413	430
	414	431
	414	432
	414	433
	414	432
	414	431
	414	430
	414	429
	415	429
	415	428
	416	428
	417	429
.PEN_UP
.PEN_DOWN
	423	435
	423	434
	422	434
	422	433
	421	433
	420	433
	420	432
	419	432
	419	431
	420	431
	421	431
	422	431
	422	430
	423	430
	423	429
	424	429
	424	428
	423	427
	422	426
	421	426
.PEN_UP
.PEN_DOWN
	427	432
	428	432
	429	431
	430	431
	431	431
	432	431
	432	432
	431	433
	430	433
	429	433
	428	433
	427	433
	427	432
	427	431
	427	430
	427	429
	428	428
	429	427
	430	427
	431	427
	432	427
	433	428
.PEN_UP
.PEN_DOWN
	436	439
	436	438
	436	437
	436	436
	436	435
	436	434
	437	433
	437	432
	437	431
	437	430
	438	429
	438	428
	438	427
.PEN_UP
.PEN_DOWN
	447	429
	447	428
	448	428
	448	427
	448	426
	448	425
	448	424
	448	422
.PEN_UP
.PEN_DOWN
	469	431
	469	432
	469	433
	468	433
	467	433
	466	433
	465	432
	465	431
	464	431
	464	430
	464	429
	464	428
	465	428
	466	428
	467	429
	468	430
	469	430
	469	431
	469	432
	469	431
	469	430
	470	429
	471	429
	472	429
	473	429
	473	430
	473	429
.PEN_UP
.PEN_DOWN
	476	433
	476	432
	476	431
	476	430
	476	429
	476	430
	477	430
	477	431
	477	432
	477	433
	478	433
	479	433
	479	432
	480	432
	480	431
	481	430
	482	430
	483	430
.PEN_UP
.PEN_DOWN
	490	434
	489	434
	489	433
	488	433
	487	433
	486	432
	485	432
	485	431
	484	430
	484	429
	485	429
	486	429
	487	429
	488	430
	489	430
	489	431
	489	432
	489	433
	489	434
	489	435
	489	436
	488	437
	488	438
	488	439
	488	440
	487	441
	487	440
	487	439
	487	438
	487	437
	487	436
	487	435
	488	434
	489	433
	489	432
	490	431
	490	430
	491	430
	491	429
.PEN_UP
.PEN_DOWN
	504	433
	504	434
	504	435
	503	435
	502	435
	501	435
	501	434
	500	434
	500	433
	500	432
	500	431
	501	431
	502	431
	502	432
	503	432
	503	433
	503	432
	503	431
	503	430
	504	430
.PEN_UP
.PEN_DOWN
	520	440
	520	439
	520	438
	520	437
	520	436
	519	436
	519	435
	519	434
	519	433
	519	432
	519	431
	520	431
	520	430
	521	430
	522	430
	524	430
	525	431
.PEN_UP
.PEN_DOWN
	516	434
	517	434
	518	434
	519	434
	520	434
	521	434
	522	434
	523	434
	524	434
	525	434
	526	434
.PEN_UP
.PEN_DOWN
	530	436
	530	435
	529	435
	529	434
	529	433
	529	432
	530	431
.PEN_UP
.PEN_DOWN
	529	440
	529	441
.PEN_UP
.PEN_DOWN
	535	434
	535	433
	535	432
	535	431
	535	430
	535	429
	535	430
	536	430
	536	431
	537	431
	537	432
	537	433
	538	433
	538	434
	539	434
	539	433
	539	432
	540	432
	540	431
.PEN_UP
.PEN_DOWN
	544	434
	544	433
	544	432
	544	431
	545	430
	546	430
	547	430
	547	431
	547	432
	548	432
	548	433
	548	434
	548	433
	549	432
	549	431
	549	430
	549	429
	550	429
	550	428
	551	427
	551	426
	552	424
	552	423
	553	421
	553	420
	553	419
	553	418
	553	417
	552	417
	551	417
	550	417
	549	418
	548	419
	547	420
	546	421
	546	422
	546	423
	547	424
	548	424
.PEN_UP
.PEN_DOWN
	566	432
	566	433
	566	432
	566	431
	566	430
	567	430
	567	429
	568	429
	568	428
	569	428
	570	428
	570	429
	571	429
	571	430
	572	431
	572	432
	572	433
	572	434
	572	433
	572	432
	572	431
	572	430
	573	430
	574	429
	575	429
.PEN_UP
.PEN_DOWN
	579	433
	579	432
	579	431
	579	430
	578	430
	578	429
	579	429
	580	430
	581	430
	581	431
	581	432
	581	433
	582	433
	582	432
	582	431
	583	431
	583	430
	583	429
	584	429
	585	429
.PEN_UP
.PEN_DOWN
	591	431
	591	430
	591	429
	591	428
	592	428
	593	428
	593	429
	593	430
	593	431
	594	431
	594	432
	594	431
	594	430
	595	430
	595	429
	596	429
	597	429
	597	430
	597	431
	598	431
	598	432
	598	431
	598	430
.PEN_UP
.PEN_DOWN
	606	433
	605	433
	605	432
	604	432
	604	431
	603	431
	603	430
	603	429
	603	428
	604	427
	605	427
	605	428
	606	428
	606	429
	606	430
	606	431
	606	432
	605	432
	605	431
	606	431
	606	430
	607	429
	608	429
	608	428
	609	428
.PEN_UP
.PEN_DOWN
	617	432
	617	433
	616	433
	615	433
	614	433
	613	433
	613	432
	613	431
	613	430
	613	429
	614	429
	615	429
	616	429
	616	430
	616	431
	617	432
	617	433
	617	434
	617	435
	617	436
	617	437
	616	439
	616	440
	616	441
	615	442
	615	443
	616	443
	616	442
	616	441
	617	441
	617	440
	617	439
	618	438
	618	437
	618	436
	618	435
	619	434
	619	433
	619	432
	619	431
	620	430
	620	429
.PEN_UP
.PEN_DOWN
	624	432
	624	431
	625	431
	626	431
	627	431
	627	432
	627	433
	627	434
	626	434
	626	435
	625	435
	625	434
	624	434
	624	433
	624	432
	624	431
	624	430
	624	429
	625	429
	625	428
	626	428
	626	427
	627	427
.PEN_UP
