
.WRITER_ID MikeKelly
.STYLE PRINTED
.PEN_DOWN
	389	446
	390	446
	390	447
	390	446
	390	445
	390	444
	390	443
	390	442
	390	441
	391	441
	391	440
	391	439
.PEN_UP
.PEN_DOWN
	385	448
	385	449
	385	450
	386	451
	387	451
	388	451
	389	451
	390	450
	391	450
	392	449
	393	449
	394	448
	396	447
	397	446
	397	445
	397	444
	397	443
	396	442
	396	441
	395	440
	394	439
	393	439
	392	439
	391	439
	390	439
	389	439
	388	439
.PEN_UP
.PEN_DOWN
	408	443
	407	443
	407	442
	407	441
	407	439
	407	438
	407	437
	408	437
	408	436
.PEN_UP
.PEN_DOWN
	405	445
	406	445
	407	445
	408	445
	409	445
	410	446
	411	446
	412	446
	413	446
.PEN_UP
.PEN_DOWN
	403	437
	403	436
	404	436
	405	436
	406	437
	407	437
	409	438
	410	438
	411	439
.PEN_UP
.PEN_DOWN
	419	444
	420	444
	421	444
	422	444
	423	444
	424	444
	423	443
	423	442
	422	441
	421	440
	420	440
	420	439
	419	438
	419	437
	419	436
	419	435
	420	435
	421	435
	422	435
	423	435
.PEN_UP
.PEN_DOWN
	416	439
	417	439
	418	439
	419	439
	420	439
	421	440
	422	440
	423	440
	424	440
	425	440
.PEN_UP
.PEN_DOWN
	433	442
	432	441
	432	440
	431	439
	431	438
	431	437
	431	436
	432	436
	433	436
	434	436
.PEN_UP
.PEN_DOWN
	430	439
	431	439
	431	440
	432	440
	434	440
	435	440
	436	440
	437	440
.PEN_UP
.PEN_DOWN
	443	443
	443	444
	444	444
	444	443
	445	443
	445	442
	445	441
	446	441
	446	440
	447	440
	447	439
	448	439
.PEN_UP
.PEN_DOWN
	451	446
	451	445
	450	445
	450	444
	449	444
	449	443
	448	442
	448	441
	448	440
	448	439
	448	438
	448	437
	448	436
.PEN_UP
.PEN_DOWN
	473	446
	473	445
	473	444
	473	443
	472	442
	472	441
	472	440
	472	439
	472	438
	472	437
	472	436
	473	436
	473	437
	473	438
	474	439
	474	440
	475	441
	475	442
	475	443
	476	443
	476	444
	477	445
	478	446
	479	446
	479	447
	478	446
	477	445
	477	444
	476	444
	476	443
	476	441
	476	440
	476	439
	477	438
	478	438
	479	438
	480	437
	481	437
	482	437
.PEN_UP
.PEN_DOWN
	490	445
	490	444
	489	444
	489	443
	488	443
	488	442
	487	442
	487	441
	487	440
	487	439
	487	438
	487	437
	488	437
	489	437
	490	437
	492	437
	493	437
	494	437
	495	437
.PEN_UP
.PEN_DOWN
	499	442
	499	441
	499	440
	499	439
	499	438
	499	437
	500	437
	501	437
	501	438
	502	439
	502	440
	502	441
	502	442
	503	442
	503	441
	503	440
	504	440
	504	439
	504	438
	505	438
	505	437
	506	437
.PEN_UP
.PEN_DOWN
	511	440
	511	439
	511	438
	510	438
	510	437
	510	438
	511	439
	511	440
	512	440
	512	442
	513	442
	513	441
	513	440
	513	439
	513	438
	514	437
	515	437
	516	437
	516	438
	517	439
	517	440
	517	441
	518	441
	518	442
	518	443
.PEN_UP
.PEN_DOWN
	525	445
	525	444
	524	443
	524	442
	524	441
	524	440
	524	439
	524	438
	524	437
	524	438
	525	438
	525	439
	526	440
	526	441
	527	442
	528	443
	529	443
	529	444
	530	444
	530	445
	530	444
	529	444
	528	444
	528	443
	527	442
	526	441
	526	440
	526	439
	526	438
	527	438
	528	438
	530	438
.PEN_UP
.PEN_DOWN
	537	443
	538	442
	538	441
	537	441
	537	440
	537	439
	537	438
.PEN_UP
.PEN_DOWN
	537	443
	538	443
	538	444
	539	444
	540	444
	541	444
	542	444
.PEN_UP
.PEN_DOWN
	538	440
	539	440
	540	440
	541	441
.PEN_UP
.PEN_DOWN
	536	437
	536	436
	536	435
	537	435
	538	435
	539	435
	540	436
	541	436
	542	436
.PEN_UP
.PEN_DOWN
	549	443
	549	442
	549	441
	549	440
	548	440
	548	439
	548	438
	548	437
	548	436
.PEN_UP
.PEN_DOWN
	550	444
	551	444
	552	445
	553	445
	554	445
	554	444
	553	443
	552	442
	552	441
	551	441
	551	440
	550	440
	550	439
	550	438
	550	437
	551	437
	552	437
	552	436
	553	436
	554	436
.PEN_UP
.PEN_DOWN
	563	445
	562	445
	561	445
	560	445
	559	445
	558	444
	558	443
	559	443
	560	442
	561	441
	562	441
	562	440
	563	440
	563	439
	563	438
	563	437
	562	437
	561	437
	560	436
.PEN_UP
.PEN_DOWN
	576	446
	577	446
	577	445
	578	445
	579	445
	580	444
	581	444
	582	444
	582	443
	581	443
	581	442
	580	442
	580	441
	579	441
	578	440
	578	439
	577	438
	577	437
	577	436
	578	435
	579	435
	580	435
	581	435
	582	435
.PEN_UP
.PEN_DOWN
	575	441
	576	440
	577	440
	578	440
	579	440
	580	440
	581	440
	582	440
	583	440
	584	440
.PEN_UP
.PEN_DOWN
	588	443
	588	442
	588	441
	588	440
	588	439
	588	438
	588	437
.PEN_UP
.PEN_DOWN
	584	443
	585	443
	586	443
	587	443
	588	443
	589	443
	590	444
	591	444
	592	444
.PEN_UP
.PEN_DOWN
	584	438
	585	437
	586	437
	586	436
	587	436
	588	437
	589	437
	590	437
	591	437
	592	437
.PEN_UP
.PEN_DOWN
	598	444
	598	443
	597	443
	597	442
	596	441
	595	440
	594	439
	594	438
	594	437
	594	436
	595	435
	596	435
	597	435
	598	435
	598	436
	599	436
	600	437
	600	438
	600	439
	599	439
	598	439
.PEN_UP
.PEN_DOWN
	604	444
	605	444
	605	443
	606	443
	607	443
	608	443
	609	443
	608	442
	608	441
	607	441
	607	440
	606	440
	606	439
	606	438
	605	438
	605	437
	605	436
	605	435
	606	435
	606	434
	607	434
	608	434
	609	434
	609	435
.PEN_UP
.PEN_DOWN
	603	439
	604	439
	605	439
	606	439
	607	439
	608	439
	608	438
	609	438
.PEN_UP
.PEN_DOWN
	613	440
	613	439
	613	438
	613	437
	612	436
	612	435
	613	435
	613	436
	614	436
	614	437
	614	438
	614	439
	615	439
	615	440
	616	441
	616	442
	616	443
	616	444
	616	443
	616	442
	616	441
	616	440
	617	440
	617	439
	617	438
	618	438
	618	437
	618	436
	618	435
	619	435
.PEN_UP
.PEN_DOWN
	615	438
	616	438
	617	438
	618	438
.PEN_UP
.PEN_DOWN
	625	443
	625	442
	625	441
	624	441
	623	440
	623	439
	622	438
	622	437
	622	436
	622	435
	622	434
	623	434
	624	434
	625	434
	626	434
	627	434
	627	435
	627	436
	626	437
	625	437
	624	437
	624	436
.PEN_UP
.PEN_DOWN
	636	442
	636	441
	635	441
	634	441
	633	441
	633	440
	632	440
	631	439
	631	438
	631	437
	631	436
	630	436
	630	435
	630	434
	631	433
	632	433
	633	433
	634	433
	634	434
	635	434
	635	435
	635	436
	634	436
	634	437
	633	437
	633	436
	632	436
.PEN_UP
.PEN_DOWN
	641	439
	640	438
	640	437
	640	436
	640	435
.PEN_UP
.PEN_DOWN
	640	440
	641	440
	642	440
	643	441
	644	441
	645	441
.PEN_UP
.PEN_DOWN
	640	437
	640	436
	641	436
	641	437
	642	437
	643	438
	644	438
	645	438
.PEN_UP
.PEN_DOWN
	639	434
	640	434
	641	434
	642	434
	643	434
	644	434
	645	434
	646	434
	646	435
	647	435
.PEN_UP
.PEN_DOWN
	651	441
	651	440
	650	440
	650	439
	650	438
	649	438
	649	437
	649	436
	649	435
	649	434
	650	434
	650	435
.PEN_UP
.PEN_DOWN
	647	443
	648	443
	649	442
	650	442
	651	441
	652	441
	653	441
	654	440
	655	440
	655	439
	655	438
	654	438
	654	437
	653	437
	652	436
	651	436
	651	435
	650	435
	649	434
.PEN_UP
.PEN_DOWN
	660	438
	661	438
	661	439
	661	438
.PEN_UP
.PEN_DOWN
	660	432
	660	431
	660	430
	659	430
.PEN_UP
.PEN_DOWN
	674	442
	673	442
	672	442
	672	441
	671	441
	671	440
	671	439
	672	439
	673	439
	673	440
	673	439
	673	440
	673	441
	673	442
	673	443
	673	442
	673	441
	673	440
	673	439
	673	438
	673	437
	673	436
	673	435
	672	435
	672	436
	672	437
	671	437
	671	438
	671	439
	670	440
	671	440
	672	440
	673	440
	674	440
	677	440
	678	440
.PEN_UP
.PEN_DOWN
	685	443
	685	444
	685	443
	685	442
	685	441
	685	440
	685	439
	685	438
	685	437
	685	436
	686	436
	687	437
	687	438
	688	439
	688	440
	688	441
	689	441
	689	442
	689	441
	689	440
	689	439
	689	438
	690	438
	690	437
	691	437
	691	438
	692	439
	692	440
	692	442
	692	443
	691	444
.PEN_UP
.PEN_DOWN
	695	440
	695	439
	695	438
	695	437
	694	436
	694	435
	694	434
	694	435
	694	436
	695	437
	695	438
	695	439
	695	440
	695	441
	695	442
	696	443
	696	442
	697	442
	697	441
	697	440
	697	439
	697	438
	697	437
	697	436
	698	436
	698	435
.PEN_UP
.PEN_DOWN
	695	439
	696	439
	696	438
	697	438
	698	438
	699	438
.PEN_UP
.PEN_DOWN
	700	441
	701	441
	701	440
	701	439
	700	439
	700	438
	700	437
	700	436
	701	436
	702	436
	702	437
	703	437
	703	438
	703	439
	704	439
	704	440
	704	441
.PEN_UP
.PEN_DOWN
	706	441
	706	440
	706	439
	706	438
	706	437
	706	436
.PEN_UP
.PEN_DOWN
	707	442
	708	442
	709	443
	710	443
	711	443
.PEN_UP
.PEN_DOWN
	708	441
	709	441
	710	441
	710	440
.PEN_UP
.PEN_DOWN
	706	438
	706	437
	707	437
	708	437
	709	437
	710	437
	710	438
	711	438
.PEN_UP
.PEN_DOWN
	713	441
	713	440
	712	440
	712	439
	712	438
	712	437
	712	436
	712	437
	712	438
	712	439
	712	440
	711	440
	711	441
	711	442
	711	443
	711	444
.PEN_UP
.PEN_DOWN
	714	443
	715	443
	716	443
	717	443
	717	442
	717	441
	717	440
	717	439
	716	439
	715	438
	714	438
	714	437
	713	437
	713	436
	712	436
.PEN_UP
.PEN_DOWN
	727	441
	727	442
	726	442
	727	442
	727	441
.PEN_UP
.PEN_DOWN
	726	435
	726	434
	726	433
	725	433
	725	432
	725	431
.PEN_UP
.PEN_DOWN
	739	442
	739	441
	739	440
	739	439
	739	438
	739	437
	739	436
	738	436
	738	435
	738	436
	737	436
	736	437
	736	438
	735	438
	735	439
	736	439
	737	439
	738	439
	739	439
	740	439
	741	439
.PEN_UP
.PEN_DOWN
	751	440
	751	439
	751	438
	751	437
	750	437
	750	436
	750	435
	750	434
	751	434
	752	435
	753	435
	753	436
	754	436
	754	437
	755	437
	755	438
	755	439
	756	439
	756	438
	756	437
	756	436
	756	435
	757	435
	758	435
	758	436
	759	436
	759	437
	760	437
	760	438
	760	439
	760	440
	761	440
	761	441
.PEN_UP
.PEN_DOWN
	766	439
	766	438
	765	438
	765	437
	764	437
	764	436
	764	435
	765	435
	765	436
	765	437
	766	438
	766	439
	766	440
	766	441
	767	442
	767	441
	767	440
	767	439
	768	438
	768	437
	768	436
	768	435
	769	435
.PEN_UP
.PEN_DOWN
	764	438
	764	437
	765	437
	766	437
	767	437
	768	437
	769	437
	770	437
.PEN_UP
.PEN_DOWN
	772	441
	772	440
	773	440
	773	439
	774	439
	774	438
	775	438
	776	437
	777	436
	778	435
.PEN_UP
.PEN_DOWN
	778	442
	778	441
	777	441
	777	440
	777	439
	776	439
	775	438
	774	437
	774	436
	773	436
	773	435
	773	434
.PEN_UP
.PEN_DOWN
	783	440
	784	439
	783	439
	783	438
	783	437
	783	436
.PEN_UP
.PEN_DOWN
	782	441
	783	441
	783	442
	784	442
	785	442
	786	442
	787	442
	788	442
	789	442
.PEN_UP
.PEN_DOWN
	785	439
	786	439
	787	439
.PEN_UP
.PEN_DOWN
	781	435
	782	435
	783	435
	784	435
	785	435
	786	435
	787	435
	788	435
.PEN_UP
.PEN_DOWN
	797	440
	798	440
	798	439
	798	438
	798	437
	797	437
	797	436
.PEN_UP
.PEN_DOWN
	794	443
	795	442
	796	441
	797	441
	798	440
	799	439
	800	439
	800	438
	800	437
	799	437
	798	436
	797	436
	796	436
.PEN_UP
.PEN_DOWN
	807	444
	807	445
	807	444
	806	444
	806	443
	806	442
	806	441
	805	441
	805	440
	805	439
.PEN_UP
.PEN_DOWN
	804	433
	804	432
	804	431
	803	431
	803	432
	803	433
.PEN_UP
