
.WRITER_ID MikeKelly
.STYLE PRINTED
.PEN_DOWN
	353	446
	353	447
	353	446
	354	445
	355	445
	355	444
	356	444
	357	443
	357	442
	358	441
	359	440
	360	439
	361	439
	361	438
	362	436
	363	435
	364	434
	364	433
	364	432
.PEN_UP
.PEN_DOWN
	365	448
	364	448
	363	447
	362	446
	361	445
	360	443
	359	442
	358	441
	358	440
	357	439
	357	438
	356	437
	356	436
	356	435
.PEN_UP
.PEN_DOWN
	374	444
	374	443
	373	442
	373	441
	373	440
	372	439
	371	438
	371	437
	371	436
	371	435
	372	436
	373	437
	373	438
	373	439
	373	440
	374	441
	374	442
	374	444
	374	445
	374	447
	374	448
	375	447
	375	445
	376	444
	376	443
	377	443
	377	442
	377	441
	378	440
	378	439
	378	438
	379	437
	379	436
.PEN_UP
.PEN_DOWN
	373	440
	374	439
	375	439
	376	439
	377	439
	378	439
	378	440
	379	440
	380	440
	381	440
.PEN_UP
.PEN_DOWN
	386	445
	386	444
	386	443
	386	442
	387	442
	387	441
	387	440
	387	439
	388	439
	389	439
	390	439
	390	440
	391	440
	391	441
	391	442
	391	443
	391	444
	391	445
	391	446
	391	447
	390	446
.PEN_UP
.PEN_DOWN
	398	446
	398	447
	399	446
	400	445
	400	444
	400	443
	401	442
	401	441
	401	440
	402	439
	402	438
.PEN_UP
.PEN_DOWN
	397	446
	398	446
	398	447
	399	447
	400	447
	401	447
	402	447
	403	447
	404	447
	405	447
.PEN_UP
.PEN_DOWN
	398	439
	399	439
	400	438
	401	438
	402	439
	403	439
	404	439
	405	439
.PEN_UP
.PEN_DOWN
	414	444
	414	443
	414	442
	414	441
	414	440
	414	439
	415	439
	415	438
	415	437
.PEN_UP
.PEN_DOWN
	414	445
	415	446
	416	446
	417	446
	418	446
.PEN_UP
.PEN_DOWN
	415	441
	416	441
	417	441
	417	442
	418	442
	418	443
.PEN_UP
.PEN_DOWN
	415	438
	415	437
	416	437
	417	437
	418	437
	419	437
	420	437
	421	437
.PEN_UP
.PEN_DOWN
	426	442
	426	441
	426	440
	427	440
	427	439
	427	438
	427	437
	427	436
	427	435
	427	434
.PEN_UP
.PEN_DOWN
	426	443
	427	443
	427	444
	428	444
	429	445
	430	445
	431	445
	431	444
	431	443
	431	442
	430	442
	429	441
	429	440
	429	439
	429	438
	429	437
	430	437
	431	437
	431	436
	432	436
	433	436
	434	437
.PEN_UP
.PEN_DOWN
	440	444
	440	443
	440	442
	440	441
.PEN_UP
.PEN_DOWN
	449	445
	448	445
	448	444
	447	444
	446	444
	445	444
	445	443
	444	443
	444	442
	445	442
	446	441
	447	441
	448	441
	448	440
	449	440
	450	440
	451	439
	451	438
	451	437
	451	436
	451	435
	450	435
	449	434
	448	434
.PEN_UP
.PEN_DOWN
	476	446
	476	445
	475	445
	474	444
	473	444
	472	444
	471	444
	471	443
	471	442
	472	442
	473	442
	474	442
	474	441
	473	441
	473	440
	472	440
	472	439
	471	439
	470	439
	470	438
	470	437
	471	437
	471	436
	470	435
	469	434
	469	433
	469	432
	469	431
	470	431
	471	431
.PEN_UP
.PEN_DOWN
	481	441
	481	440
	481	439
	480	439
	480	438
	480	437
	480	436
	480	435
.PEN_UP
.PEN_DOWN
	487	448
	487	447
	487	446
	487	445
	487	444
	487	443
	487	442
	487	441
	487	440
	487	439
	487	438
	487	437
	487	436
.PEN_UP
.PEN_DOWN
	479	442
	479	441
	480	441
	481	441
	481	442
	482	442
	483	442
	484	442
	485	442
	486	442
	486	443
	487	443
	488	443
.PEN_UP
.PEN_DOWN
	478	438
	479	437
	480	437
	481	437
	482	437
	484	438
	485	438
	487	439
	489	439
	490	439
.PEN_UP
.PEN_DOWN
	496	444
	497	443
	497	442
	496	441
	496	440
	496	439
.PEN_UP
.PEN_DOWN
	502	441
	502	440
	501	440
	500	440
	500	439
	501	439
	502	439
	502	438
	503	438
	504	437
	504	436
	504	435
	503	434
	502	434
	502	433
	501	433
.PEN_UP
.PEN_DOWN
	509	444
	510	444
	511	444
	512	444
	513	444
	514	444
	514	443
	513	442
	512	441
	511	441
	510	440
	509	439
	509	438
	510	438
	511	438
	511	437
	511	436
	511	435
	511	434
	511	433
	511	432
	512	432
	512	431
	513	431
	513	430
	512	430
	511	429
	510	428
	509	427
	508	427
	508	426
	507	425
	506	425
	505	425
	505	424
	508	424
.PEN_UP
.PEN_DOWN
	528	444
	528	443
	528	442
	528	441
	528	440
	528	439
	528	440
	528	441
	529	442
	529	443
	529	444
	530	444
	531	443
	531	442
	532	441
	533	440
	534	440
	535	440
	535	441
	536	441
	536	442
	536	443
	537	443
	537	444
.PEN_UP
.PEN_DOWN
	544	442
	543	442
	543	443
	544	443
	545	443
	546	443
	547	443
	548	443
	549	443
	550	443
	551	442
	552	442
	552	441
	551	440
	550	439
	549	438
	548	438
	547	437
	547	436
	546	435
	546	434
	545	433
	544	433
	544	432
	544	431
	544	430
	545	430
	546	430
	548	430
	549	430
.PEN_UP
.PEN_DOWN
	543	436
	544	436
	545	436
	546	436
	547	436
	548	436
	548	437
	549	437
	550	437
	551	436
	552	436
.PEN_UP
.PEN_DOWN
	555	437
	555	436
	555	435
	555	434
	554	433
	554	432
	555	432
	556	432
	556	433
	557	434
	558	434
	558	435
	558	436
	559	437
	559	438
	559	439
	559	440
	560	441
	560	442
	560	441
	560	440
	560	439
	560	438
	560	437
	560	436
	560	435
	560	434
	560	433
	560	432
	560	431
	560	430
	560	429
.PEN_UP
.PEN_DOWN
	555	435
	556	435
	556	434
	557	434
	558	434
	559	434
	561	434
	562	434
	563	434
.PEN_UP
.PEN_DOWN
	566	439
	567	438
	567	437
	567	436
	566	436
	566	435
	566	434
	566	433
	566	432
	566	431
	566	430
	566	429
.PEN_UP
.PEN_DOWN
	566	441
	567	441
	567	442
	568	442
	569	442
	570	442
	571	442
	572	442
	573	442
	573	441
	573	440
	572	440
	572	439
	571	439
	570	438
	569	438
	568	437
.PEN_UP
.PEN_DOWN
	578	441
	578	440
	577	440
	577	439
	576	438
	576	439
	577	439
	577	440
	577	441
	578	441
	578	442
	578	443
	579	443
	579	442
	579	441
	580	441
	580	440
	580	439
	581	439
	582	439
	583	439
	583	440
	584	440
	584	441
	585	441
	585	442
	586	443
	586	444
	585	444
.PEN_UP
.PEN_DOWN
	590	436
	590	437
	590	438
	590	439
	590	438
	590	437
.PEN_UP
.PEN_DOWN
	588	429
	589	428
	589	427
	589	426
	588	426
	588	425
	588	424
	588	423
.PEN_UP
.PEN_DOWN
	607	440
	608	439
	609	439
	609	440
	609	441
	608	441
	608	442
	607	442
	606	442
	605	442
	604	442
	603	441
	602	441
	601	440
	602	440
	603	439
	604	439
	605	439
	606	439
	607	439
	607	438
	608	438
	608	437
	608	436
	608	435
	607	434
	606	433
	606	432
	605	432
	605	431
	604	431
	604	432
.PEN_UP
.PEN_DOWN
	607	448
	607	447
	606	446
	606	445
	605	444
	605	443
	605	442
	604	440
	604	439
	604	438
	604	436
	604	435
	604	432
	604	431
	604	430
	604	429
	604	428
	604	427
	605	426
.PEN_UP
.PEN_DOWN
	615	440
	615	439
	615	438
	615	437
	615	436
	614	436
	614	435
.PEN_UP
.PEN_DOWN
	623	436
	622	436
	621	436
	621	435
	620	435
	620	434
	621	434
	621	433
	622	433
	623	433
	623	432
	624	432
	624	431
	624	430
	624	429
	623	429
	623	428
	622	428
.PEN_UP
.PEN_DOWN
	636	438
	637	438
	637	437
	636	436
	636	435
	635	434
	635	433
	635	432
	634	431
	634	430
	635	430
.PEN_UP
.PEN_DOWN
	635	438
	636	438
	637	438
	638	439
	639	439
	640	439
	641	439
.PEN_UP
.PEN_DOWN
	637	434
	638	434
.PEN_UP
.PEN_DOWN
	634	428
	635	428
	636	428
	637	428
	638	428
	638	429
	639	429
	640	430
.PEN_UP
.PEN_DOWN
	645	437
	645	436
	646	436
	647	436
	648	435
	649	435
	649	434
	650	434
	651	434
	651	433
	651	432
	652	431
.PEN_UP
.PEN_DOWN
	650	440
	650	439
	650	438
	649	438
	649	437
	648	437
	648	436
	648	435
	647	434
	646	433
	646	432
	646	430
	646	429
.PEN_UP
.PEN_DOWN
	659	436
	659	435
	659	434
	659	433
	658	432
	658	431
	658	430
	659	430
	659	429
.PEN_UP
.PEN_DOWN
	656	438
	657	438
	658	439
	659	439
	660	439
	661	439
	661	440
	662	440
	663	440
	664	440
	664	439
	663	438
	663	437
	662	437
	662	436
	661	435
	660	434
	659	434
	659	433
.PEN_UP
.PEN_DOWN
	671	437
	671	436
	670	435
	670	434
	669	434
	669	433
	669	432
	669	431
	669	430
.PEN_UP
.PEN_DOWN
	666	436
	667	436
	668	436
	669	436
	670	437
	671	437
	672	437
	673	438
	674	438
.PEN_UP
.PEN_DOWN
	665	431
	666	430
	667	430
	668	430
	668	431
	669	431
	670	431
	671	431
.PEN_UP
.PEN_DOWN
	678	436
	678	435
	677	434
	677	433
	677	432
	676	431
	676	430
	676	429
	677	429
.PEN_UP
.PEN_DOWN
	678	437
	678	438
	679	438
	679	439
	680	439
	681	439
	682	439
	682	438
	681	437
	680	436
	679	435
	678	435
	678	434
	678	433
	678	432
	678	431
	679	431
	680	431
	680	430
	681	430
	682	430
.PEN_UP
.PEN_DOWN
	686	434
	686	433
	685	433
	685	432
	685	431
	685	430
.PEN_UP
.PEN_DOWN
	686	436
	687	436
	688	437
	689	437
	690	438
.PEN_UP
.PEN_DOWN
	687	433
	688	433
	689	434
	690	434
	691	434
	691	435
.PEN_UP
.PEN_DOWN
	686	431
	686	430
	686	429
	687	429
	687	428
	688	428
	689	428
	690	428
.PEN_UP
.PEN_DOWN
	708	436
	708	437
	708	438
	707	438
	706	438
	705	438
	704	437
	704	436
	704	435
	704	434
	705	434
	705	435
	706	435
	706	436
	706	435
	707	435
	708	435
	709	435
	709	436
	710	436
	710	437
	710	438
	711	438
	711	439
	711	441
	710	442
	710	443
	709	443
	708	443
	707	443
	706	443
	705	442
	704	441
	703	439
	702	439
	702	437
	702	436
	702	435
	702	434
	702	433
	703	432
	704	431
	705	430
	706	430
	709	430
	710	430
.PEN_UP
.PEN_DOWN
	724	440
	724	441
	725	441
	725	442
	726	442
	727	442
	728	442
	729	442
	730	441
	730	440
	730	439
	729	439
	728	438
	727	437
	727	436
	728	435
	729	435
	729	434
	730	434
	730	433
	730	432
	730	431
	729	431
	729	430
	728	430
	727	430
	726	430
	725	430
.PEN_UP
.PEN_DOWN
	738	439
	739	439
	738	439
.PEN_UP
.PEN_DOWN
	738	434
	738	433
	737	433
	738	433
.PEN_UP
.PEN_DOWN
	749	441
	749	440
	749	439
	749	438
	748	438
	748	437
	747	436
	747	435
	747	434
	747	433
	747	432
	747	431
	747	430
	747	429
.PEN_UP
.PEN_DOWN
	757	430
	757	429
	757	428
	757	429
	756	429
	755	429
	756	429
.PEN_UP
