
.WRITER_ID MikeKelly
.STYLE PRINTED
.PEN_DOWN
	449	437
	449	438
	449	439
	449	440
	449	441
	448	441
	447	441
	446	441
	445	441
	444	441
	444	440
	443	440
	443	439
	443	437
	443	436
	443	435
	443	434
	443	433
	443	432
	443	431
	443	430
	443	429
	443	428
	443	427
	443	426
	443	425
	443	424
.PEN_UP
.PEN_DOWN
	440	432
	441	432
	442	432
	443	432
	444	431
	445	431
	446	431
	447	431
	448	431
	449	431
.PEN_UP
.PEN_DOWN
	453	430
	453	431
	452	431
	451	431
	451	430
	450	430
	450	429
	450	428
	449	428
	449	427
	450	427
	450	426
	451	426
	452	426
	452	427
	452	428
	453	428
	453	429
	453	428
	454	427
	454	426
	455	425
	456	425
.PEN_UP
.PEN_DOWN
	460	430
	461	430
	461	429
	461	428
	461	427
	461	426
	461	425
	462	425
.PEN_UP
.PEN_DOWN
	464	435
	464	436
.PEN_UP
.PEN_DOWN
	470	437
	470	436
	470	435
	470	434
	470	433
	469	433
	469	432
	469	431
	469	430
	469	429
	469	428
	469	427
	470	426
	470	425
	471	425
.PEN_UP
.PEN_DOWN
	475	429
	476	429
	477	429
	478	429
	479	429
	479	430
	479	431
	479	432
	479	433
	478	433
	477	432
	477	431
	476	431
	476	430
	476	429
	475	429
	475	428
	476	427
	476	426
	477	426
	478	425
	479	425
	480	425
.PEN_UP
.PEN_DOWN
	486	427
	486	428
	485	428
	484	428
	483	428
	483	427
	483	426
	484	426
	485	426
	485	427
	486	427
	486	428
	487	428
	487	429
	487	430
	487	431
	487	432
	487	433
	487	435
	487	436
	487	437
	487	438
	486	439
	486	440
	486	441
	486	440
	486	439
	486	438
	486	437
	486	436
	486	435
	487	434
	487	433
	487	432
	488	430
	488	429
	489	428
	489	427
	490	426
.PEN_UP
.PEN_DOWN
	502	430
	502	431
	502	430
	502	429
	502	428
	502	427
	502	426
	503	426
	503	427
	504	428
	504	429
	505	429
	505	430
	505	429
	505	428
	505	427
	505	426
	506	426
	506	425
	507	425
	507	426
	508	426
	508	427
	508	428
	509	428
	509	429
	509	430
	509	431
	508	431
.PEN_UP
.PEN_DOWN
	512	429
	512	428
	513	428
	513	427
	513	426
	513	425
.PEN_UP
.PEN_DOWN
	512	432
	513	432
	513	433
	513	434
	513	433
.PEN_UP
.PEN_DOWN
	517	432
	517	431
	518	431
	519	432
	519	431
	519	430
	519	429
	519	428
	518	428
	518	427
	518	426
	518	425
	519	425
	519	424
	520	424
	521	424
	522	424
	522	425
	523	425
.PEN_UP
.PEN_DOWN
	516	428
	516	427
	517	427
	518	427
	519	427
	520	428
	521	428
	522	428
	523	428
.PEN_UP
.PEN_DOWN
	527	429
	528	430
	528	431
	527	431
	527	432
	526	432
	526	431
	525	431
	524	430
	524	429
	524	428
	524	427
	524	426
	524	425
	525	425
	526	426
	527	426
	527	427
	527	428
	528	428
	528	429
	528	428
	528	427
	528	426
	529	426
	529	425
	530	425
	531	426
.PEN_UP
.PEN_DOWN
	534	428
	534	427
	535	427
	535	426
	535	425
	535	426
	535	427
	535	428
	536	429
	536	430
	537	431
	537	432
	538	432
	538	431
	539	431
	539	430
.PEN_UP
.PEN_DOWN
	545	428
	545	429
	544	429
	543	429
	542	429
	541	429
	541	428
	540	427
	540	426
	541	425
	542	425
	543	425
	543	426
	544	426
	544	427
	545	428
	545	429
	545	430
	545	432
	545	433
	545	434
	545	435
	545	436
	545	437
	545	438
	545	439
	545	440
	545	441
	544	441
	544	440
	544	439
	544	438
	544	437
	544	436
	544	435
	545	434
	545	433
	546	430
	546	429
	546	428
	547	427
	547	426
	548	425
.PEN_UP
.PEN_DOWN
	559	437
	559	436
	560	434
	560	433
	560	432
	560	431
	560	430
	560	429
	560	428
	560	427
	560	428
	560	429
	561	429
	561	430
	561	431
	561	432
	562	432
	562	433
	563	433
	564	433
	565	433
	564	432
	564	431
	563	431
	563	430
	563	429
	563	428
	564	428
	564	427
	565	427
	566	427
	567	427
.PEN_UP
.PEN_DOWN
	571	432
	571	431
	571	430
	570	429
	570	428
	571	428
	571	429
	571	430
	572	430
	572	431
	573	432
	573	433
	573	432
	573	431
	574	430
	574	429
	574	428
	574	427
	575	427
.PEN_UP
.PEN_DOWN
	577	432
	578	432
	579	432
	580	432
	580	433
	579	433
	578	433
	577	433
	577	432
	576	431
	576	430
	576	429
	576	428
	577	428
	578	428
	579	428
.PEN_UP
.PEN_DOWN
	583	433
	583	432
	583	431
	583	430
	584	430
	584	429
	584	428
	585	428
	585	429
	586	429
	586	430
	586	431
	587	431
	587	432
	587	431
	588	431
	588	430
	588	429
	589	429
	590	429
	591	429
	591	430
	591	431
	591	432
	591	433
	591	434
.PEN_UP
.PEN_DOWN
	606	438
	606	437
	605	437
	605	436
	605	435
	604	435
	604	434
	604	433
	603	432
	603	431
	603	430
	603	429
	604	429
	604	428
	605	427
	606	427
	607	427
	608	427
	609	427
	610	427
.PEN_UP
.PEN_DOWN
	601	434
	601	433
	602	433
	603	433
	604	433
	606	433
	607	433
	608	433
	609	433
	611	434
.PEN_UP
.PEN_DOWN
	613	439
	614	439
	614	438
	614	437
	613	437
	613	436
	613	435
	613	434
	613	433
	613	432
	612	431
	612	430
	612	429
	613	429
	614	429
	614	430
	615	431
	616	432
	616	433
	617	433
	617	432
	616	431
	616	430
	616	429
	617	429
	617	428
	618	428
	618	427
	619	427
	620	427
.PEN_UP
.PEN_DOWN
	625	433
	624	433
	624	432
	623	432
	623	431
	623	430
	623	429
	624	429
	624	430
	625	431
	625	432
	625	431
	625	430
	625	429
	626	428
	627	428
.PEN_UP
.PEN_DOWN
	633	438
	633	437
	633	436
	632	436
	632	435
	632	434
	632	433
	631	433
	631	432
	631	431
	631	430
	631	429
	631	428
	632	428
	632	427
	633	427
	633	426
	634	426
	635	426
	636	426
	636	427
.PEN_UP
.PEN_DOWN
	627	435
	627	434
	628	433
	629	433
	630	433
	631	433
	632	433
.PEN_UP
.PEN_DOWN
	652	432
	652	433
	651	433
	650	433
	649	433
	648	433
	648	432
	649	432
	650	431
	651	431
	652	430
	653	430
	653	429
	653	428
	653	427
	652	426
	651	425
	650	425
	649	425
	649	426
.PEN_UP
.PEN_DOWN
	658	433
	658	432
	657	432
	657	431
	656	431
	656	430
	656	429
	656	428
	657	427
	658	427
	659	427
	660	427
	660	428
	660	429
	660	430
	659	430
	659	431
.PEN_UP
.PEN_DOWN
	665	432
	665	431
	665	430
	665	429
	665	428
	665	427
	665	426
	666	426
	666	427
	667	427
	667	428
	668	428
	668	429
	669	430
	669	431
	669	432
	669	431
	669	430
	669	429
	670	428
	671	428
	672	428
	673	429
	673	430
	674	431
	675	431
	675	432
	675	431
	675	430
	675	429
	675	428
	675	427
	676	426
.PEN_UP
.PEN_DOWN
	681	431
	682	431
	682	430
	683	430
	684	430
	685	430
	686	430
	686	431
	687	431
	687	432
	687	433
	686	434
	685	434
	684	434
	683	434
	683	433
	682	433
	681	432
	681	431
	681	430
	681	429
	681	428
	682	427
	682	426
	683	426
	684	425
	685	425
	686	425
.PEN_UP
