
.WRITER_ID DaveMeek
.STYLE PRINTED
.PEN_DOWN
	114	404
	115	404
	115	403
	114	402
	114	401
	114	400
	114	399
	114	398
	114	396
	114	395
	114	393
	114	389
	114	387
	115	386
	115	384
	115	383
	115	382
	116	381
.PEN_UP
.PEN_DOWN
	144	406
	144	407
	144	408
	143	409
	143	410
	142	411
	141	412
	140	412
	139	412
	138	412
	137	412
	137	411
	136	411
	136	410
	135	410
	134	409
	134	408
	133	407
	132	406
	132	405
	132	404
	132	403
	131	402
	131	401
	131	399
	131	397
	131	396
	131	395
	131	394
	132	391
	132	390
	132	388
	133	387
	133	386
	134	385
	134	384
	134	383
	135	383
	135	382
	136	382
.PEN_UP
.PEN_DOWN
	126	393
	127	392
	128	392
	128	393
	129	393
	130	393
	131	393
	132	393
	133	393
	134	394
	136	394
	137	394
	138	394
	139	394
	140	394
	141	393
.PEN_UP
.PEN_DOWN
	167	407
	167	406
	167	405
	166	405
	166	403
	166	402
	166	401
	166	399
	166	398
	165	396
	165	395
	165	393
	165	392
	165	390
	165	389
	165	388
	165	387
	166	386
	166	385
.PEN_UP
.PEN_DOWN
	165	410
	166	410
	166	409
	166	408
	166	407
	166	406
	167	405
	167	404
	168	403
	168	401
	169	400
	169	399
	170	397
	171	396
	171	395
	172	394
	172	393
	173	392
	173	391
	173	390
	174	390
	174	389
	175	389
	175	390
	176	390
	176	391
	176	392
	177	393
	177	394
	177	395
	177	396
	178	397
	178	398
	178	399
	178	400
	178	401
	178	402
	179	403
	179	404
	179	405
	179	406
	179	407
	179	408
	179	409
	179	408
	180	408
	180	407
	180	406
	180	405
	181	405
	181	404
	182	402
	182	401
	182	400
	182	399
	183	397
	183	396
	184	395
	184	394
	185	393
	185	392
	186	391
	187	389
	188	388
	188	387
	189	386
.PEN_UP
.PEN_DOWN
	198	394
	198	393
	198	392
	197	392
	197	391
	197	390
	197	389
	198	388
	198	387
	199	386
	200	385
	201	384
	202	384
	202	385
	204	385
	204	386
	205	386
	205	387
	205	388
	206	389
	206	390
	207	391
	207	392
	207	391
	206	390
	206	389
	206	388
	205	386
	205	383
	204	381
	204	380
	204	378
	204	376
	204	373
	204	371
	204	369
	204	367
	204	365
	204	364
	205	362
.PEN_UP
.PEN_DOWN
	233	407
	233	406
	233	405
	233	404
	233	403
	233	402
	233	401
	232	400
	232	399
	232	397
	232	396
	232	394
	232	393
	233	390
	233	389
	233	388
	233	387
	233	386
.PEN_UP
.PEN_DOWN
	231	408
	232	408
	232	407
	232	406
	232	405
	233	405
	233	404
	233	403
	234	402
	234	401
	235	400
	235	399
	236	398
	236	397
	237	396
	237	395
	238	395
	238	394
	239	393
	240	391
	241	391
	241	390
	242	390
	243	390
	243	389
	244	389
	244	388
	245	388
	245	387
	246	387
	246	388
	246	389
	246	390
	247	391
	247	393
	247	394
	247	395
	247	396
	247	398
	248	400
	248	402
	248	404
	248	407
	249	409
	249	411
	249	413
	249	415
.PEN_UP
.PEN_DOWN
	256	396
	257	396
	258	396
	259	396
	260	396
	261	396
	262	395
	263	395
	263	394
	263	393
	264	393
	264	392
	265	391
	265	390
	266	390
	266	389
	266	390
	265	390
	265	391
	264	391
	263	391
	262	391
	261	391
	260	391
	260	390
	259	390
	258	389
	257	388
	257	387
	256	387
	256	386
	257	386
	257	385
	258	385
	259	385
	260	385
	261	385
	261	386
	262	386
	263	386
	264	386
	265	387
	266	387
.PEN_UP
.PEN_DOWN
	273	398
	273	397
	274	396
	274	395
	274	394
	274	393
	274	392
	274	391
	274	390
	275	389
	275	388
	275	387
	275	388
	275	389
	275	390
	275	391
	276	392
	276	393
	276	394
	276	395
	277	395
	277	396
	277	397
	278	397
	278	398
	279	399
	280	399
	281	399
	281	398
	282	398
	282	397
	282	396
	282	395
	283	395
	283	394
	283	393
	283	392
	283	391
	283	390
	284	390
	284	389
	284	388
	284	387
	285	387
	286	388
	286	389
	286	390
	287	390
	287	391
	287	392
	288	393
	288	394
	288	395
	289	395
	289	396
	290	396
	291	395
	292	394
	292	393
	292	392
	292	391
	292	390
	293	390
	293	389
	293	388
	294	388
	294	387
.PEN_UP
.PEN_DOWN
	301	392
	302	392
	302	391
	303	391
	304	391
	305	391
	305	392
	306	392
	307	393
	308	394
	309	395
	309	396
	309	397
	309	398
	309	399
	308	399
	307	399
	306	399
	305	399
	305	398
	304	398
	303	397
	302	396
	302	395
	301	395
	301	394
	300	393
	300	392
	300	391
	299	390
	299	389
	299	388
	299	387
	300	386
	301	385
	302	384
	303	384
	304	384
	305	384
	306	384
	307	384
	308	385
	309	385
	310	386
.PEN_UP
.PEN_DOWN
	330	398
	331	397
	332	396
	333	396
	333	395
	334	395
	335	395
	336	395
	336	396
	337	396
	338	396
	339	396
	340	396
	342	396
	343	397
	344	397
	345	397
	347	397
	348	397
	349	396
.PEN_UP
.PEN_DOWN
	336	389
	337	390
	338	390
	339	390
	340	390
	341	390
	343	390
	345	390
	346	390
	347	390
	348	390
.PEN_UP
.PEN_DOWN
	369	414
	369	413
	369	412
	368	411
	368	410
	368	409
	368	408
.PEN_UP
.PEN_DOWN
	375	413
	375	412
	375	411
	375	410
	375	409
	374	407
	374	406
	374	405
	374	404
	374	403
.PEN_UP
.PEN_DOWN
	388	402
	389	402
	389	401
	390	401
	390	400
	391	400
	392	399
	393	399
	394	398
	394	397
	395	397
	395	396
	396	395
	397	395
	398	394
.PEN_UP
.PEN_DOWN
	403	406
	403	407
	404	408
	404	409
	404	410
	405	410
	405	409
	404	408
	404	407
	403	405
	403	404
	402	402
	402	400
	401	398
	401	396
	400	394
	399	392
	399	389
	398	387
	398	382
	398	380
	398	379
	397	377
.PEN_UP
.PEN_DOWN
	410	395
	411	395
	410	395
	409	395
	409	394
	408	394
	408	393
	408	392
	408	391
	407	390
	407	389
	407	388
	407	387
	407	386
	408	386
	409	385
	410	385
	411	386
	413	386
	414	386
	415	387
	416	387
	416	388
	417	388
	418	389
	418	390
	418	391
	418	392
	418	393
	417	394
	417	395
	416	395
	416	396
	416	397
	414	397
	414	398
	413	398
.PEN_UP
.PEN_DOWN
	426	396
	426	395
	426	394
	426	393
	426	392
	426	391
	427	391
	427	390
	427	389
	427	388
	428	388
	428	387
	430	387
	431	387
	432	387
	433	387
	433	388
	434	389
	434	390
	435	391
	435	392
	435	393
.PEN_UP
.PEN_DOWN
	441	395
	442	394
	442	393
	443	392
	443	390
	443	389
	444	388
	444	387
	444	386
	445	387
	445	388
	444	388
	444	389
	444	390
	444	391
	443	392
	443	393
	443	394
	442	395
	442	396
	443	396
	443	397
	444	398
	445	398
	446	398
	447	398
	447	399
	448	399
	449	399
	450	399
	451	398
.PEN_UP
.PEN_DOWN
	485	412
	485	411
	484	411
	483	411
	482	411
	481	410
	480	410
	479	410
	478	410
	477	409
	475	408
	474	408
	473	408
	473	407
	472	407
	472	406
	471	406
	471	405
	471	404
	472	403
	472	402
	472	401
	472	400
	472	399
	472	398
	472	397
	473	396
	473	395
	473	394
	474	393
	474	392
	474	391
	475	390
	475	389
.PEN_UP
.PEN_DOWN
	483	399
	484	399
	483	399
	482	399
	481	398
	480	398
	479	398
	478	397
	477	397
	476	397
	475	397
.PEN_UP
.PEN_DOWN
	489	397
	489	396
	490	396
	490	395
	490	394
	491	394
	491	393
	491	392
	492	391
	492	390
	493	389
	493	388
	493	389
	492	390
	492	391
	492	392
	492	393
	491	394
	490	395
	490	396
	490	397
	491	397
	491	398
	492	398
	493	398
	493	399
	494	399
	495	399
	496	399
	497	399
	498	399
	499	399
	500	399
.PEN_UP
.PEN_DOWN
	505	395
	505	394
	505	393
	505	392
	506	392
	506	391
	506	390
	507	388
	507	387
	508	386
	509	386
	509	385
.PEN_UP
.PEN_DOWN
	516	391
	517	391
	518	391
	519	391
	520	391
	520	392
	521	392
	522	393
	523	394
	523	395
	524	395
	524	396
	524	397
	524	398
	523	398
	522	398
	521	398
	520	398
	520	397
	519	397
	518	396
	517	395
	517	394
	516	394
	516	393
	515	392
	515	391
	515	390
	515	389
	515	388
	515	387
	516	386
	517	386
	518	385
	519	385
	520	385
	521	385
	522	385
	523	385
	524	385
	524	386
	526	386
	527	386
.PEN_UP
.PEN_DOWN
	532	397
	533	396
	533	395
	533	394
	534	394
	534	393
	534	392
	535	391
	535	390
	535	389
	535	388
	536	387
	536	386
	536	385
	536	386
	537	387
	537	388
	537	389
	537	390
	537	391
	537	392
	537	393
	537	394
	538	394
	538	395
	538	396
	539	396
	539	397
	540	397
	541	397
	541	396
	542	396
	543	395
	543	394
	544	393
	544	392
	544	391
	545	390
	545	389
	545	388
	546	388
	546	387
.PEN_UP
.PEN_DOWN
	558	406
	559	405
	559	404
	559	403
	560	403
	560	402
	560	401
	560	400
	561	399
	561	398
	561	397
	561	395
	562	394
	562	393
	562	392
	562	391
	563	391
	563	390
	563	389
	564	389
	564	390
	563	391
	563	392
	563	393
	563	394
	562	394
	562	395
	561	395
	561	396
	560	396
	559	396
	558	396
	557	396
	555	396
	555	395
	554	395
	553	395
	552	394
	552	393
	551	392
	551	391
	550	390
	551	389
	551	388
	552	387
	553	386
	554	386
	555	386
	556	386
	557	386
	558	386
	559	387
	562	388
.PEN_UP
.PEN_DOWN
	572	387
	572	386
	573	386
	573	385
	574	385
	574	384
	575	383
	575	382
	575	381
	576	381
	576	380
	576	377
	575	376
.PEN_UP
.PEN_DOWN
	581	410
	582	410
	582	409
	583	408
	583	407
	583	406
	584	406
	584	405
	584	404
	584	403
	584	402
	584	401
	585	400
.PEN_UP
.PEN_DOWN
	586	412
	586	411
	587	411
	587	410
	588	410
	588	409
	589	408
	589	407
	589	406
	589	404
	589	403
	589	400
.PEN_UP
