
.WRITER_ID DaveMeek
.STYLE PRINTED
.PEN_DOWN
	104	410
	104	409
	104	408
	103	407
	102	405
	102	403
	101	402
	101	400
	100	399
	100	397
	99	395
	99	394
	98	392
	98	391
	98	390
	97	389
	97	387
	97	386
	97	385
.PEN_UP
.PEN_DOWN
	104	404
	104	403
	104	402
	105	401
	105	400
	106	399
	106	398
	108	396
	108	395
	109	393
	110	392
	111	390
	113	387
	114	386
	115	384
	116	383
	117	382
	118	381
	119	381
.PEN_UP
.PEN_DOWN
	113	391
	112	391
	112	390
	111	390
	110	390
	109	390
	108	390
	107	390
	104	389
	103	388
	102	388
.PEN_UP
.PEN_DOWN
	142	406
	142	407
	142	408
	141	408
	140	408
	139	407
	138	406
	137	405
	137	404
	136	404
	136	403
	135	402
	135	401
	134	400
	134	397
	134	396
	134	395
	134	394
	134	392
	134	391
	134	390
	135	389
	135	387
	136	386
	137	386
	139	385
	140	385
	142	385
	143	385
	145	385
	146	386
	148	387
	149	389
	151	390
	152	392
	153	393
	154	395
	154	398
	154	400
	154	401
	154	403
	154	404
	153	405
	153	406
	152	407
	151	408
	150	408
.PEN_UP
.PEN_DOWN
	144	396
	144	395
	145	395
	146	395
	146	394
	148	393
	149	392
	151	390
	153	390
	154	390
	154	389
	155	389
	156	388
.PEN_UP
.PEN_DOWN
	165	395
	165	394
	165	393
	165	392
	166	391
	166	390
	166	389
	167	388
	168	388
	169	388
	170	388
	171	389
	171	390
	172	390
	172	391
	173	392
	173	393
	173	394
	173	395
	174	395
	174	396
	174	397
.PEN_UP
.PEN_DOWN
	184	396
	185	395
	185	394
	185	393
	186	392
	186	391
	186	390
	186	389
	187	388
	187	387
.PEN_UP
.PEN_DOWN
	204	397
	204	398
	203	398
	202	398
	202	397
	201	397
	201	396
	200	396
	200	395
	199	394
	199	393
	198	392
	198	391
	198	390
	198	389
	198	388
	198	387
	199	387
	199	386
	200	386
	201	386
	202	387
	203	387
	204	388
	205	388
	206	389
	207	390
.PEN_UP
.PEN_DOWN
	216	406
	216	405
	216	404
	216	403
	216	402
	217	401
	217	399
	217	397
	217	396
	218	395
	218	393
	218	392
	219	390
	219	389
	219	388
	220	387
	220	386
	221	386
.PEN_UP
.PEN_DOWN
	225	400
	225	399
	224	398
	223	398
	223	397
	222	396
	221	396
	221	395
	220	395
	220	394
	221	393
	222	392
	223	392
	224	392
	225	392
	227	391
	228	391
	229	391
	230	390
	231	390
	233	389
	234	389
	235	388
	236	387
	237	387
	237	386
.PEN_UP
.PEN_DOWN
	255	405
	256	404
	256	403
	256	402
	256	401
	256	400
	257	399
	257	398
	257	396
	258	395
	258	394
	259	392
	259	391
	260	388
	260	387
	261	387
	261	386
.PEN_UP
.PEN_DOWN
	251	406
	251	407
	252	407
	252	408
	253	408
	253	409
	254	409
	255	410
	256	411
	257	411
	258	412
	259	412
	260	413
	261	413
	262	413
	263	413
	263	412
	264	412
	265	412
	266	412
	266	411
	267	411
	267	410
	267	409
	267	408
	267	407
	266	406
	266	405
	266	404
	265	404
	265	403
	264	403
	263	402
	263	401
	262	401
	262	400
	260	399
	259	399
	258	398
	257	397
	257	396
	256	396
	255	396
	255	395
	255	396
	256	396
	257	396
	258	396
	259	397
	260	397
	261	397
	261	398
	262	398
	263	398
	263	399
	264	399
	265	399
	266	399
	267	399
	268	399
	269	399
	270	398
	271	398
	272	398
	272	397
	273	397
	273	396
	273	395
	273	394
	273	393
	272	392
	272	391
	272	390
	271	390
	270	389
	269	388
	268	387
	267	387
	266	387
	265	386
	264	386
	263	386
	262	386
.PEN_UP
.PEN_DOWN
	280	397
	281	397
	281	396
	282	395
	283	395
	283	394
	284	393
	284	392
	284	391
	285	391
	285	390
	285	389
	286	389
	286	388
	286	389
	285	389
	285	390
	285	391
	285	392
	285	393
	284	393
	284	394
	284	395
	284	396
	284	397
	285	398
	286	398
	287	398
	288	398
	289	398
	290	398
	291	398
	292	398
.PEN_UP
.PEN_DOWN
	305	397
	305	398
	304	398
	303	398
	302	397
	302	396
	301	396
	301	395
	301	393
	301	392
	301	391
	301	390
	301	389
	301	388
	302	388
	304	388
	305	389
	306	389
	307	390
	307	391
	308	392
	308	393
	309	394
	309	395
	310	395
	310	396
	310	398
	310	399
	310	400
	307	401
.PEN_UP
.PEN_DOWN
	318	398
	318	397
	318	396
	318	395
	319	394
	319	393
	320	392
	321	392
	322	392
	323	393
	324	394
	324	395
	324	396
	324	397
	324	398
	325	399
	325	398
	325	397
	325	396
	325	395
	326	395
	326	394
	327	394
	328	394
	329	394
	330	394
	331	394
	332	394
	332	395
	333	395
	333	396
	333	397
	333	398
	333	399
	333	400
.PEN_UP
.PEN_DOWN
	341	400
	341	399
	342	399
	342	398
	342	397
	343	396
	343	395
	343	394
	343	393
	343	392
	343	391
	343	390
	344	390
	345	391
	345	392
	345	393
	345	395
	346	395
	346	396
	346	397
	347	398
	348	398
	349	398
	350	398
	351	397
	352	397
	352	396
	353	395
	354	395
	355	393
	355	392
	356	391
.PEN_UP
.PEN_DOWN
	393	415
	393	414
	394	414
	395	414
	395	413
	395	414
	394	414
	394	413
	393	413
	392	413
	391	413
	390	413
	389	413
	388	413
	387	412
	386	412
	385	411
	384	411
	383	411
	382	410
	381	410
	381	409
	380	409
	379	408
	379	407
	379	406
	379	405
	379	404
	379	403
	379	402
	379	401
	379	400
	380	399
	380	398
	381	397
	381	396
	381	395
	382	395
	382	394
	383	393
	383	392
	384	391
	384	390
	385	390
	385	389
	386	388
.PEN_UP
.PEN_DOWN
	396	402
	395	402
	394	402
	393	402
	392	401
	391	401
	390	401
	389	401
	388	401
	388	400
	386	400
	384	400
.PEN_UP
.PEN_DOWN
	410	398
	409	398
	408	398
	407	398
	407	397
	406	396
	406	395
	405	395
	405	394
	405	392
	405	391
	405	390
	406	389
	407	389
	408	389
	409	389
	410	389
	411	390
	413	391
	414	392
	414	393
	415	393
	415	394
	415	395
	415	396
	413	397
	413	398
.PEN_UP
.PEN_DOWN
	423	399
	424	398
	424	397
	425	397
	425	396
	426	395
	427	395
	428	394
	429	393
	430	392
	431	391
	432	391
	432	390
	433	390
	434	390
	434	389
	435	389
.PEN_UP
.PEN_DOWN
	431	398
	430	397
	429	396
	429	395
	428	394
	427	393
.PEN_UP
.PEN_DOWN
	467	409
	468	409
	468	408
	468	407
	468	406
	468	405
	468	404
	469	404
	469	403
	469	402
	469	401
	470	400
	470	399
	471	398
	472	396
	473	395
	473	394
	474	393
	475	392
	475	391
	476	391
	476	390
	477	389
	477	388
	477	387
	476	387
	476	386
	475	386
	474	385
	473	385
	472	384
	471	384
.PEN_UP
.PEN_DOWN
	457	407
	458	407
	459	407
	459	408
	460	408
	461	408
	462	409
	463	409
	464	409
	465	410
	466	411
	468	411
	470	412
	473	413
	475	414
	476	414
	477	414
	478	414
	479	414
	480	414
.PEN_UP
.PEN_DOWN
	487	396
	487	395
	487	394
	488	393
	488	392
	488	391
	488	390
	489	389
	490	388
	492	388
	493	388
	494	388
	494	389
	495	389
	495	390
	496	390
	497	391
	497	392
	497	394
.PEN_UP
.PEN_DOWN
	503	396
	504	396
	504	395
	505	395
	505	394
	505	393
	505	392
	505	391
	506	390
	506	389
	506	388
	506	387
	506	386
	506	387
	507	387
	507	388
	507	389
	507	390
	507	391
	508	391
	508	392
	508	393
	509	394
	509	395
	510	396
	511	396
	512	396
	512	395
	513	395
	513	394
	514	394
	514	393
	515	392
	515	391
	516	391
	516	390
	517	390
	518	390
	519	391
	520	392
	520	393
	520	394
	521	394
	521	395
	522	395
	522	394
	522	393
	523	393
	523	392
	523	391
	523	390
	524	390
	524	389
	525	388
	526	387
.PEN_UP
.PEN_DOWN
	534	392
	534	391
	534	390
	535	390
	535	389
	535	388
	535	387
	535	386
	536	386
	536	385
	537	384
	537	382
	537	381
	538	381
	538	380
	538	379
	538	378
	539	377
	538	377
	538	378
	538	379
	538	380
	538	381
	537	382
	537	383
	537	384
	536	384
	536	385
	535	386
	535	387
	535	388
	535	389
	534	389
	534	390
	534	391
	534	392
	534	393
	534	394
	534	395
	534	396
	534	397
	535	397
	535	398
	536	398
	537	398
	537	399
	538	399
	539	399
	539	398
	540	398
	542	398
	542	397
	543	397
	543	396
	543	395
	543	394
	543	393
	542	392
	542	391
	542	390
	541	390
	540	389
	540	388
	539	388
	539	387
	537	387
	536	386
	535	386
.PEN_UP
.PEN_DOWN
	565	398
	566	398
	565	398
	564	397
	563	397
	562	396
	561	396
	560	395
	559	395
	558	394
	557	393
	557	392
	556	391
	556	390
	556	391
	557	391
	559	391
	560	392
	561	392
	562	392
	563	392
	564	392
	565	392
	566	392
	567	392
	567	391
	566	390
	566	389
	566	388
	565	387
	565	386
.PEN_UP
