
.WRITER_ID Mark_Pontarelli_2
.STYLE MIXED

.PEN_DOWN
954 15495
954 15497
954 15493
952 15480
952 15461
952 15441
956 15420
958 15403
959 15392
.PEN_UP
.PEN_DOWN
991 15463
993 15452
995 15443
995 15429
995 15417
997 15407
995 15400
997 15399
997 15397
997 15399
996 15407
997 15419
998 15433
997 15447
997 15456
995 15460
995 15462
997 15460
1003 15454
1014 15445
1029 15433
1043 15419
1055 15409
1064 15400
1070 15396
1074 15396
1075 15396
1077 15406
1078 15420
1079 15437
1077 15450
1074 15460
1073 15470
.PEN_UP
.PEN_DOWN
1170 15433
1174 15436
1177 15440
1174 15449
1169 15457
1159 15463
1148 15470
1137 15470
1127 15460
1120 15444
1119 15427
1124 15407
1132 15393
1146 15383
1163 15383
1178 15386
1188 15393
1195 15406
.PEN_UP
.PEN_DOWN
1215 15386
1220 15386
1221 15386
1223 15394
1221 15406
1219 15420
1221 15439
1223 15453
1228 15460
1236 15466
1247 15470
1257 15467
1264 15464
1268 15456
1269 15446
1264 15436
1258 15427
1252 15419
1245 15415
1242 15412
1240 15410
1239 15410
1241 15409
1247 15409
1254 15406
1262 15398
1271 15393
1279 15390
1288 15390
1295 15393
1303 15393
1307 15395
1310 15396
1313 15396
1315 15399
1316 15404
1316 15407
1317 15409
1320 15412
1323 15410
1327 15410
1335 15411
1344 15415
1352 15421
1359 15427
1365 15435
1368 15440
1367 15451
1361 15460
1350 15464
1338 15463
1325 15454
1317 15443
1313 15429
1315 15412
1323 15396
1335 15386
1353 15376
1371 15376
1385 15380
1394 15386
1397 15396
.PEN_UP
.PEN_DOWN
1412 15463
1419 15460
1425 15454
1432 15453
1437 15449
1440 15449
1443 15447
1443 15445
1434 15441
1422 15439
1410 15436
1400 15430
1393 15421
1391 15410
1395 15398
1406 15385
1419 15379
1432 15376
1443 15382
1451 15393
1455 15407
1455 15420
1453 15433
1449 15440
1447 15443
1445 15439
1444 15427
1447 15410
1455 15396
1467 15386
1477 15382
1486 15376
1490 15375
.PEN_UP
.PEN_DOWN
1555 15454
1557 15453
1556 15454
1548 15457
1533 15457
1518 15455
1503 15450
1492 15446
1486 15440
1484 15437
1485 15436
1492 15431
1505 15428
1524 15424
1542 15417
1555 15409
1561 15399
1562 15390
1559 15382
1551 15376
1539 15375
1528 15376
1516 15383
1507 15396
1503 15409
.PEN_UP
.PEN_DOWN
1565 15423
1576 15420
1589 15419
1598 15420
1609 15420
1615 15427
1619 15433
1618 15444
1613 15453
1598 15460
1583 15463
1570 15460
1559 15448
1555 15433
1557 15417
1566 15400
1580 15386
1600 15379
1615 15375
1626 15375
1634 15379
.PEN_UP
.PEN_DOWN
1684 15460
1691 15457
1693 15459
1692 15460
1681 15457
1667 15454
1650 15451
1639 15447
1632 15443
1628 15439
1628 15437
1634 15431
1649 15426
1670 15419
1692 15409
1703 15401
1706 15394
1703 15386
1689 15382
1671 15382
1654 15386
1639 15391
.PEN_UP
.PEN_DOWN
855 15015
856 15010
857 15006
855 14996
853 14979
851 14958
850 14941
851 14928
855 14921
.PEN_UP
.PEN_DOWN
895 14968
896 14951
898 14942
900 14936
900 14935
900 14940
900 14950
898 14965
898 14976
900 14992
900 15003
902 15009
903 15010
904 15010
906 15005
913 14991
921 14972
932 14956
943 14946
952 14938
960 14935
963 14935
967 14941
969 14949
971 14962
971 14976
969 14994
.PEN_UP
.PEN_DOWN
1028 15120
1031 15098
1036 15076
1043 15049
1049 15020
1053 14996
1057 14976
1059 14963
1060 14958
1058 14962
1055 14972
1046 14986
1034 14999
1021 15003
1010 14999
1002 14992
997 14976
997 14958
1005 14942
1018 14931
1036 14925
1053 14921
1068 14925
1079 14935
1086 14946
1089 14962
1079 14983
1077 14979
1075 14976
1074 14966
1079 14956
1087 14949
1100 14946
1115 14950
1128 14957
1139 14966
1146 14976
1148 14988
1145 14999
1137 15009
1128 15015
1116 15013
1105 15003
1096 14983
1094 14962
1096 14941
1103 14922
1114 14909
1128 14902
1144 14900
1155 14905
1165 14918
1170 14935
1175 14952
.PEN_UP
.PEN_DOWN
1163 14979
1165 14960
1167 14937
1173 14914
1182 14888
1189 14865
1193 14851
1193 14838
1193 14834
1189 14840
1182 14857
1174 14878
1169 14905
1166 14931
1165 14952
1167 14968
1176 14979
1188 14989
1206 14995
1223 14995
1238 14989
1247 14981
1249 14968
1243 14952
1231 14938
1215 14928
1202 14923
1191 14923
1182 14925
1178 14935
.PEN_UP
.PEN_DOWN
1236 14958
1244 14953
1251 14949
1260 14948
1269 14949
1277 14955
1285 14957
1292 14962
1297 14969
1299 14978
1298 14987
1291 14995
1280 14999
1270 14996
1262 14989
1256 14978
1255 14962
1258 14945
1266 14931
1280 14924
1294 14921
1303 14922
1311 14928
1318 14939
.PEN_UP
.PEN_DOWN
1333 14986
1335 14979
1337 14969
1335 14958
1335 14948
1334 14941
1335 14938
1335 14937
1335 14938
1337 14945
1338 14955
1340 14972
1341 14985
1342 14995
1344 14997
1344 14996
1348 14986
1356 14969
1367 14952
1378 14941
1385 14931
1391 14928
1396 14928
1402 14932
1409 14945
1412 14958
1413 14978
1413 15003
.PEN_UP
.PEN_DOWN
1441 15124
1447 15126
1455 15123
1462 15116
1471 15101
1476 15080
1479 15055
1482 15029
1485 15006
1486 14988
1488 14976
1488 14972
1488 14970
1487 14975
1484 14986
1475 14999
1458 15009
1444 15012
1430 15009
1418 14998
1412 14983
1411 14967
1417 14949
1431 14935
1451 14928
1471 14928
1486 14932
1494 14935
1501 14939
1505 14946
1503 14951
.PEN_UP
.PEN_DOWN
1494 14978
1496 14969
1501 14965
1507 14962
1518 14958
1531 14956
1544 14958
1552 14962
1559 14967
1565 14975
1566 14988
1562 15002
1551 15013
1539 15020
1527 15023
1518 15016
1512 14999
1512 14979
1517 14959
1529 14942
1544 14932
1558 14928
1567 14929
1574 14938
1576 14951
.PEN_UP
.PEN_DOWN
1591 14989
1595 14980
1595 14972
1598 14962
1599 14955
1598 14948
1598 14945
1601 14951
1604 14962
1606 14976
1605 14988
1605 14999
1605 15005
1606 15002
1612 14988
1622 14969
1633 14955
1643 14945
1652 14941
1658 14940
1667 14942
1674 14948
1679 14957
1684 14968
1688 14983
1689 15002
1688 15025
.PEN_UP
.PEN_DOWN
1718 15124
1720 15093
1725 15056
1732 15015
1738 14978
1742 14951
1747 14936
1750 14932
1754 14935
.PEN_UP
.PEN_DOWN
1803 15040
1785 15039
1761 15039
1732 15036
1703 15034
1678 15035
1658 15036
1643 15042
1633 15047
.PEN_UP
.PEN_DOWN
829 14571
831 14572
832 14569
832 14565
830 14554
829 14538
829 14521
831 14505
833 14492
836 14483
.PEN_UP
.PEN_DOWN
870 14544
870 14534
870 14522
868 14512
870 14505
870 14501
870 14507
870 14518
870 14532
872 14544
872 14554
872 14559
872 14555
876 14544
882 14531
891 14516
904 14504
916 14494
925 14487
931 14487
937 14487
941 14494
945 14504
947 14521
945 14544
.PEN_UP
.PEN_DOWN
960 14692
965 14669
971 14639
973 14602
976 14565
980 14534
981 14511
984 14490
987 14478
990 14475
.PEN_UP
.PEN_DOWN
1032 14575
1018 14571
1002 14575
984 14578
967 14583
952 14588
939 14592
.PEN_UP
.PEN_DOWN
1053 14477
1056 14475
1057 14475
1056 14485
1053 14495
1049 14508
1044 14524
1044 14538
1046 14551
1052 14562
1061 14565
1070 14568
1077 14565
1083 14559
1086 14552
1086 14545
1083 14538
1077 14531
1068 14522
1061 14518
1056 14515
1053 14515
1051 14514
1051 14515
1058 14514
1070 14511
1083 14505
1094 14498
1105 14491
1113 14487
1118 14481
1120 14480
1124 14481
1126 14487
1126 14495
1127 14505
1128 14517
1129 14528
1130 14541
1130 14544
1135 14551
1139 14554
1148 14554
1159 14554
1174 14548
1186 14538
1195 14525
1199 14514
1197 14498
1187 14487
1176 14478
1165 14478
1150 14484
1139 14494
1130 14511
1124 14531
1122 14550
.PEN_UP
.PEN_DOWN
1232 14710
1232 14702
1234 14687
1234 14666
1234 14636
1234 14602
1237 14568
1241 14544
1245 14527
1249 14521
1251 14518
1253 14517
1254 14521
1253 14528
1249 14541
1240 14552
1229 14560
1221 14562
1211 14555
1202 14542
1200 14527
1201 14512
1210 14496
1223 14487
1239 14482
1251 14481
1262 14485
1268 14490
1274 14497
1277 14513
1277 14527
1281 14542
1281 14549
1282 14549
1283 14545
1284 14534
1284 14522
1288 14508
1295 14497
1305 14488
1314 14485
1322 14481
1331 14481
1338 14484
1344 14490
1351 14501
1354 14517
1353 14528
1347 14538
1339 14548
.PEN_UP
.PEN_DOWN
1403 14538
1410 14535
1413 14538
1415 14542
1415 14547
1406 14554
1396 14555
1387 14551
1379 14544
1373 14531
1372 14517
1378 14504
1389 14491
1404 14485
1423 14484
1434 14487
1445 14495
1450 14511
.PEN_UP
.PEN_DOWN
1445 14706
1447 14690
1451 14670
1455 14643
1459 14608
1460 14571
1462 14538
1465 14514
1467 14497
1472 14487
.PEN_UP
.PEN_DOWN
1540 14558
1531 14565
1512 14569
1488 14575
1466 14573
1447 14571
1430 14568
1418 14566
1411 14565
.PEN_UP
.PEN_DOWN
1506 14550
1512 14538
1521 14524
1528 14512
1530 14497
1531 14485
1531 14475
1531 14468
.PEN_UP
.PEN_DOWN
1553 14552
1557 14558
1559 14559
1567 14559
1576 14558
1589 14554
1602 14545
1617 14535
1628 14522
1633 14509
1634 14498
1630 14490
1620 14484
1604 14481
1587 14487
1572 14497
1562 14511
1555 14527
1555 14544
.PEN_UP
.PEN_DOWN
1659 14516
1660 14501
1660 14491
1660 14484
1661 14480
1662 14485
1661 14494
1660 14501
1658 14511
1658 14517
1661 14518
1664 14521
1670 14517
1680 14508
1691 14499
1702 14487
1712 14478
1719 14471
1724 14468
1728 14468
1732 14470
1734 14475
1735 14481
1733 14496
1729 14514
1726 14538
1724 14562
1723 14592
.PEN_UP
.PEN_DOWN
924 14086
924 14081
926 14081
928 14077
938 14070
948 14056
966 14034
982 14013
993 13989
997 13969
993 13950
982 13936
963 13929
945 13932
926 13942
913 13955
906 13973
903 13990
.PEN_UP
.PEN_DOWN
1021 14056
1025 14055
1031 14056
1033 14061
1036 14069
1036 14077
1031 14088
1023 14093
1014 14093
1003 14088
995 14076
991 14060
995 14043
1005 14027
1023 14019
1044 14019
1060 14020
1072 14027
.PEN_UP
.PEN_DOWN
1109 14212
1104 14188
1102 14156
1102 14118
1107 14084
1116 14057
1123 14038
1129 14030
1132 14024
1133 14030
.PEN_UP
.PEN_DOWN
1155 14236
1156 14222
1156 14199
1156 14164
1160 14126
1167 14091
1176 14064
1184 14044
1191 14030
1193 14023
1195 14023
.PEN_UP
.PEN_DOWN
1227 14093
1232 14083
1236 14070
1238 14056
1242 14044
1245 14037
1249 14034
1256 14034
1265 14036
1277 14046
1288 14056
1295 14067
1298 14067
1299 14067
1300 14065
1300 14053
1300 14036
1300 14016
1305 13993
1313 13976
1320 13956
1327 13943
.PEN_UP
