
.WRITER_ID Jon_Klein
.STYLE PRINTED
.PEN_DOWN
	327	1577
	328	1580
	328	1583
	329	1583
	329	1574
	327	1548
	320	1511
	310	1470
	299	1434
	290	1406
	286	1387
	286	1384
.PEN_UP
.PEN_DOWN
	331	1551
	336	1548
	354	1547
	380	1550
	412	1554
	438	1560
	456	1561
.PEN_UP
.PEN_DOWN
	331	1478
	330	1475
	342	1481
	366	1492
	397	1502
.PEN_UP
.PEN_DOWN
	318	1397
	305	1380
	303	1376
	308	1374
	331	1384
	370	1403
.PEN_UP
.PEN_DOWN
	586	1566
	586	1566
	584	1564
	581	1553
	574	1534
	572	1511
	566	1481
	556	1448
	542	1417
	526	1392
	507	1371
	489	1361
	472	1363
	461	1370
	451	1389
	448	1406
	457	1420
	472	1429
	493	1429
	524	1432
.PEN_UP
.PEN_DOWN
	673	1472
	674	1471
	673	1458
	663	1438
	653	1416
	647	1400
	646	1389
.PEN_UP
.PEN_DOWN
	867	1602
	856	1576
	841	1546
	827	1515
	813	1482
	802	1452
	792	1435
	785	1424
.PEN_UP
.PEN_DOWN
	738	1508
	754	1515
	782	1521
	815	1529
	847	1528
.PEN_UP
.PEN_DOWN
	904	1472
	897	1464
	888	1448
	882	1432
	883	1415
	892	1404
	910	1402
	932	1413
	947	1432
	953	1448
	951	1465
	942	1475
	926	1479
	911	1477
	901	1471
.PEN_UP
.PEN_DOWN
	1010	1465
	1009	1462
	1004	1451
	994	1433
	985	1417
	979	1402
	977	1399
	979	1400
	989	1411
	1001	1429
	1017	1451
	1038	1471
	1055	1488
	1073	1502
	1088	1507
	1099	1507
	1101	1502
	1095	1491
	1081	1480
	1066	1471
	1055	1462
	1050	1459
	1048	1460
	1048	1456
	1050	1449
	1054	1439
	1062	1423
	1079	1407
	1101	1393
	1125	1384
.PEN_UP
.PEN_DOWN
	269	1079
	267	1075
	263	1066
	260	1048
	258	1026
	254	999
	250	966
	248	937
	248	915
	251	908
	261	915
	284	943
	307	977
	330	1013
	352	1048
	367	1071
.PEN_UP
.PEN_DOWN
	461	1065
	462	1066
	462	1066
	461	1061
	455	1046
	446	1020
	432	989
	418	954
	409	928
	405	915
	405	911
	408	918
	420	938
	434	966
	449	997
	470	1033
	495	1069
	525	1100
	549	1118
	561	1124
	568	1117
	568	1102
	557	1079
	542	1054
	522	1033
	500	1019
	481	1013
	467	1016
.PEN_UP
.PEN_DOWN
	748	1104
	748	1108
	746	1107
	733	1094
	716	1072
	696	1042
	677	1007
	665	979
	666	964
	681	960
	703	970
	731	994
	748	1020
	756	1045
	754	1066
	745	1084
.PEN_UP
.PEN_DOWN
	840	1009
	835	1004
	827	987
	816	966
	805	939
	795	907
	782	878
	773	855
	765	842
	763	839
	762	845
	765	862
	774	890
	788	920
	804	951
	825	980
	845	999
	861	1010
	869	1012
	872	1006
	868	987
	857	970
	848	957
	840	948
	834	943
	825	943
.PEN_UP
.PEN_DOWN
	949	967
	947	970
	946	973
	951	979
	962	986
	977	993
	996	1004
	1007	1013
	1011	1020
	1007	1025
	995	1025
	977	1016
	957	1003
	941	984
	932	964
	934	948
	945	934
	968	928
.PEN_UP
.PEN_DOWN
	1086	1006
	1079	1000
	1071	988
	1066	974
	1062	960
	1055	944
	1049	934
	1045	929
	1044	928
	1046	931
	1054	943
	1064	957
	1080	977
	1099	997
	1117	1016
	1133	1026
	1146	1034
	1153	1033
	1156	1026
	1152	1013
	1143	1000
	1133	986
	1123	974
	1116	970
	1105	967
	1098	967
	1097	970
	1096	970
	1099	970
	1107	958
	1118	942
	1133	928
	1147	917
	1161	906
.PEN_UP
.PEN_DOWN
	1183	908
	1180	908
	1182	911
	1191	925
	1208	943
	1230	970
	1255	996
	1276	1016
	1292	1029
	1299	1035
	1301	1035
	1302	1025
	1297	1007
	1289	986
	1280	961
	1270	940
	1262	925
	1257	915
	1255	914
.PEN_UP
.PEN_DOWN
	1220	944
	1221	944
	1232	944
	1250	947
	1276	951
.PEN_UP
.PEN_DOWN
	1441	1075
	1439	1075
	1437	1070
	1431	1058
	1422	1036
	1409	1009
	1398	977
	1388	950
	1381	928
	1379	917
	1377	916
.PEN_UP
.PEN_DOWN
	1366	1025
	1373	1022
	1394	1023
	1422	1026
	1448	1032
	1469	1033
.PEN_UP
.PEN_DOWN
	1481	997
	1473	980
	1462	957
	1452	939
	1447	927
	1447	921
.PEN_UP
.PEN_DOWN
	1582	1013
	1582	1013
	1578	1010
	1565	996
	1553	977
	1544	961
	1544	950
	1547	944
	1555	943
	1565	951
	1578	961
	1588	976
	1593	989
.PEN_UP
.PEN_DOWN
	1651	1013
	1653	1013
	1653	1010
	1651	1000
	1645	984
	1634	964
	1625	944
	1619	930
	1618	922
	1620	921
	1630	928
	1644	942
	1658	957
	1672	974
	1691	988
	1700	994
	1706	997
	1707	993
	1702	980
	1696	967
	1689	952
	1685	937
	1683	925
.PEN_UP
.PEN_DOWN
	1814	1020
	1819	1025
	1819	1026
	1817	1025
	1809	1019
	1792	1009
	1776	999
	1762	989
	1752	979
	1745	970
	1745	967
	1749	965
	1761	966
	1779	967
	1794	966
	1807	960
	1811	952
	1809	944
	1798	934
	1783	920
	1764	910
	1748	904
.PEN_UP
.PEN_DOWN
	403	658
	402	659
	401	659
	399	656
	397	643
	395	619
	388	586
	380	547
	370	516
	361	492
	356	479
	354	475
	354	475
	354	478
	355	484
	361	494
	371	505
	388	520
	412	538
	440	561
	463	584
	474	599
	478	616
	472	626
	457	634
	439	636
	421	638
	410	635
	405	629
.PEN_UP
.PEN_DOWN
	585	587
	583	580
	577	566
	566	540
	554	511
	544	488
	540	472
	542	466
.PEN_UP
.PEN_DOWN
	693	565
	695	566
	697	566
	699	563
	699	552
	693	534
	681	514
	671	498
	658	485
	654	481
	654	481
	658	494
	671	515
	690	540
	710	563
	731	584
	752	595
	765	597
	773	591
	772	579
	761	563
	749	547
	733	534
	719	528
	711	529
	707	529
	707	529
	705	527
	709	517
	718	501
	726	484
	738	474
	748	466
.PEN_UP
.PEN_DOWN
	882	566
	882	566
	882	564
	881	555
	876	540
	868	520
	859	508
	853	498
	849	495
.PEN_UP
.PEN_DOWN
	879	570
	878	570
	883	576
	900	580
	924	587
	947	586
.PEN_UP
.PEN_DOWN
	897	557
	896	557
	900	557
	914	561
	932	561
.PEN_UP
.PEN_DOWN
	872	511
	865	505
	865	501
	880	498
	907	505
.PEN_UP
.PEN_DOWN
	1062	559
	1058	557
	1054	554
.PEN_UP
.PEN_DOWN
	1077	556
	1075	557
	1075	560
	1075	560
	1076	560
	1076	560
	1076	563
	1076	563
	1076	563
	1075	566
	1073	566
	1073	566
	1071	564
	1065	561
	1056	554
	1045	547
	1030	537
	1020	524
	1014	508
	1017	494
	1032	481
	1063	475
	1096	471
.PEN_UP
.PEN_DOWN
	1233	632
	1227	619
	1217	596
	1206	566
	1197	534
	1188	501
	1180	476
	1176	462
	1173	457
	1173	459
.PEN_UP
.PEN_DOWN
	1157	589
	1169	589
	1191	587
	1223	586
	1257	587
	1283	589
.PEN_UP
.PEN_DOWN
	1315	557
	1309	553
	1302	547
	1296	534
	1289	518
	1288	502
	1293	494
	1308	488
	1330	495
	1351	508
	1370	525
	1379	539
	1381	551
	1377	560
	1363	563
	1345	560
.PEN_UP
.PEN_DOWN
	1447	549
	1447	551
	1446	551
	1443	550
	1441	544
	1439	538
	1435	530
	1430	518
	1422	504
	1415	491
	1409	479
	1407	472
	1407	472
	1407	472
	1412	482
	1422	497
	1436	515
	1453	540
	1473	563
	1493	584
	1510	593
	1522	597
	1527	594
	1529	583
	1524	567
	1514	554
	1503	544
	1496	538
	1489	536
	1484	537
	1479	537
	1475	537
	1475	537
	1473	534
	1477	521
	1484	505
	1496	488
	1508	472
	1520	461
.PEN_UP
.PEN_DOWN
	426	199
	425	202
	424	203
	424	203
	423	197
	423	185
	421	167
	417	147
	410	120
	400	92
	390	66
	380	45
	374	33
	374	29
	384	35
.PEN_UP
.PEN_DOWN
	344	158
	337	161
	335	164
	344	170
	367	183
	399	193
	437	199
	472	200
	500	198
	523	197
	540	193
.PEN_UP
.PEN_DOWN
	534	130
	534	130
	532	129
	532	127
	530	121
	526	110
	521	91
	513	68
	504	45
	498	29
	495	23
	494	22
	495	23
	500	35
	510	51
	523	69
	541	92
	561	115
	582	131
	599	138
	604	137
	602	125
	594	106
	579	92
	564	78
	551	70
	541	68
	536	68
	532	68
	532	67
	534	62
	541	52
	557	40
	581	35
	611	32
.PEN_UP
.PEN_DOWN
	705	81
	705	82
	714	88
	729	94
	748	107
	766	120
	776	132
	778	141
	772	147
	754	143
	728	134
	703	116
	683	95
	675	75
	678	58
	696	43
	728	36
.PEN_UP
.PEN_DOWN
	861	32
	857	32
	855	29
	855	33
	855	35
	855	39
	862	51
	872	64
	889	82
	910	104
	927	121
	941	134
	949	140
	951	141
	953	140
	951	134
	947	117
	940	95
	932	72
	925	49
	919	29
	917	19
	917	11
.PEN_UP
.PEN_DOWN
	882	56
	882	59
	892	68
	911	75
	936	79
.PEN_UP
.PEN_DOWN
	1099	134
	1099	144
	1096	151
	1092	154
	1081	151
	1066	141
	1051	130
	1041	120
	1039	113
	1041	105
	1054	98
	1073	91
	1090	82
	1103	69
	1111	58
	1112	45
	1105	32
	1088	20
	1068	10
	1043	-0
	1021	-8
	1010	-10
	1007	-10
	1006	-3
.PEN_UP
.PEN_DOWN
	1219	118
	1220	124
	1221	127
	1223	130
	1223	130
	1222	129
	1217	118
	1205	102
	1191	81
	1181	58
	1177	38
	1182	25
	1191	16
	1204	16
	1227	29
	1248	45
	1266	65
	1281	84
	1291	101
	1296	107
	1296	108
	1293	102
	1283	85
	1272	65
	1264	45
	1262	29
	1263	16
	1274	13
.PEN_UP
.PEN_DOWN
	1390	115
	1386	107
	1379	94
	1371	76
	1364	58
	1355	42
	1353	33
	1351	29
	1351	29
	1355	38
	1364	52
	1374	70
	1389	91
	1408	111
	1426	127
	1441	137
	1452	138
	1457	134
	1458	120
	1454	105
	1443	88
	1435	75
	1424	68
	1415	65
	1409	66
	1403	68
	1403	71
	1407	81
	1411	85
	1414	88
	1417	88
	1422	78
	1426	65
	1433	48
	1443	33
	1455	22
.PEN_UP
.PEN_DOWN
	1580	137
	1580	137
	1578	134
	1576	134
	1574	131
	1573	121
	1574	108
	1578	92
	1586	75
	1597	59
	1612	49
	1627	48
	1643	56
	1657	69
	1668	88
	1683	104
	1691	115
	1695	120
	1696	120
	1692	114
	1678	95
	1663	69
	1644	39
	1627	11
	1612	-16
	1603	-39
	1595	-56
.PEN_UP
