
.WRITER_ID Graig_Murphy
.STYLE PRINTED
.PEN_DOWN
	422	1750
	424	1756
	427	1763
	432	1767
	436	1769
	438	1773
	440	1773
	443	1775
	443	1776
	442	1779
	440	1780
	435	1780
	425	1779
	411	1773
	394	1760
	374	1747
	358	1737
	351	1727
	347	1722
	345	1718
	347	1711
	351	1705
	360	1698
	373	1691
	387	1684
	401	1674
	410	1666
	414	1660
	416	1652
	413	1645
	405	1638
	394	1631
	380	1628
	365	1629
	352	1632
	343	1636
	340	1641
	343	1639
.PEN_UP
.PEN_DOWN
	467	1677
	465	1681
	462	1687
	460	1691
	458	1691
	458	1691
	459	1691
	461	1691
	462	1681
	467	1665
	472	1651
	478	1639
	483	1630
	487	1625
	487	1622
	487	1622
	487	1622
	485	1628
	477	1638
	470	1656
	465	1672
	465	1684
	465	1687
	469	1691
	478	1691
	489	1691
	498	1689
	510	1688
	520	1685
	527	1683
.PEN_UP
.PEN_DOWN
	551	1612
	551	1612
	551	1609
	552	1612
	553	1613
	556	1618
	558	1622
	561	1628
.PEN_UP
.PEN_DOWN
	769	1750
	765	1753
	761	1750
	758	1741
	753	1727
	751	1705
	747	1681
	744	1658
	742	1642
	740	1635
	740	1632
	740	1635
	738	1642
	740	1658
	740	1677
	743	1705
	742	1737
	743	1760
	740	1773
	740	1776
	740	1776
	740	1776
	746	1773
	753	1770
	765	1767
	778	1764
	791	1760
	806	1760
	817	1760
	829	1757
	833	1756
	835	1750
.PEN_UP
.PEN_DOWN
	765	1695
	764	1699
	764	1698
	766	1695
	771	1694
	782	1692
	791	1691
	800	1691
	809	1687
.PEN_UP
.PEN_DOWN
	740	1641
	740	1639
	742	1635
	746	1628
	753	1622
	764	1619
	776	1619
	789	1619
	802	1619
.PEN_UP
.PEN_DOWN
	858	1673
	856	1678
	856	1678
	857	1675
	858	1668
	862	1659
	866	1644
	869	1629
	869	1615
	869	1606
	869	1605
	869	1604
	869	1612
	873	1625
	880	1645
	885	1665
	888	1685
	893	1691
	896	1691
	900	1687
	905	1682
	911	1668
	915	1657
	917	1642
	918	1631
	920	1622
	920	1612
	922	1605
	928	1599
.PEN_UP
.PEN_DOWN
	1015	1662
	1016	1672
	1012	1682
	1007	1685
	998	1685
	989	1682
	980	1675
	971	1664
	966	1649
	962	1638
	962	1629
	967	1621
	975	1619
	984	1622
	996	1627
	1002	1636
	1009	1645
	1012	1654
	1013	1662
	1013	1672
	1013	1677
	1011	1677
	1009	1674
	1009	1661
	1009	1642
	1009	1622
	1011	1595
	1011	1566
	1009	1539
	1008	1521
	1004	1507
	999	1500
	995	1497
	988	1498
	980	1504
	973	1517
.PEN_UP
.PEN_DOWN
	1080	1705
	1079	1704
	1079	1695
	1075	1677
	1075	1659
	1073	1645
	1071	1634
	1070	1626
	1069	1617
	1068	1618
	1069	1622
.PEN_UP
.PEN_DOWN
	1073	1771
	1070	1783
	1069	1792
	1068	1796
	1068	1794
.PEN_UP
.PEN_DOWN
	1117	1710
	1119	1701
	1122	1691
	1122	1677
	1124	1665
	1124	1651
	1126	1637
	1126	1625
	1124	1612
	1121	1608
	1119	1605
	1119	1605
	1119	1613
	1121	1628
	1128	1648
	1137	1674
	1144	1691
	1151	1698
	1155	1694
	1157	1684
	1157	1671
	1156	1659
	1156	1645
	1157	1632
	1155	1622
	1155	1613
	1155	1603
.PEN_UP
.PEN_DOWN
	1241	1695
	1241	1684
	1242	1672
	1240	1659
	1237	1648
	1239	1640
	1241	1639
	1244	1637
	1248	1638
	1255	1645
	1262	1654
	1269	1665
	1269	1678
	1268	1689
	1262	1705
	1249	1714
	1237	1718
	1232	1717
	1225	1707
	1220	1687
	1217	1668
	1217	1649
	1217	1631
	1221	1615
	1226	1606
	1233	1602
	1241	1599
.PEN_UP
.PEN_DOWN
	1346	1679
	1341	1672
	1339	1671
	1335	1664
	1335	1662
	1337	1658
	1342	1654
	1346	1654
	1355	1654
	1362	1660
	1370	1668
	1375	1678
	1377	1687
	1374	1697
	1368	1705
	1357	1714
	1346	1717
	1338	1714
	1328	1702
	1319	1684
	1315	1665
	1313	1649
	1313	1632
	1315	1622
	1322	1613
	1331	1609
	1343	1608
.PEN_UP
.PEN_DOWN
	1402	1700
	1401	1704
	1401	1704
	1400	1705
	1399	1707
	1399	1711
	1399	1714
	1397	1718
	1396	1718
	1395	1720
	1394	1723
	1393	1724
	1393	1723
	1392	1723
	1392	1721
	1393	1714
	1394	1704
	1399	1688
	1403	1672
	1408	1655
	1411	1642
	1413	1632
	1414	1628
	1414	1628
	1413	1628
	1410	1635
	1406	1645
	1402	1654
	1397	1671
	1394	1691
	1397	1704
	1401	1708
	1406	1710
	1414	1705
	1424	1701
	1433	1697
.PEN_UP
.PEN_DOWN
	454	1155
	451	1158
	452	1160
	451	1159
	450	1159
	449	1159
	448	1159
	447	1159
	446	1159
	445	1159
	445	1162
	446	1159
	445	1160
	445	1162
	442	1165
	442	1171
	447	1185
	456	1201
	467	1224
	483	1252
	501	1277
	509	1290
	511	1293
	511	1293
	511	1290
	513	1284
	512	1270
	511	1248
	507	1225
	505	1206
	503	1191
	504	1182
	504	1178
	507	1178
	511	1182
	520	1194
	534	1213
	549	1240
	569	1273
	585	1296
	591	1303
	592	1297
	589	1282
	583	1261
	578	1239
	573	1217
	569	1201
	568	1187
	570	1175
	573	1168
	584	1166
.PEN_UP
.PEN_DOWN
	687	1205
	682	1212
	679	1218
	678	1225
	673	1230
	668	1231
	660	1231
	649	1224
	636	1213
	623	1198
	613	1179
	609	1165
	609	1153
	613	1145
	622	1139
	632	1139
	643	1148
	655	1162
	667	1179
	674	1194
	680	1211
	682	1222
	684	1224
	684	1225
	682	1221
	679	1211
	677	1199
	675	1183
	675	1168
	676	1158
	678	1153
	686	1146
	697	1141
.PEN_UP
.PEN_DOWN
	751	1215
	749	1216
	749	1218
	749	1218
	749	1218
	751	1212
	751	1199
	753	1189
	753	1175
	753	1162
	754	1152
	755	1145
	755	1143
	755	1142
	758	1147
	765	1159
	773	1179
	782	1201
	793	1222
	800	1231
	801	1231
	802	1231
	802	1224
	802	1212
	802	1199
	802	1182
	802	1168
	802	1157
	806	1148
	811	1139
	822	1139
.PEN_UP
.PEN_DOWN
	915	1221
	913	1227
	905	1229
	895	1225
	886	1214
	877	1204
	871	1189
	866	1175
	865	1166
	866	1159
	873	1155
	882	1155
	895	1158
	902	1162
	909	1171
	913	1179
	915	1192
	920	1208
	920	1217
	920	1218
	918	1221
	913	1208
	909	1194
	906	1178
	905	1166
	906	1156
	909	1148
	913	1145
	920	1143
.PEN_UP
.PEN_DOWN
	1011	1226
	1007	1225
	1000	1222
	989	1214
	978	1199
	969	1181
	962	1166
	962	1158
	967	1149
	973	1145
	982	1146
	991	1149
	999	1155
	1006	1162
	1011	1176
	1013	1189
	1013	1205
	1011	1218
	1009	1222
	1008	1224
	1006	1217
	1004	1206
	1004	1188
	1005	1167
	1008	1146
	1013	1122
	1018	1093
	1024	1066
	1026	1038
	1027	1017
	1022	1003
	1019	997
	1013	998
	1004	1007
	993	1024
.PEN_UP
.PEN_DOWN
	1089	1198
	1090	1190
	1091	1182
	1094	1176
	1097	1171
	1104	1165
	1110	1166
	1117	1166
	1124	1171
	1133	1178
	1138	1185
	1140	1198
	1139	1212
	1136	1224
	1130	1237
	1124	1242
	1115	1241
	1102	1233
	1090	1217
	1079	1202
	1070	1181
	1066	1164
	1068	1150
	1073	1139
	1082	1133
	1095	1130
	1108	1129
	1126	1135
.PEN_UP
.PEN_DOWN
	1195	1232
	1195	1234
	1193	1235
	1193	1234
	1193	1234
	1190	1231
	1190	1222
	1195	1211
	1198	1196
	1201	1181
	1206	1168
	1209	1158
	1213	1152
	1215	1152
	1215	1149
	1215	1149
	1215	1154
	1212	1166
	1208	1179
	1204	1201
	1200	1221
	1199	1231
	1201	1237
	1204	1237
	1213	1235
	1224	1231
	1237	1225
	1251	1218
.PEN_UP
.PEN_DOWN
	731	327
	734	337
	742	347
	742	358
	742	364
	738	373
	729	377
	718	380
	705	381
	693	376
	680	373
	662	361
	645	347
	636	335
	633	322
	634	307
	641	295
	653	282
	676	272
	707	268
	738	269
	767	272
.PEN_UP
.PEN_DOWN
	857	383
	857	384
	856	383
	851	377
	847	361
	842	337
	839	313
	836	294
	836	280
	838	272
	837	271
	837	271
	837	272
	837	278
	837	291
	836	307
	834	330
	831	354
	826	374
	824	383
	822	390
	822	396
	824	396
	826	397
	834	393
	851	386
	871	383
	896	383
	920	380
	942	376
	960	373
	969	370
	975	363
.PEN_UP
.PEN_DOWN
	853	321
	853	318
	853	317
	860	314
	871	312
	888	310
	905	308
	918	302
.PEN_UP
.PEN_DOWN
	833	258
	831	258
	833	256
	839	252
	851	249
	869	248
	891	246
	913	245
	935	242
.PEN_UP
.PEN_DOWN
	1090	331
	1085	331
	1075	331
	1057	327
	1040	324
	1024	314
	1013	302
	1004	288
	1000	272
	1001	255
	1007	243
	1022	236
	1048	234
	1075	238
	1102	246
	1122	259
	1138	275
	1144	294
	1139	315
	1126	340
	1108	358
	1093	367
	1078	363
	1067	351
.PEN_UP
