
.WRITER_ID Mark_Crawford
.STYLE PRINTED
.PEN_DOWN
	270	1740
	272	1743
	272	1746
	272	1747
	271	1738
	263	1717
	252	1694
	245	1674
	241	1662
	241	1652
.PEN_UP
.PEN_DOWN
	281	1769
	281	1773
	296	1782
	310	1789
	326	1789
	335	1785
	339	1775
	339	1760
	332	1744
	321	1728
	312	1717
	304	1711
	302	1710
	305	1708
	314	1707
	323	1701
	328	1694
	332	1687
	328	1675
	322	1664
	312	1655
	302	1651
	294	1648
	287	1652
	280	1658
	277	1664
	281	1667
.PEN_UP
.PEN_DOWN
	448	1753
	444	1750
	437	1740
	420	1718
	398	1691
	379	1669
	369	1655
	366	1648
	368	1644
	378	1646
	396	1654
	415	1658
	429	1658
	435	1657
	440	1656
	441	1653
	444	1648
.PEN_UP
.PEN_DOWN
	539	1704
	532	1694
	529	1681
	526	1662
	526	1648
	533	1642
	545	1639
	563	1644
	580	1657
	595	1668
	603	1680
	605	1689
	603	1694
	602	1697
	601	1700
	601	1700
.PEN_UP
.PEN_DOWN
	688	1713
	675	1695
	670	1684
	668	1667
	669	1657
	675	1648
	686	1644
	701	1648
	712	1654
.PEN_UP
.PEN_DOWN
	694	1704
	682	1697
	679	1692
	681	1690
	688	1688
	705	1687
.PEN_UP
.PEN_DOWN
	693	1717
	700	1720
	716	1728
	734	1733
	747	1736
	759	1740
.PEN_UP
.PEN_DOWN
	1000	1736
	978	1733
	963	1727
	952	1717
	946	1704
	943	1690
	946	1677
	950	1667
	954	1658
	957	1652
	958	1649
	957	1648
	952	1648
	946	1648
	936	1652
	928	1654
	923	1657
	924	1657
.PEN_UP
.PEN_DOWN
	1059	1671
	1041	1648
	1033	1634
	1026	1629
	1024	1625
	1022	1625
	1024	1631
	1035	1650
	1052	1671
	1067	1691
	1085	1711
	1100	1727
	1111	1733
	1120	1736
	1126	1734
	1133	1727
	1135	1721
	1134	1714
	1130	1708
	1124	1700
	1116	1697
	1109	1697
	1102	1698
	1096	1697
	1091	1700
	1087	1700
	1085	1700
.PEN_UP
.PEN_DOWN
	1148	1675
	1140	1667
	1139	1667
	1138	1666
	1138	1668
	1140	1677
	1152	1692
	1168	1707
	1183	1724
	1198	1736
	1209	1743
	1215	1744
	1223	1743
	1226	1740
	1226	1730
	1222	1720
	1216	1714
	1211	1710
	1205	1704
	1196	1700
	1189	1694
	1183	1687
	1181	1677
	1178	1674
	1181	1669
	1191	1665
	1207	1671
.PEN_UP
.PEN_DOWN
	1297	1685
	1281	1671
	1275	1658
	1268	1651
	1265	1648
	1264	1648
	1269	1655
.PEN_UP
.PEN_DOWN
	1323	1681
	1316	1671
	1314	1664
	1313	1661
	1312	1662
	1320	1665
	1333	1677
	1346	1688
	1353	1694
	1358	1695
	1359	1694
	1359	1690
	1361	1683
	1362	1678
	1366	1675
	1375	1677
	1386	1684
	1397	1690
	1403	1697
	1406	1704
	1406	1708
.PEN_UP
.PEN_DOWN
	1497	1725
	1490	1723
	1475	1713
	1454	1697
	1438	1684
	1430	1671
	1431	1664
	1436	1662
	1447	1662
	1460	1668
	1471	1677
	1475	1684
	1476	1686
	1476	1687
	1475	1688
	1475	1688
	1477	1687
	1484	1687
	1495	1687
.PEN_UP
.PEN_DOWN
	1625	1733
	1619	1731
	1615	1722
	1608	1712
	1604	1698
	1603	1687
	1604	1674
	1604	1667
	1601	1664
	1599	1661
	1591	1658
	1580	1659
	1569	1658
	1560	1658
	1554	1657
.PEN_UP
.PEN_DOWN
	370	1329
	363	1336
	344	1339
	319	1334
	288	1322
	262	1302
	245	1276
	237	1256
	243	1235
	255	1221
	277	1212
	303	1210
	328	1211
	346	1211
	354	1211
	355	1211
	355	1211
	354	1210
.PEN_UP
.PEN_DOWN
	446	1266
	444	1266
	439	1261
	429	1247
	419	1231
	416	1217
	413	1208
	415	1204
	417	1201
	427	1198
	441	1201
	456	1205
	468	1208
.PEN_UP
.PEN_DOWN
	444	1267
	436	1261
	439	1260
	456	1257
.PEN_UP
.PEN_DOWN
	457	1274
	462	1277
	474	1286
	492	1288
	509	1293
.PEN_UP
.PEN_DOWN
	537	1222
	531	1214
	529	1212
	529	1211
	531	1217
	539	1233
	548	1253
	555	1270
	557	1286
	560	1296
	560	1302
	559	1303
	559	1303
	564	1299
	570	1289
	577	1277
	583	1263
	586	1252
	590	1243
	590	1237
	585	1231
	577	1227
	566	1224
	554	1224
	549	1224
.PEN_UP
.PEN_DOWN
	638	1218
	625	1203
	624	1198
	625	1197
	625	1198
	631	1208
	640	1227
	655	1247
	666	1266
	680	1284
	690	1293
	694	1296
	698	1293
	701	1283
	703	1266
	700	1247
	697	1233
	697	1221
.PEN_UP
.PEN_DOWN
	664	1240
	659	1240
	659	1240
	670	1240
	686	1242
.PEN_UP
.PEN_DOWN
	751	1224
	738	1217
	736	1214
	736	1214
	737	1218
	747	1230
	764	1247
	782	1265
	797	1279
	806	1283
	815	1283
	819	1279
	817	1270
	812	1255
	802	1244
	790	1234
	784	1227
	784	1227
	784	1224
	791	1223
	806	1218
	821	1217
	836	1211
.PEN_UP
.PEN_DOWN
	1015	1280
	1008	1273
	1008	1270
	1019	1264
	1039	1264
.PEN_UP
.PEN_DOWN
	1001	1242
	987	1225
	981	1211
	976	1207
	976	1205
	976	1207
	982	1214
	989	1237
	1000	1260
	1013	1279
	1026	1303
	1039	1319
	1050	1329
	1058	1333
	1071	1335
	1090	1336
	1113	1335
	1133	1332
	1150	1331
	1158	1330
.PEN_UP
.PEN_DOWN
	1120	1214
	1105	1201
	1105	1201
	1105	1201
	1108	1207
	1124	1220
	1144	1240
	1161	1257
	1177	1270
	1187	1276
	1192	1279
	1194	1276
	1194	1263
	1190	1244
	1185	1224
	1179	1212
	1174	1201
.PEN_UP
.PEN_DOWN
	1137	1221
	1137	1220
	1150	1221
	1167	1224
.PEN_UP
.PEN_DOWN
	1309	1299
	1307	1297
	1303	1286
	1292	1270
	1279	1253
	1266	1240
	1255	1229
	1250	1224
	1248	1224
	1248	1224
	1250	1224
	1255	1224
	1261	1221
	1268	1221
	1277	1217
	1282	1214
	1290	1218
.PEN_UP
.PEN_DOWN
	1388	1287
	1388	1285
	1387	1280
	1377	1267
	1364	1251
	1351	1240
	1344	1231
	1340	1227
	1340	1224
	1342	1221
	1346	1220
	1353	1217
	1362	1214
	1370	1210
	1377	1208
	1381	1207
	1386	1208
.PEN_UP
.PEN_DOWN
	1541	1290
	1531	1284
	1521	1273
	1513	1264
	1510	1250
	1514	1240
	1521	1231
	1530	1224
	1534	1214
	1535	1209
	1527	1201
	1512	1197
	1497	1194
	1484	1194
	1477	1191
	1476	1191
	1473	1195
.PEN_UP
.PEN_DOWN
	402	888
	398	900
	388	908
	376	915
	357	915
	335	907
	310	886
	291	860
	282	836
	287	816
	304	804
	328	793
	356	793
	383	794
	406	797
.PEN_UP
.PEN_DOWN
	470	820
	452	806
	441	794
	435	783
	433	771
	437	767
	448	763
	461	770
	476	783
	484	793
	485	803
	483	813
	478	820
	474	826
	473	827
	479	826
.PEN_UP
.PEN_DOWN
	525	786
	521	784
	521	783
	521	784
	526	790
	537	807
	555	826
	575	842
	590	850
	601	850
	608	848
	610	839
	607	826
	599	813
	587	806
	579	799
	574	796
	573	793
	573	790
	577	786
	588	784
.PEN_UP
.PEN_DOWN
	657	776
	648	767
	642	760
	640	753
	639	753
	638	753
	646	760
	658	774
	672	793
	686	809
	694	817
	698	822
	701	822
	705	815
	706	800
	705	784
	704	770
	701	761
.PEN_UP
.PEN_DOWN
	681	783
	676	783
	677	781
	686	780
	701	783
.PEN_UP
.PEN_DOWN
	801	849
	797	844
	788	832
	777	816
	769	800
	762	782
	760	773
	760	767
	766	764
	779	763
	797	767
	814	767
	827	767
.PEN_UP
.PEN_DOWN
	1196	409
	1183	412
	1166	412
	1135	406
	1100	389
	1069	373
	1052	359
	1048	350
	1052	337
	1065	326
	1087	319
	1115	317
	1142	311
	1161	310
	1174	307
.PEN_UP
.PEN_DOWN
	1231	327
	1229	330
	1226	333
	1227	338
	1229	349
	1235	361
	1248	375
	1262	395
	1279	411
	1292	418
	1303	421
	1310	419
	1312	411
	1308	398
	1298	383
	1285	373
	1274	365
	1268	359
	1266	356
	1264	353
	1266	347
	1272	343
	1283	339
	1297	337
	1311	337
.PEN_UP
.PEN_DOWN
	1396	395
	1386	379
	1379	365
	1378	353
	1380	343
	1386	337
	1396	339
	1412	347
	1425	356
	1435	370
	1441	381
	1442	388
	1441	396
.PEN_UP
.PEN_DOWN
	1529	415
	1539	414
	1556	416
	1564	411
	1569	403
	1569	393
	1563	383
	1552	374
	1532	365
	1513	356
	1499	349
	1490	339
	1490	333
	1498	327
	1517	324
	1538	324
	1556	320
.PEN_UP
.PEN_DOWN
	1497	365
	1499	365
	1512	370
	1529	370
	1551	372
	1577	375
	1598	375
	1613	372
.PEN_UP
