.DATA_SOURCE Siemens-AG
.DATA_ID PeP
.DATA_CONTACT
 Siemens AG
 ZFE ST SN 56
 D-81730 Munich
 Germany
 Fax.: ++49 / 89 / 636 2393
 Volkmar Pflug: Tel. ++49 / 89 / 636 49479,
 e-mail: Volkmar.Pflug@zfe.siemens.de
 Gerd Maderlechner: Tel.: ++49 / 89 / 636 3389,
 e-mail: gm@zfe.siemens.de
.DATA_INFO Cursive Handwriting
 German Words

.PAD Notepad NCR 3125
 Electromagnetic resonance sensor
 Untethered pen, tip switch and side button

.X_POINTS_PER_INCH 400
.Y_POINTS_PER_INCH 400
.POINTS_PER_SECOND 100

.COORD X Y T
.HIERARCHY WORD
.STYLE CURSIVE

.COMMENT previously: .WRITER_ID htca1805
.WRITER_ID ht

.PEN_DOWN
795 3124 2595591
795 3108 2595605
795 3089 2595619
795 3061 2595633
795 3029 2595647
795 2994 2595661
799 2958 2595675
803 2927 2595689
803 2887 2595703
807 2856 2595717
815 2824 2595731
827 2796 2595745
839 2773 2595759
851 2761 2595773
866 2757 2595787
882 2761 2595801
898 2769 2595815
918 2788 2595829
934 2812 2595843
954 2840 2595857
973 2871 2595871
989 2903 2595885
1005 2935 2595899
1013 2966 2595913
1025 2998 2595927
1033 3029 2595941
1037 3053 2595955
1041 3073 2595969
1041 3085 2595983
1037 3093 2595997
1033 3093 2596011
1025 3085 2596025
1013 3069 2596039
1005 3045 2596053
993 3014 2596067
981 2978 2596081
973 2931 2596095
965 2887 2596109
961 2840 2596123
957 2792 2596137
954 2749 2596151
954 2705 2596165
954 2670 2596179
961 2638 2596193
969 2615 2596207
977 2595 2596221
989 2591 2596235
1001 2591 2596249
1013 2599 2596263
1025 2611 2596277
1037 2630 2596291
1049 2650 2596305
1060 2670 2596319
1072 2698 2596333
1080 2721 2596347
1084 2741 2596361
1092 2765 2596375
1100 2784 2596389
1104 2796 2596403
1108 2804 2596417
1108 2808 2596431
1112 2800 2596445
1108 2784 2596459
1104 2757 2596473
1104 2729 2596487
1100 2682 2596501
1096 2634 2596515
1096 2583 2596529
1088 2528 2596543
1084 2472 2596557
1076 2417 2596571
1072 2362 2596585
1064 2314 2596599
1056 2267 2596613
1053 2227 2596627
1041 2200 2596641
1029 2176 2596655
1021 2168 2596669
1005 2164 2596683
997 2168 2596697
989 2180 2596711
981 2192 2596725
973 2208 2596739
969 2227 2596753
965 2251 2596767
969 2279 2596781
973 2306 2596795
981 2334 2596809
993 2366 2596823
1005 2393 2596837
1021 2421 2596851
1041 2445 2596865
1060 2472 2596879
1076 2500 2596893
1096 2532 2596907
1116 2559 2596921
1136 2591 2596935
1155 2619 2596949
1167 2646 2596963
1183 2674 2596977
1195 2698 2596991
1203 2721 2597005
1207 2741 2597019
1211 2761 2597033
1207 2769 2597047
1203 2781 2597061
1195 2781 2597075
1191 2777 2597089
1179 2765 2597103
1171 2749 2597117
1163 2725 2597131
1155 2701 2597145
1151 2670 2597159
1148 2638 2597173
1144 2607 2597187
1144 2575 2597201
1148 2543 2597215
1155 2520 2597229
1163 2500 2597243
1171 2484 2597257
1187 2480 2597271
1203 2480 2597285
1219 2488 2597299
1235 2508 2597313
1254 2536 2597327
1274 2571 2597341
1294 2611 2597355
1314 2658 2597369
1334 2709 2597383
1353 2761 2597397
1369 2808 2597411
1381 2860 2597425
1393 2907 2597439
1401 2946 2597453
1405 2986 2597467
1405 3018 2597481
1405 3041 2597495
1397 3049 2597509
1389 3053 2597523
1377 3041 2597537
1369 3022 2597551
1353 2990 2597565
1341 2958 2597579
1330 2915 2597593
1318 2867 2597607
1310 2820 2597621
1302 2769 2597635
1298 2717 2597649
1298 2666 2597663
1298 2622 2597677
1298 2583 2597691
1302 2547 2597705
1306 2524 2597719
1310 2512 2597733
1318 2504 2597747
1326 2508 2597761
1330 2516 2597775
1338 2532 2597789
1345 2551 2597803
1349 2575 2597817
1353 2603 2597831
1357 2626 2597845
1357 2650 2597859
1361 2670 2597873
1361 2686 2597887
1357 2698 2597901
1357 2686 2597915
1357 2670 2597929
1361 2654 2597943
1365 2638 2597957
1373 2626 2597971
1381 2611 2597985
1393 2603 2597999
1405 2595 2598013
1417 2595 2598027
1433 2595 2598041
1444 2599 2598055
1460 2607 2598069
1472 2619 2598083
1484 2634 2598097
1492 2650 2598111
1500 2658 2598125
1508 2670 2598139
1508 2682 2598153
1508 2686 2598167
1508 2690 2598181
1508 2690 2598195
1504 2686 2598209
1500 2678 2598223
1496 2662 2598237
1492 2646 2598251
1488 2626 2598265
1484 2611 2598279
1484 2591 2598293
1484 2575 2598307
1488 2555 2598321
1492 2543 2598335
1496 2532 2598349
1504 2528 2598363
1512 2528 2598377
1520 2532 2598391
1528 2540 2598405
1539 2551 2598419
1547 2567 2598433
1555 2583 2598447
1563 2603 2598461
1571 2622 2598475
1579 2642 2598489
1587 2658 2598503
1591 2674 2598517
1591 2682 2598531
1595 2686 2598545
1595 2682 2598559
1595 2678 2598573
1595 2670 2598587
1595 2654 2598601
1599 2638 2598615
1599 2622 2598629
1599 2603 2598643
1603 2579 2598657
1603 2563 2598671
1607 2547 2598685
1615 2532 2598699
1619 2528 2598713
1627 2524 2598727
1638 2524 2598741
1646 2532 2598755
1654 2543 2598769
1666 2555 2598783
1678 2571 2598797
1686 2587 2598811
1698 2603 2598825
1710 2615 2598839
1722 2626 2598853
1733 2634 2598867
1741 2638 2598881
1749 2638 2598895
1753 2634 2598909
1761 2622 2598923
1761 2611 2598937
1765 2595 2598951
1765 2579 2598965
1769 2563 2598979
1769 2551 2598993
1769 2543 2599007
1765 2540 2599021
1761 2540 2599035
1761 2543 2599049
1761 2555 2599063
1757 2567 2599077
1757 2587 2599091
1757 2607 2599105
1757 2622 2599119
1753 2642 2599133
1753 2658 2599147
1753 2666 2599161
1753 2674 2599175
1753 2678 2599189
1753 2678 2599203
1753 2670 2599217
1753 2662 2599231
1757 2650 2599245
1757 2638 2599259
1761 2626 2599273
1765 2615 2599287
1773 2607 2599301
1781 2603 2599315
1789 2607 2599329
1801 2611 2599343
1813 2622 2599357
1824 2638 2599371
1840 2658 2599385
1852 2686 2599399
1864 2721 2599413
1876 2761 2599427
1888 2796 2599441
1900 2836 2599455
1912 2875 2599469
1915 2907 2599483
1923 2939 2599497
1927 2966 2599511
1931 2990 2599525
1931 3002 2599539
1935 3010 2599553
1935 3006 2599567
1939 2994 2599581
1935 2970 2599595
1935 2946 2599609
1931 2911 2599623
1931 2879 2599637
1927 2844 2599651
1927 2804 2599665
1923 2765 2599679
1919 2725 2599693
1915 2690 2599707
1908 2662 2599721
1904 2630 2599735
1900 2607 2599749
1896 2587 2599763
1892 2579 2599777
1888 2575 2599791
1884 2575 2599805
1880 2583 2599819
1872 2599 2599833
1864 2619 2599847
1860 2642 2599861
1856 2666 2599875
1852 2690 2599889
1844 2713 2599903
1840 2737 2599917
1832 2757 2599931
1828 2773 2599945
1820 2784 2599959
1817 2788 2599973
1813 2788 2599987
1813 2781 2600001
1813 2773 2600015
1817 2761 2600029
1817 2749 2600043
1824 2741 2600057
1828 2733 2600071
1840 2729 2600085
1852 2729 2600099
1864 2733 2600113
1880 2737 2600127
1900 2745 2600141
1915 2757 2600155
1935 2765 2600169
1951 2773 2600183
1971 2781 2600197
1991 2781 2600211
2007 2781 2600225
2022 2777 2600239
2038 2773 2600253
2050 2761 2600267
2058 2745 2600281
2066 2725 2600295
2066 2705 2600309
2066 2682 2600323
2058 2658 2600337
2050 2638 2600351
2042 2619 2600365
2026 2607 2600379
2010 2595 2600393
1999 2583 2600407
1983 2579 2600421
1967 2571 2600435
1955 2571 2600449
1947 2575 2600463
1939 2579 2600477
1939 2583 2600491
1939 2591 2600505
1939 2599 2600519
.PEN_UP
.PEN_DOWN
2129 3049 2600939
2125 3057 2600953
2121 3061 2600967
2121 3061 2600981
2121 3061 2600995
2121 3061 2601009
2117 3053 2601023
2117 3041 2601037
2113 3025 2601051
2113 3002 2601065
2113 2978 2601079
2109 2946 2601093
2109 2915 2601107
2109 2879 2601121
2109 2844 2601135
2109 2808 2601149
2113 2773 2601163
2113 2737 2601177
2117 2701 2601191
2125 2674 2601205
2133 2646 2601219
2141 2626 2601233
2153 2615 2601247
2165 2603 2601261
2177 2599 2601275
2189 2599 2601289
2201 2599 2601303
2208 2607 2601317
.PEN_UP
.PEN_DOWN
2106 2812 2601541
2094 2816 2601555
2082 2816 2601569
2074 2812 2601583
2070 2808 2601597
2066 2808 2601611
2066 2804 2601625
2066 2800 2601639
2070 2800 2601653
2074 2800 2601667
2090 2800 2601681
2102 2800 2601695
2117 2796 2601709
2133 2796 2601723
2149 2800 2601737
2165 2800 2601751
2181 2804 2601765
2193 2808 2601779
.PEN_UP
.PEN_DOWN
2299 2701 2602129
2299 2701 2602143
2303 2709 2602157
2311 2713 2602171
2319 2721 2602185
2323 2733 2602199
2331 2745 2602213
2331 2757 2602227
2335 2773 2602241
2331 2781 2602255
2331 2792 2602269
2323 2800 2602283
2315 2804 2602297
2307 2800 2602311
2296 2792 2602325
2284 2777 2602339
2272 2765 2602353
2260 2745 2602367
2252 2725 2602381
2244 2701 2602395
2240 2678 2602409
2236 2658 2602423
2236 2634 2602437
2240 2619 2602451
2244 2611 2602465
2256 2607 2602479
2264 2615 2602493
2276 2622 2602507
2288 2638 2602521
2299 2654 2602535
2307 2670 2602549
2319 2686 2602563
2323 2701 2602577
2331 2709 2602591
2335 2717 2602605
2339 2713 2602619
2339 2709 2602633
2339 2698 2602647
2343 2686 2602661
2343 2670 2602675
2347 2650 2602689
2351 2630 2602703
2359 2615 2602717
2367 2603 2602731
2379 2595 2602745
2391 2595 2602759
2406 2599 2602773
2418 2607 2602787
2434 2626 2602801
2450 2650 2602815
2466 2674 2602829
2482 2698 2602843
2497 2717 2602857
2509 2741 2602871
2525 2757 2602885
2537 2769 2602899
2549 2777 2602913
2557 2781 2602927
2565 2781 2602941
2573 2777 2602955
2581 2773 2602969
2584 2765 2602983
2588 2757 2602997
2592 2749 2603011
2592 2745 2603025
2592 2745 2603039
2592 2745 2603053
2588 2753 2603067
2584 2761 2603081
2581 2769 2603095
2573 2777 2603109
2561 2784 2603123
2553 2788 2603137
2541 2784 2603151
2533 2781 2603165
2521 2773 2603179
2509 2757 2603193
2497 2737 2603207
2486 2717 2603221
2478 2694 2603235
2470 2670 2603249
2466 2650 2603263
2466 2626 2603277
2470 2607 2603291
2474 2595 2603305
2482 2587 2603319
2489 2587 2603333
2497 2591 2603347
2509 2599 2603361
2521 2607 2603375
2533 2619 2603389
2545 2630 2603403
2553 2642 2603417
2565 2650 2603431
2573 2658 2603445
2577 2658 2603459
2581 2654 2603473
2584 2642 2603487
2584 2626 2603501
2584 2603 2603515
2581 2575 2603529
2581 2543 2603543
2573 2508 2603557
2569 2472 2603571
2561 2433 2603585
2553 2389 2603599
2545 2350 2603613
2533 2310 2603627
2525 2271 2603641
2517 2239 2603655
2505 2208 2603669
2497 2184 2603683
2486 2164 2603697
2474 2148 2603711
2458 2140 2603725
2446 2137 2603739
2430 2140 2603753
2418 2144 2603767
2406 2152 2603781
2398 2164 2603795
2387 2176 2603809
2383 2196 2603823
2379 2216 2603837
2379 2239 2603851
2391 2267 2603865
2406 2295 2603879
2434 2326 2603893
2466 2354 2603907
2501 2385 2603921
2537 2417 2603935
2577 2449 2603949
2612 2480 2603963
2644 2508 2603977
2676 2536 2603991
2695 2559 2604005
.PEN_UP
