
.WRITER_ID KirkGould
.STYLE PRINTED
.PEN_DOWN
	147	386
	146	385
	145	385
	144	385
	143	384
	142	383
	141	383
	140	382
	140	381
	139	380
	139	379
	139	378
	140	378
	140	377
	141	377
	142	377
	144	377
	145	377
	145	376
	146	376
	147	376
	147	375
	147	374
	147	373
	146	372
	145	371
	144	370
	143	369
	142	368
	141	368
	140	367
	139	367
	138	367
	137	367
	137	368
	136	368
	136	369
	136	370
.PEN_UP
.PEN_DOWN
	153	383
	154	383
	154	382
	155	381
	155	380
	155	379
	155	377
	155	376
	155	374
	154	372
	154	370
	153	367
	153	365
	153	364
	152	363
	152	361
	151	361
	151	360
	151	359
	150	359
	150	360
	150	361
	150	363
	150	364
	150	365
	150	367
	150	369
	151	371
	151	374
	152	376
	153	379
	154	383
	155	384
	156	385
	156	386
	157	386
	158	386
	159	386
	160	385
	160	384
	160	383
	160	381
	160	379
	160	378
	159	377
	159	376
	158	375
	158	374
	157	373
	156	373
	155	373
	155	374
	155	375
	156	376
.PEN_UP
.PEN_DOWN
	166	381
	166	382
	167	382
	168	382
	169	382
	170	383
	171	383
	172	383
	172	384
	171	384
	170	384
	169	384
	168	384
	167	384
	165	382
	165	381
	164	381
	163	380
	163	379
	163	378
	163	377
	164	376
	165	375
	166	374
	167	374
	168	374
	169	374
	170	374
	171	374
	172	374
	173	374
	173	375
.PEN_UP
.PEN_DOWN
	183	385
	182	385
	180	385
	179	385
	178	385
	177	384
	176	384
	176	383
	176	381
	176	380
	176	379
	177	378
	178	377
	179	377
	180	377
	181	377
	182	377
	183	378
	184	378
	185	379
	186	379
	187	380
.PEN_UP
.PEN_DOWN
	190	388
	190	389
	189	389
	189	388
	189	387
	189	386
	189	385
	189	384
	190	383
	191	384
	193	385
	193	386
	194	387
	195	389
	195	390
	195	391
	196	391
	196	390
	196	389
	196	387
	196	386
	196	385
	196	384
	197	383
	198	382
	199	381
	200	381
	201	381
	202	381
.PEN_UP
.PEN_DOWN
	206	406
	205	405
	205	404
	204	404
	204	403
	204	402
	204	401
	204	399
	204	398
	204	397
	204	395
	204	394
	205	391
	205	390
	205	389
	205	388
	206	386
	206	385
	206	384
	207	383
	207	382
.PEN_UP
.PEN_DOWN
	218	390
	218	389
	217	389
	216	389
	214	388
	213	387
	212	386
	212	385
	211	384
	211	383
	211	382
	211	381
	211	380
	211	379
	212	379
	213	379
	214	379
	215	380
	216	381
	217	382
	218	383
	218	384
	219	386
	219	388
	219	389
	219	388
	219	387
	219	386
	219	385
	219	384
	219	383
	220	382
	221	381
	222	380
	223	380
	224	381
.PEN_UP
.PEN_DOWN
	227	397
	227	400
	227	402
	228	407
	228	408
	228	409
	227	409
	226	409
	225	408
	225	407
	224	405
	224	403
	223	402
	223	398
	223	396
	224	394
	224	392
	224	390
	224	389
	225	388
	225	386
	226	386
	226	385
	227	384
	227	383
.PEN_UP
.PEN_DOWN
	224	390
	224	391
	224	392
	225	392
	226	392
	227	392
	228	392
.PEN_UP
.PEN_DOWN
	235	386
	234	386
	234	387
	235	388
	236	388
	236	389
	237	389
	238	390
	239	390
	239	391
	238	391
	237	391
	236	391
	235	391
	234	390
	233	389
	233	388
	232	387
	232	386
	232	384
	232	383
	232	382
	233	380
	233	379
	234	378
	235	378
	236	378
	237	378
	238	378
	239	378
	240	378
	241	379
.PEN_UP
.PEN_DOWN
	296	393
	296	392
	295	392
	294	392
	293	392
	292	392
	291	391
	290	391
	290	390
	290	389
	291	389
	291	388
	292	388
	292	387
	294	387
	295	386
	296	386
	297	385
	297	384
	297	383
	296	382
	296	381
	295	381
	294	380
	293	379
	291	378
	290	377
	289	377
	288	377
	287	377
	286	377
.PEN_UP
.PEN_DOWN
	300	384
	300	385
	301	385
	302	386
	303	386
	304	387
	307	388
	308	388
	309	389
	310	390
	310	391
	310	392
	309	392
	307	392
	306	392
	304	392
	303	392
	302	392
	301	391
	299	390
	298	389
	298	388
	297	387
	297	386
	297	385
	297	382
	298	381
	299	381
	300	380
	301	379
	303	378
	304	378
	305	377
	306	377
	308	377
.PEN_UP
.PEN_DOWN
	314	390
	315	390
	314	390
	314	389
	313	389
	313	388
	313	387
	313	386
	313	387
	313	388
	313	389
	314	390
	314	391
	314	393
	315	394
	316	396
	317	397
	317	398
	318	398
	319	398
	320	397
.PEN_UP
.PEN_DOWN
	328	397
	328	396
	328	395
	328	393
	328	392
	328	391
	328	390
	328	389
	328	388
	328	387
	328	386
	329	385
.PEN_UP
.PEN_DOWN
	325	401
	325	402
	324	403
.PEN_UP
.PEN_DOWN
	340	394
	339	393
	338	393
	337	393
	336	393
	335	393
	334	392
	334	391
	333	390
	333	388
	333	387
	334	386
	334	385
	334	384
	335	383
	336	382
	337	382
	338	382
	339	382
	340	382
	341	382
	342	383
	342	384
	343	386
	343	387
	343	389
	342	391
	342	392
	341	393
	341	394
	340	394
	339	394
	338	394
.PEN_UP
.PEN_DOWN
	350	393
	350	394
	350	395
	350	394
	349	394
	349	393
	349	392
	349	391
	349	390
	350	390
	350	389
	350	388
	351	388
	352	387
	353	387
	354	387
	354	388
	355	388
	356	389
	356	390
	357	391
	357	392
	357	393
	358	395
	358	396
	358	397
	357	397
	357	396
	357	394
	357	393
	357	392
	357	391
	357	390
	358	389
	358	388
	359	387
.PEN_UP
.PEN_DOWN
	370	397
	369	397
	368	396
	366	396
	366	395
	365	394
	365	393
	365	392
	365	391
	366	390
	367	389
	368	388
	370	387
	370	386
	369	386
	368	386
	367	386
	365	386
	364	386
	363	386
	362	386
.PEN_UP
.PEN_DOWN
	378	415
	378	416
	378	415
	377	414
	377	413
	377	411
	377	409
	377	406
	377	404
	377	399
	378	397
	378	395
	379	393
	379	391
	379	390
	379	388
	380	387
	380	386
	381	385
	381	384
.PEN_UP
.PEN_DOWN
	385	397
	385	396
	384	396
	384	395
	384	394
	384	393
	384	392
	385	391
	385	390
	386	389
	386	388
	387	387
	388	386
	389	386
.PEN_UP
.PEN_DOWN
	395	394
	395	393
	395	392
	394	392
	394	390
	393	389
	392	386
	392	385
	391	383
	391	382
	390	381
	390	380
	390	379
	390	377
	389	377
	389	376
	389	375
	389	374
.PEN_UP
.PEN_DOWN
	428	400
	429	400
	428	401
	427	401
	426	401
	425	401
	425	400
	424	400
	423	399
	422	398
	422	397
	421	396
	421	395
	421	393
	421	392
	421	391
	422	390
	423	390
	424	390
	425	391
	426	391
	427	392
	429	394
	430	395
	431	396
	431	397
	432	398
	432	399
	432	398
	432	397
	431	396
	431	395
	431	393
	431	392
	431	391
	431	390
	432	389
	433	388
	434	388
.PEN_UP
.PEN_DOWN
	441	400
	440	400
	438	401
	437	401
	436	401
	436	400
	436	399
	437	399
	438	397
	439	396
	440	395
	442	393
	442	392
	443	391
	444	390
	444	389
	444	388
	443	388
	442	388
	441	388
	440	388
	439	388
	438	388
	437	388
	437	389
.PEN_UP
.PEN_DOWN
	471	412
	472	412
	472	411
	471	411
	471	410
	470	408
	469	407
	469	405
	468	403
	467	400
	467	398
	467	396
	467	394
	467	390
	467	388
	467	386
	468	386
	469	384
.PEN_UP
.PEN_DOWN
	465	398
	465	399
	465	400
	466	400
	467	400
	469	399
	470	399
.PEN_UP
.PEN_DOWN
	478	390
	477	390
	476	390
	475	390
	474	389
	474	388
	475	387
	476	386
	477	386
	478	386
	479	386
	480	386
	481	386
	482	388
	482	389
	482	390
	482	391
	481	392
	481	393
	480	393
	480	394
	479	394
	480	393
.PEN_UP
.PEN_DOWN
	508	416
	508	415
	508	414
	508	413
	507	411
	506	409
	506	408
	505	403
	504	401
	503	399
	503	397
	503	395
	503	394
	502	392
	502	391
	502	390
	503	389
	503	390
	504	390
	505	391
	505	392
	506	393
	507	394
	508	395
	509	395
	510	396
	511	397
	511	396
	510	395
	509	394
	509	393
	509	391
	509	390
	509	389
	509	388
	509	387
	510	387
	511	386
.PEN_UP
.PEN_DOWN
	520	393
	519	393
	518	393
	517	393
	516	393
	515	393
	515	392
	515	391
	515	390
	516	389
	517	389
	518	389
	518	390
	518	391
	518	392
	517	393
	517	394
	517	393
	517	392
.PEN_UP
.PEN_DOWN
	524	395
	525	395
	525	394
	525	393
	525	392
	525	391
	524	390
	525	390
	526	390
	527	390
	527	391
	528	391
	529	391
	529	390
	529	389
	529	388
	529	387
	530	387
	531	387
	532	387
	533	388
	534	389
	535	390
	535	391
	536	391
	537	392
.PEN_UP
