
.WRITER_ID ChrisWilliams
.STYLE PRINTED
.PEN_DOWN
	64	383
	63	383
	63	382
	62	382
	62	381
	62	380
	62	379
	63	378
	64	378
	64	377
	65	377
	66	376
	67	376
	68	376
	68	375
.PEN_UP
.PEN_DOWN
	66	399
	66	400
	65	400
	65	401
	65	400
	65	399
.PEN_UP
.PEN_DOWN
	70	377
	70	376
	71	376
	71	375
	71	376
	72	376
	72	377
	72	378
	73	379
	74	380
	74	381
	75	382
	75	383
	76	384
	76	385
	77	385
	77	384
	78	384
	78	383
	79	383
	79	382
	80	381
	80	380
	81	380
	81	379
	82	379
	83	378
.PEN_UP
.PEN_DOWN
	104	384
	103	384
	102	385
	101	385
	100	384
	99	384
	98	383
	97	382
	96	381
	96	380
	96	379
	96	378
	96	377
	96	376
	97	375
	98	374
	99	374
	100	374
	101	374
	102	375
	103	376
	104	377
	104	378
	105	379
	105	380
	105	381
	105	382
	105	384
	104	385
	104	386
	103	386
	103	387
	102	387
.PEN_UP
.PEN_DOWN
	111	375
	111	374
	110	374
	111	375
	111	376
	112	377
	112	378
	113	378
	113	379
	114	380
	114	381
	115	381
	115	382
	116	383
	117	383
	117	382
	118	381
	118	380
	118	379
	118	378
	118	377
	119	377
	119	376
	120	375
	120	374
.PEN_UP
.PEN_DOWN
	124	373
	125	373
	126	373
	126	374
	127	374
	128	374
	129	375
	129	376
	130	377
	131	378
	131	379
	132	380
	132	381
	132	382
	132	383
	132	384
	131	385
	130	385
	129	385
	128	384
	128	383
	127	383
	126	381
	126	380
	126	379
	126	378
	126	377
	126	376
	127	376
	127	375
	128	374
	129	374
	131	373
	132	373
	133	373
	134	373
	135	373
	136	373
	137	372
.PEN_UP
.PEN_DOWN
	164	386
	163	386
	163	387
	162	387
	160	387
	159	387
	158	386
	157	385
	155	384
	154	383
	153	383
	151	381
	151	380
	151	379
	151	378
	152	377
	152	376
	153	375
	154	374
	155	374
	157	374
	159	374
	161	374
	162	374
	163	374
	164	374
	165	374
	166	374
.PEN_UP
.PEN_DOWN
	169	374
	170	374
	171	374
	172	375
	173	375
	174	377
	175	377
	176	378
	176	379
	177	380
	179	381
	180	382
	181	383
	183	384
	184	386
	185	387
	187	388
	188	390
	189	391
	190	392
	190	393
	190	395
	190	396
	190	397
	190	398
	189	398
	189	399
	188	399
	186	399
	185	398
	183	397
	182	396
	180	395
	179	393
	178	392
	177	390
	176	389
	176	387
	176	385
	176	383
	176	382
	176	381
	176	380
	177	379
	177	378
	178	378
	179	377
	180	377
	181	376
	182	376
	185	376
	186	375
	187	375
	187	374
	188	374
.PEN_UP
.PEN_DOWN
	202	382
	201	383
	200	383
	200	382
	199	382
	198	382
	196	380
	194	379
	193	378
	192	377
	191	376
	190	375
	189	374
	189	373
	189	372
	190	371
	191	371
	192	371
	193	371
	194	372
	195	373
	196	373
	196	374
	197	374
	198	376
	199	377
	199	378
	200	378
	200	379
	201	380
	201	381
	201	382
	201	383
	201	384
	201	383
	201	382
	201	381
	201	380
	201	379
	201	378
	201	377
	201	376
	202	376
	202	375
	202	374
	203	374
	203	373
	204	373
	204	372
.PEN_UP
.PEN_DOWN
	212	383
	212	382
	211	382
	211	381
	210	381
	209	380
	209	379
	208	379
	208	378
	208	377
	208	376
	209	376
	210	376
	211	377
	212	378
	213	378
	213	379
	214	379
	215	380
	215	379
	215	378
	215	377
	216	377
	216	376
	217	376
	218	376
	219	376
	220	376
	220	377
	221	377
	222	378
	223	378
	223	379
	224	380
	224	381
	224	382
	224	383
	224	384
	224	385
	224	386
	225	387
.PEN_UP
.PEN_DOWN
	227	377
	228	377
	229	377
	230	377
	230	378
	231	378
	231	379
	232	379
	233	380
	234	380
	234	381
	235	381
	235	382
	235	383
	235	384
	234	385
	233	386
	232	386
	231	385
	230	384
	229	383
	228	383
	228	381
	228	380
	228	379
	228	378
	229	378
	229	377
	230	377
	230	376
	231	376
	231	375
	232	375
	233	375
	234	375
	235	375
	236	375
	237	375
	238	375
.PEN_UP
.PEN_DOWN
	254	383
	253	383
	252	383
	251	383
	250	383
	249	383
	248	383
	246	382
	245	382
	244	381
	243	380
	242	380
	242	379
	241	378
	241	377
	241	376
	241	375
	242	375
	243	375
	244	375
	245	375
	246	376
	248	377
	249	378
	250	378
	252	379
	253	380
	254	381
	255	382
	256	382
	258	383
	259	384
	259	386
	261	388
	262	390
	262	392
	262	393
	262	395
	262	396
	262	397
	262	398
	262	399
	261	400
	259	400
	258	399
	257	398
	255	396
	254	395
	252	393
	251	392
	250	390
	250	388
	249	387
	249	385
	249	383
	249	380
	249	379
	250	378
	250	376
	251	375
	251	374
	252	374
	253	373
	254	373
	255	372
	256	372
	258	371
	259	371
.PEN_UP
.PEN_DOWN
	294	400
	294	399
	294	398
	293	397
	293	396
	292	394
	290	392
	289	390
	287	388
	286	386
	283	383
	282	381
	281	380
	280	379
	280	378
	280	377
	279	376
	280	376
	280	377
	281	377
	282	378
	283	379
	284	380
	285	381
	286	382
	288	383
	288	384
	289	385
	290	385
	290	384
	290	383
	291	381
	291	380
	291	379
	291	378
	291	377
	292	376
	292	375
	293	374
	294	373
	295	373
	296	373
.PEN_UP
.PEN_DOWN
	314	385
	313	385
	312	385
	311	384
	309	384
	307	383
	306	382
	305	381
	303	380
	302	379
	302	378
	301	377
	301	376
	301	375
	302	375
	302	374
	303	374
	304	374
	305	375
	306	375
	307	376
	308	377
	309	377
	310	378
	310	379
	311	379
	311	380
	311	381
	311	382
	311	383
	311	384
	310	384
	310	383
	309	382
	309	381
	309	379
	309	378
	309	377
	310	376
	310	375
	311	374
	312	373
	313	373
	314	372
	316	372
	317	372
.PEN_UP
.PEN_DOWN
	327	376
	326	375
	326	374
	325	374
	324	374
	324	373
	323	373
	323	372
	323	373
	323	374
	324	375
	324	376
	324	377
	325	378
	326	379
	326	380
	328	383
	329	384
	329	385
	330	385
	330	386
	331	386
	331	384
	331	383
	331	382
	331	381
	331	380
	332	379
	332	378
	332	377
	332	376
	332	375
	333	375
	333	374
	334	374
	334	372
	335	372
.PEN_UP
.PEN_DOWN
	352	379
	353	379
	352	379
	351	379
	350	379
	348	379
	347	379
	345	379
	344	378
	342	378
	341	377
	340	376
	340	375
	340	374
	340	373
	341	373
	343	373
	344	373
	345	373
	346	374
	348	374
	349	375
	351	376
	352	377
	353	378
	354	378
	355	379
	355	380
	356	381
	357	382
	358	383
	358	385
	359	386
	360	388
	360	391
	360	392
	360	394
	360	395
	360	396
	359	396
	358	396
	356	394
	355	392
	355	391
	353	389
	353	388
	352	386
	352	384
	352	383
	352	381
	352	379
	352	378
	352	377
	353	374
	354	373
	354	372
	355	371
	356	370
	357	369
.PEN_UP
.PEN_DOWN
	367	365
	367	364
	367	363
	366	362
	366	361
	365	360
	364	360
	363	359
	361	357
	360	356
	359	355
	358	354
	358	353
	357	352
.PEN_UP
.PEN_DOWN
	408	386
	407	385
	406	384
	405	383
	403	382
	402	381
	400	381
	399	380
	397	378
	397	377
	396	377
	396	376
	396	375
	396	374
	397	374
	397	373
	398	373
	399	373
	400	373
	401	374
	402	374
	403	375
	404	376
	405	377
	406	378
	407	379
	408	380
	409	381
	409	382
	410	383
	410	384
	410	385
	410	386
	410	387
	409	387
	409	386
	408	385
	408	384
	407	383
	407	382
	407	380
	407	378
	407	376
	408	375
	408	374
	409	374
	410	373
	411	373
	411	372
	412	372
	413	372
	414	372
	415	372
	416	372
.PEN_UP
.PEN_DOWN
	423	377
	424	376
	424	375
	424	374
	424	373
	423	372
	423	371
	422	371
	422	370
	421	370
	421	371
	422	371
	422	372
	423	373
	424	374
	424	375
	425	376
	426	377
	427	378
	427	379
	428	380
	429	381
	429	382
	430	383
	430	384
	430	383
	430	382
	430	381
	430	380
	430	379
	430	377
	431	377
	431	376
	431	375
	432	374
	433	374
	433	373
	434	373
	435	372
	436	371
.PEN_UP
.PEN_DOWN
	448	378
	448	379
	447	379
	446	379
	445	379
	444	379
	442	379
	440	378
	439	378
	438	377
	437	376
	437	375
	437	374
	438	373
	440	373
	441	373
	442	374
	443	374
	444	374
	445	375
	446	376
	447	376
	448	377
	448	378
	450	380
	451	380
	451	381
	452	382
	452	383
	452	385
	453	386
	453	387
	453	389
	453	390
	452	390
	452	391
	451	391
	451	390
	449	388
	448	387
	447	386
	447	384
	446	382
	446	380
	446	379
	447	376
	447	374
	448	373
	448	372
	450	371
	450	370
	452	369
	454	368
	455	368
	457	368
	459	369
.PEN_UP
