


.DATE		Aug. 92
.STYLE		PRINTED
.WRITER_ID	scoh
.COUNTRY	Korea
.HAND		R
.AGE		27
.SEX		M
.SKILL		OK
.WRITER_INFO
	First name:				Sechang
	Last name:				Oh
	Native language: 		Korean
	Other languages: 		English
	Place of Birth: 		Korea
	Where educated: 		Korea
	Place of Residence:		Korea
	Computer experience: 	student in CS Dept.
	Occupation:				student in CS Dept.
	Vision: 

.PEN_DOWN
	45 24
	45 27
	47 30
	50 33
	53 35
	56 37
	60 39
	63 36
	64 32
	64 29
	63 25
	62 22
	61 19
	59 16
	59 13
	57 10
	56 7
	52 3
	50 0
	50 3
	51 6
	54 12
	55 15
	57 19
	61 23
	66 26
	69 30
	75 34
	80 35
	80 31
	80 28
	80 25
	78 21
	76 17
	74 14
	72 11
	70 7
	72 11
	73 15
	75 18
	78 22
	82 25
	85 28
	90 31
	94 32
	97 32
	97 29
	97 26
	96 23
	95 20
	95 17
	95 13
	99 12
	103 14
	106 17
	110 20
	113 23
	117 25
	119 29
	122 30
	125 34
	130 38
	133 41
	136 44
	135 41
	132 37
	129 34
	125 31
	124 26
	120 24
	119 21
	115 17
	113 13
	113 10
	111 7
	110 4
	110 1
	113 0
	116 3
	119 6
	122 9
	125 14
	128 18
	132 23
	132 26
	134 29
	136 33
	136 36
	136 39
	136 36
	136 32
	135 28
	135 25
	135 21
	135 18
	138 16
	141 18
	144 21
	147 23
	150 27
	152 30
	155 32
	158 35
	161 38
	164 38
	165 35
	165 32
	164 28
	163 25
	161 22
	159 19
	157 16
	160 18
	163 22
	166 25
	169 28
	173 32
	177 36
	180 34
	180 31
	180 28
	180 25
	180 22
	180 19
	181 16
	184 14
	187 16
	189 19
.PEN_UP
.PEN_DOWN
0 0
.PEN_UP
.PEN_DOWN
0 0
.PEN_UP
.PEN_DOWN
	53 23
	56 25
	61 28
	64 32
	67 34
	71 37
	75 42
	78 45
	81 50
	83 53
	84 56
	85 59
	85 63
	85 66
	82 67
	79 67
	76 65
	74 61
	71 57
	69 53
	69 49
	67 46
	67 43
	67 40
	67 37
	66 31
	65 27
	65 24
	65 20
	65 16
	65 12
	65 9
	66 5
	68 2
	71 0
	74 1
	76 4
	79 8
	80 11
	82 14
	83 17
	86 19
	87 23
	87 26
	88 29
	88 32
	87 29
	88 26
	92 25
	95 25
	98 26
	103 29
	106 30
	110 33
	111 29
	109 26
	109 23
	109 19
	109 16
	112 14
	115 14
	118 16
	122 19
	125 21
	127 25
	130 28
	132 31
	131 28
	131 25
	131 21
	131 18
	134 17
	138 19
	142 23
	145 28
	146 32
	148 35
	149 39
	152 42
	154 46
	158 52
	159 55
	160 58
	163 63
	164 66
	162 62
	161 57
	160 54
	158 49
	156 42
	155 38
	155 33
	155 29
	155 24
	155 21
	158 19
	161 19
	165 19
.PEN_UP
.PEN_DOWN
	136 56
	139 54
	143 54
	151 54
	156 55
	161 55
	164 55
	168 57
	172 57
	175 57
	178 58
	178 60
.PEN_UP
.PEN_DOWN
	77 41
	75 38
	72 33
	70 29
	68 26
	63 20
	61 17
	59 14
	58 9
	56 6
	55 3
	55 0
	58 0
	62 3
	64 7
	67 12
	71 16
	73 22
	74 25
	76 28
	77 31
	77 34
	78 38
	79 41
	79 37
	79 34
	79 31
	79 26
	80 22
	81 19
	82 16
	83 13
	87 11
	91 10
	94 10
	97 10
	100 11
	103 11
.PEN_UP
.PEN_DOWN
	67 2
	69 5
	70 8
	72 12
	74 15
	76 19
	77 22
	81 23
	84 26
	87 29
	91 33
	94 33
	97 33
	100 30
	100 27
	100 23
	100 20
	100 17
	100 13
	100 10
	100 6
	100 3
	103 0
	106 1
	110 3
	112 6
	116 8
	119 10
	123 15
	126 17
	128 20
	130 23
	131 27
	131 30
	130 33
	127 34
	124 34
	121 33
	119 30
	116 28
	115 24
	114 21
	114 18
	115 14
	115 11
	117 8
	121 5
	124 5
	127 5
	130 6
	135 7
	140 9
	143 10
	147 12
	150 13
	153 14
	156 17
	158 20
	160 24
	160 28
	157 30
	153 30
	150 30
	148 27
	147 24
	146 21
	146 18
	146 15
	147 12
	150 9
	153 9
	156 9
	159 10
	163 11
	166 12
	169 14
	172 15
	175 16
	178 19
	181 21
	184 22
	186 25
	187 22
	184 20
	182 17
	179 14
	177 11
	177 8
	176 5
	176 2
	179 0
	182 3
	186 8
	189 11
	191 16
	194 21
	195 24
	197 28
	198 32
	201 39
	203 43
	204 47
	205 50
	206 53
	208 58
	209 63
	210 66
	210 72
	210 76
	208 72
	207 68
	207 65
	207 62
	206 57
	206 53
	206 48
	206 45
	206 39
	206 34
	206 31
	208 27
	209 23
	211 19
	211 16
	213 15
.PEN_UP
.PEN_DOWN
	69 3
	72 6
	75 10
	78 14
	80 17
	81 20
	83 24
	85 32
	90 35
	92 39
	95 42
	97 45
	100 47
	101 50
	104 53
	106 57
	109 60
	109 57
	109 54
	106 48
	105 44
	103 40
	103 37
	101 34
	101 30
	99 25
	99 22
	99 18
	99 12
	101 8
	104 8
	108 9
	112 9
	116 11
	121 14
	127 16
	130 18
	132 21
	136 26
	139 28
	144 37
	147 42
	148 45
	150 49
	150 53
	150 58
	149 62
	146 62
	143 62
	140 61
	136 58
	133 57
	130 53
	127 49
	126 46
	124 41
	122 36
	120 33
	119 30
	118 27
	117 24
	116 21
	113 16
	113 13
	110 10
	109 6
	107 3
	107 0
	110 4
	113 8
	114 11
	118 12
	120 15
	124 17
	127 18
	130 20
	132 16
	133 13
	133 10
	133 7
	136 4
	140 4
	143 6
	148 8
	151 12
	154 16
	154 19
	151 21
	148 20
	145 19
	144 16
	142 13
	142 10
	142 7
	145 5
	148 5
	151 5
	156 5
	159 7
	161 7
.PEN_UP
.PEN_DOWN
	72 38
	75 38
	78 38
	84 38
	90 39
	94 40
	103 41
	106 41
	109 42
	112 42
	116 43
	120 43
	124 43
	128 44
.PEN_UP
.PEN_DOWN
	53 35
	55 38
	58 39
	62 43
	65 44
	68 45
	72 48
	75 47
	75 43
	74 38
	72 35
	70 30
	68 26
	64 21
	62 18
	60 15
	60 18
	62 22
	66 27
	69 34
	72 37
	72 40
	76 43
	79 46
	82 46
	83 43
	83 39
	83 34
	81 30
	80 26
	79 23
	76 22
	76 18
	75 14
	78 18
	81 22
	84 25
	86 30
	89 32
	92 35
	96 37
	99 40
	101 37
	101 33
	101 29
	100 26
	100 23
	98 20
	98 16
	99 13
	102 12
	109 16
	111 19
	115 22
	119 25
	122 28
	125 29
	124 26
	122 23
	120 20
	117 14
	116 10
	116 7
	116 4
	116 1
	119 0
	122 0
	124 3
	127 4
	130 6
	133 9
	135 13
	136 16
	136 20
	136 23
	136 27
	135 31
	134 34
	131 36
	128 37
	125 38
	122 36
	121 33
	121 30
	121 27
	123 24
	126 24
	129 24
	132 25
	136 27
	139 29
	143 32
	147 35
	150 37
	154 41
	157 43
	160 44
	163 46
	165 43
	164 40
	163 36
	160 32
	158 29
	157 25
	154 24
	152 21
	149 19
	146 19
	143 19
	140 22
	137 24
	137 28
	137 31
	140 31
	143 30
	146 29
	151 28
	154 28
	158 29
	162 30
	166 34
	168 37
	171 41
	172 44
	173 47
	173 50
	175 53
	177 56
	178 59
	179 64
	180 68
	181 72
	181 75
	181 78
	178 79
	178 75
	176 71
	175 66
	174 63
	173 58
	173 55
	173 52
	172 49
	172 44
	172 40
	173 37
	174 33
	176 29
	179 27
	182 25
	185 24
	186 24
.PEN_UP
.PEN_DOWN
	161 47
	164 48
	167 48
	172 49
	177 49
	181 50
	184 51
	187 52
	192 52
	196 54
	199 56
	202 56
	205 57
	206 57
.PEN_UP
.PEN_DOWN
	48 45
	51 47
	55 50
	58 51
	61 52
	65 55
	70 57
	73 59
	73 62
	77 64
	81 68
	83 72
	86 76
	90 84
	91 88
	91 92
	90 95
	86 97
	83 97
	81 93
	78 90
	76 87
	76 83
	74 80
	74 77
	72 74
	72 70
	70 66
	69 61
	67 57
	64 50
	63 45
	62 42
	61 38
	60 34
	59 31
	58 28
	57 24
	57 20
	55 17
	55 11
	55 7
	55 4
	55 1
	59 0
	60 3
	63 6
	65 9
	66 12
	66 15
	67 18
	68 22
	68 26
	68 29
	67 32
	66 36
	64 40
	62 43
	60 46
	63 45
	66 45
	69 46
	72 46
	75 48
	78 48
	82 49
	86 50
	91 52
	96 53
	101 54
	104 54
	108 56
	111 58
	114 61
	114 64
	111 64
	108 64
	104 64
	101 62
	97 60
	95 57
	93 54
	93 51
	93 48
	93 45
	93 42
	96 38
	98 35
	104 34
	107 34
	111 36
	114 36
	118 38
	122 41
	125 43
	129 47
	131 50
	133 53
	133 56
	132 59
	129 60
	126 60
	123 59
	120 57
	118 54
	116 51
	116 47
	116 44
	118 41
	121 38
	124 37
	128 37
	132 39
	136 40
	139 42
	142 43
	146 46
	149 49
	152 51
	155 54
	157 57
	160 60
	162 63
	165 65
	167 68
	169 71
	170 74
	171 78
	172 82
	172 85
	173 88
	173 91
	170 94
	168 97
	166 94
	163 92
	162 88
	160 84
	159 81
	158 78
	156 74
	155 71
	154 67
	153 64
	151 60
	151 56
	151 53
	151 50
	152 47
	154 44
	157 41
	160 40
	163 41
	166 43
	168 46
	170 49
	171 52
	171 55
	172 58
	171 61
	170 64
	173 64
	176 65
	179 64
	182 62
	185 62
	188 61
	191 61
	194 62
	198 63
	201 64
	206 66
	211 70
	214 72
	215 76
	217 79
	219 82
	219 85
	222 86
	223 89
	225 92
	226 95
	226 98
	227 101
	227 105
	227 108
	227 111
	224 113
	221 111
	218 109
	217 106
	214 103
	214 100
	212 96
	210 93
	208 90
	206 86
	204 83
	204 80
	202 76
	201 72
	200 67
	199 63
	199 60
	200 57
	202 54
	204 50
	207 47
	210 47
	214 47
	217 48
	221 50
	225 52
	228 54
	231 56
	233 59
	235 62
	235 65
	235 68
	234 71
	231 72
	228 72
	225 71
	223 67
	222 64
	223 59
	224 56
	225 52
	228 49
	231 48
	234 48
	237 48
	240 49
	244 50
	247 50
	251 51
.PEN_UP
.PEN_DOWN
	43 14
	44 17
	48 21
	49 25
	52 29
	56 34
	59 38
	63 43
	64 48
	66 53
	68 56
	68 59
	70 62
	72 66
	73 70
	73 73
	75 76
	75 72
	74 67
	74 64
	73 59
	73 56
	72 52
	71 49
	71 45
	70 41
	70 38
	70 35
	71 32
	73 28
	76 26
	79 26
	82 27
	86 30
	91 32
	95 34
	98 35
	100 38
	103 40
	107 45
	108 50
	112 53
	113 57
	116 60
	117 64
	119 67
	121 70
	121 74
	123 78
	123 82
	122 85
	119 86
	116 86
	113 85
	111 82
	109 79
	106 75
	103 68
	100 65
	99 60
	96 57
	95 52
	94 49
	92 46
	91 42
	90 39
	88 36
	86 32
	83 28
	82 23
	80 19
	78 16
	77 12
	76 9
	76 12
	79 15
	80 18
	83 21
	84 24
	86 28
	89 31
	92 35
	95 37
	99 40
	102 41
	105 43
	107 40
	107 37
	106 34
	106 30
	106 27
	107 24
	107 21
	110 20
	113 19
	116 21
	118 24
	121 26
	124 30
	126 33
	129 36
	132 38
	135 41
	139 44
	138 41
	136 38
	135 35
	134 32
	134 29
	134 26
	137 26
	140 25
	142 28
	145 29
	147 33
	149 36
	152 39
	155 41
	157 44
	161 47
	164 49
	167 51
	170 53
	171 50
	170 46
	169 43
	167 39
	165 36
	161 32
	158 28
	161 32
	164 34
	165 37
	169 40
	171 43
	174 44
	176 47
	179 48
	180 45
	180 42
	180 39
	180 36
	180 33
	183 32
	186 32
	189 32
	192 34
	195 35
	197 38
	201 40
	203 43
	206 46
	207 49
	204 48
	202 45
	199 43
	197 40
	194 37
	192 34
	193 31
	197 34
	200 38
	201 41
	204 43
	202 39
	199 35
	197 31
	196 27
	194 23
	193 19
	190 16
	188 13
	186 9
	184 6
	180 3
	177 2
	174 0
	171 0
	170 3
	170 7
	171 10
	173 13
	176 16
	180 19
	183 23
	187 26
	190 29
	194 31
	197 32
	201 35
	204 36
	207 37
	210 38
	214 39
	217 39
	220 39
	221 39
.PEN_UP
.PEN_DOWN
	48 53
	53 54
	56 55
	59 55
	64 57
	68 57
	72 58
	77 60
	81 61
	85 61
	88 61
	87 61
.PEN_UP
.PEN_DOWN
	130 59
	133 57
	134 56
.PEN_UP
.PEN_DOWN
0 0
.PEN_UP
.PEN_DOWN
0 0
.PEN_UP
.PEN_DOWN
0 0
.PEN_UP
.PEN_DOWN
0 0
.PEN_UP
.PEN_DOWN
0 0
.PEN_UP
.PEN_DOWN
0 0
.PEN_UP
.PEN_DOWN
	54 17
	56 20
	61 21
	64 22
	69 26
	73 29
	76 32
	79 34
	82 38
	86 42
	89 45
	91 49
	91 52
	91 55
	91 58
	89 61
	87 64
	84 65
	81 63
	78 61
	76 58
	75 54
	73 49
	72 45
	70 41
	69 38
	69 35
	66 33
	65 26
	64 22
	63 19
	63 16
	61 11
	60 8
	58 3
	58 0
	60 3
	62 6
	64 10
	67 16
	70 19
	71 22
	74 24
	77 26
	80 27
	83 26
	83 22
	83 17
	83 13
	84 10
	88 8
	91 8
	97 8
	101 11
	106 13
	109 17
	112 20
	114 23
	115 26
	111 28
	108 27
	104 26
	102 23
	101 19
	101 16
	104 12
	106 9
	109 7
	112 7
	115 7
	119 9
	122 11
	127 11
.PEN_UP
.PEN_DOWN
	50 0
	53 2
	55 5
	60 9
	64 13
	67 17
	69 20
	71 23
	75 26
	76 29
	76 25
	75 22
	74 19
	74 16
	73 13
	73 10
	74 7
	77 7
	81 10
	84 12
	89 14
	92 16
	96 18
	99 19
	102 21
	104 24
	107 26
	110 29
	113 31
	112 28
	112 24
	110 20
	109 16
	109 13
	106 11
	105 8
	101 5
	98 3
	95 3
	92 1
	89 1
	86 2
	83 4
	82 7
	82 11
	86 14
	88 15
.PEN_UP
.PEN_DOWN
	63 43
	63 40
	65 37
	67 34
	70 34
	71 34
.PEN_UP
.PEN_DOWN
	63 25
	61 22
	60 19
	57 16
	55 13
	52 9
	51 4
	49 1
	52 0
	53 3
	56 4
	58 7
	59 10
	63 17
	65 21
	66 24
	66 21
	66 18
	66 14
	67 11
	68 8
	72 6
	75 6
	78 6
	81 7
	83 8
.PEN_UP
.PEN_DOWN
0 0
.PEN_UP
.PEN_DOWN
0 0
.PEN_UP
.PEN_DOWN
0 0
.PEN_UP
.PEN_DOWN
0 0
.PEN_UP
.PEN_DOWN
0 0
.PEN_UP
.PEN_DOWN
	45 1
	48 4
	51 7
	55 12
	57 15
	60 19
	66 25
	69 28
	72 32
	74 36
	75 39
	78 42
	79 46
	82 49
	82 52
	83 55
	82 52
	82 49
	80 46
	79 41
	78 37
	77 32
	76 28
	75 25
	75 21
	75 17
	77 13
	78 10
	82 8
	85 8
	89 8
	92 9
	96 11
	99 12
	106 15
	109 19
	112 21
	115 24
	119 30
	122 33
	125 39
	128 42
	130 45
	133 49
	134 52
	134 55
	135 59
	135 63
	133 66
	130 66
	127 65
	124 64
	121 62
	117 59
	117 56
	114 54
	113 49
	110 46
	108 41
	107 36
	105 32
	101 28
	100 24
	97 22
	96 19
	94 15
	92 11
	90 8
	90 5
	94 7
	97 11
	99 14
	102 15
	105 18
	108 20
	111 22
	114 22
	115 19
	114 16
	114 13
	115 10
	117 7
	121 7
	124 7
	127 7
	130 8
	133 10
	137 12
	141 15
	142 18
	142 21
	139 22
	135 23
	132 22
	129 21
	126 19
	125 16
	124 13
	123 10
	123 7
	124 4
	126 1
	130 0
	133 0
	136 0
	140 0
	143 0
	148 2
.PEN_UP
.PEN_DOWN
	55 40
	58 40
	63 40
	69 40
	72 40
	76 41
	82 41
	89 41
	92 40
	97 40
	100 40
	103 39
	106 42
.PEN_UP
.PEN_DOWN
	44 8
	47 9
	51 12
	54 14
	57 14
	61 16
	64 18
	67 18
	70 22
	73 25
	75 28
	76 31
	76 34
	74 39
	71 40
	67 40
	64 40
	60 37
	58 33
	57 30
	55 27
	55 24
	55 21
	55 18
	56 15
	57 11
	60 9
	64 8
	67 10
	71 13
	73 16
	76 17
	80 19
	83 22
	87 23
	91 25
	94 28
	97 31
	100 32
	103 32
	105 29
	105 25
	104 21
	100 18
	97 15
	95 12
	92 8
	89 6
	88 3
	91 7
	92 10
	95 12
	98 16
	102 18
	107 21
	110 24
	113 26
	116 28
	119 30
	120 26
	119 23
	119 20
	118 17
	118 13
	118 10
	118 7
	121 6
	124 8
	128 10
	131 12
	134 16
	138 18
	141 22
	144 25
	146 29
	146 32
	149 35
	151 38
	153 41
	154 45
	155 48
	156 51
	157 55
	157 58
	159 61
	161 65
	161 68
	162 71
	161 68
	159 65
	158 62
	156 57
	155 53
	153 49
	152 45
	151 41
	149 37
	149 33
	148 29
	147 26
	146 22
	146 18
	147 13
	147 10
	150 8
	152 5
	155 4
	158 4
	162 6
	164 9
	168 11
	170 14
	173 16
	176 19
	179 23
	182 26
	184 29
	186 33
	185 30
	184 27
	182 24
	181 21
	180 17
	180 14
	179 11
	180 8
	183 5
	186 5
	190 7
	193 9
	196 12
	198 15
	202 18
	204 21
	206 24
	207 28
	210 29
	214 32
	217 32
	220 32
	223 31
	224 28
	223 25
	223 22
	222 19
	221 16
	221 13
	219 10
	218 7
	218 4
	219 1
	222 0
	225 0
	229 0
	234 1
	237 2
	240 4
	243 5
	246 7
	249 9
	252 12
	255 15
	258 19
	261 21
	263 24
	265 27
	267 31
	269 34
	269 37
	266 40
	262 41
	258 41
	255 40
	252 38
	249 34
	249 31
	249 28
	248 25
	248 22
	248 19
	249 16
	251 13
	254 10
	257 8
	260 6
	263 5
	266 4
	271 4
	275 5
	278 8
	281 8
.PEN_UP
.PEN_DOWN
	115 60
	118 60
	121 59
	126 59
	131 58
	134 58
	139 58
	142 58
	145 58
	148 58
	151 58
	154 58
	157 58
	160 57
	163 58
	166 57
	169 56
	171 57
.PEN_UP
.PEN_DOWN
	176 44
	176 41
	178 41
.PEN_UP
.PEN_DOWN
	49 29
	52 31
	55 31
	58 32
	61 31
	63 28
	62 25
	61 22
	58 19
	57 16
	56 13
	55 9
	55 6
	55 3
	59 1
	63 3
	66 5
	69 8
	72 10
	74 13
	77 17
	78 20
	82 23
	82 27
	85 28
	87 32
	89 35
	90 38
	89 35
	88 32
	86 29
	86 26
	84 22
	83 18
	82 14
	82 10
	81 7
	81 4
	82 1
	85 0
	88 1
	91 3
	94 6
	97 10
	100 12
	103 16
	104 19
	107 20
	109 24
	111 28
	112 31
	115 34
	119 36
	123 35
	123 32
	123 29
	123 26
	121 23
	119 18
	116 15
	114 12
	113 9
	111 6
	112 9
	114 12
	117 14
	119 17
	122 21
	125 23
	128 26
	131 30
	133 33
	134 36
	137 38
	140 40
	143 41
	143 38
	142 34
	141 31
	139 28
	138 25
	138 22
	136 19
	136 16
	136 13
	137 10
	140 12
	143 14
	146 16
	149 19
	152 21
	154 24
	157 27
	158 30
	160 33
	162 36
	161 32
	160 29
	159 26
	157 23
	157 20
	157 17
	158 14
	161 12
	164 12
	168 12
	171 13
	174 16
	177 19
	180 22
	183 26
	186 27
	187 30
	190 33
	193 35
	196 34
	197 31
	197 28
	197 25
	196 22
	195 18
	195 15
	195 12
	196 9
	197 6
	200 4
	203 6
	206 8
	207 11
	208 14
	209 17
	210 20
	212 25
	212 28
	212 31
	215 33
	218 33
	220 30
	223 28
	226 27
	229 27
	233 27
	236 28
	239 29
	242 30
	245 33
	248 36
	248 39
	247 42
	243 43
	240 43
	237 42
	234 41
	231 39
	228 36
	227 33
	226 30
	226 27
	226 23
	227 20
	230 18
	233 15
	236 14
	239 14
	243 16
	246 17
	249 20
	252 22
	254 26
	257 28
	260 30
	261 33
	264 36
	268 39
	271 40
	274 40
	278 40
	281 38
	284 35
	284 32
	283 29
	281 26
	279 22
	279 19
	280 16
	282 13
	285 12
	288 12
	291 14
	295 14
	299 17
	303 19
	306 22
	310 25
	312 28
	316 31
	317 34
	320 37
	322 40
	324 43
	326 46
	327 43
	326 40
	326 37
	326 34
	325 31
	323 26
	322 23
	320 20
	319 17
	317 14
	314 11
	311 9
	308 8
	304 8
	301 10
	298 12
	295 16
	294 19
	297 17
	300 15
	303 14
	306 14
	309 13
	313 13
	318 13
	321 14
	324 15
	328 17
	334 20
	337 22
	341 23
	344 24
	347 25
	349 28
	351 31
	351 34
	350 37
	347 38
	344 38
	341 38
	337 36
	334 34
	332 30
	330 27
	329 23
	329 20
	330 16
	331 12
	334 8
	338 7
	341 6
	346 6
	350 6
.PEN_UP
.PEN_DOWN
	161 57
	162 54
	164 51
	168 51
.PEN_UP
.PEN_DOWN
0 0
.PEN_UP
.PEN_DOWN
0 0
.PEN_UP
.PEN_DOWN
0 0
.PEN_UP
.PEN_DOWN
0 0
.PEN_UP
.PEN_DOWN
	35 22
	39 25
	41 28
	44 30
	47 33
	51 38
	55 40
	58 43
	60 46
	60 43
	59 40
	57 36
	56 33
	55 30
	54 27
	54 24
	57 23
	60 23
	63 23
	66 26
	69 27
	72 31
	75 35
	78 38
	79 43
	82 46
	84 51
	86 56
	89 58
	90 61
	92 64
	93 67
	95 70
	96 75
	98 79
	100 82
	100 85
	100 80
	100 77
	97 74
	97 71
	95 67
	94 62
	93 58
	92 54
	91 50
	91 46
	90 43
	89 39
	89 34
	89 31
	91 27
	94 25
	97 25
	100 26
	103 28
	107 29
	111 32
	115 35
	119 38
	122 41
	125 43
	127 46
	129 50
	131 47
	131 44
	129 40
	128 37
	126 34
	125 31
	121 29
	118 27
	114 27
	110 27
	107 29
	106 32
	107 35
	110 34
	111 31
	114 29
	117 29
	120 29
	124 29
	127 29
	130 29
	133 31
	137 31
	140 33
	143 35
	146 37
	149 40
	150 43
	149 46
	149 49
	147 52
	144 52
	141 51
	140 48
	140 45
	139 42
	139 39
	139 36
	139 33
	142 31
	145 31
	148 31
	151 31
	154 33
	157 33
	161 33
	164 35
	167 36
	170 37
	172 40
	174 43
	176 46
	178 49
	178 53
	181 54
	181 57
	181 60
	182 63
	182 66
	184 69
	184 73
	186 77
	186 80
	188 83
	189 86
	190 89
	186 88
	184 85
	180 81
	178 78
	176 75
	174 72
	172 69
	171 65
	169 61
	168 56
	168 52
	167 48
	167 45
	167 42
	167 39
	170 36
	172 33
	175 32
	178 31
	181 30
	184 30
	188 31
	192 32
	196 34
	200 36
	203 37
	205 40
	211 42
	214 46
	217 49
	221 52
	224 55
	226 59
	229 61
	231 64
	231 67
	233 71
	233 75
	234 79
	234 82
	231 82
	230 79
	227 78
	221 73
	221 70
	216 68
	215 65
	213 62
	211 59
	208 55
	206 52
	201 45
	198 41
	196 36
	193 32
	192 28
	191 25
	190 20
	190 15
	190 12
	191 9
	192 5
	194 2
	197 0
	200 1
	203 3
	205 6
	207 9
	207 13
	207 16
	207 19
	207 22
	206 25
	205 29
	203 32
	201 35
	198 36
	203 37
	206 37
	211 37
	214 37
	217 37
	222 37
	226 37
	229 38
	233 38
	234 40
.PEN_UP
.PEN_DOWN
	45 59
	48 57
	49 54
	51 53
.PEN_UP
.PEN_DOWN
	79 67
	82 67
	86 68
	89 68
	92 68
	98 69
	102 69
	107 70
	110 70
	113 71
	114 71
.PEN_UP
.PEN_DOWN
	32 5
	35 9
	37 12
	40 14
	42 17
	46 22
	50 25
	55 31
	57 36
	61 40
	64 44
	66 48
	68 51
	69 54
	72 57
	74 63
	75 66
	76 70
	77 73
	76 70
	75 66
	74 62
	72 57
	71 54
	69 51
	69 48
	69 45
	68 41
	65 38
	64 31
	62 28
	62 23
	61 20
	60 17
	59 13
	59 9
	59 6
	62 5
	65 6
	70 9
	74 12
	79 15
	82 19
	85 19
	87 22
	90 23
	95 26
	96 29
	94 26
	91 23
	90 20
	89 16
	87 13
	87 10
	87 7
	87 3
	89 0
	93 0
	97 3
	100 3
	103 7
	105 10
	106 13
	106 20
	106 23
	104 26
	101 28
	98 28
	96 25
	95 22
	94 18
	95 15
	98 15
	101 15
	104 16
	108 17
	113 21
	116 22
	119 22
	122 23
	125 24
	129 24
	132 25
	135 25
	138 25
.PEN_UP
.PEN_DOWN
	48 44
	51 43
	55 43
	58 43
	61 43
	67 42
	70 42
	75 42
	78 42
	79 42
.PEN_UP
.PEN_DOWN
	44 33
	41 30
	37 26
	35 23
	34 19
	30 15
	30 12
	28 9
	28 6
	28 3
	30 0
	33 1
	36 1
	39 3
	43 6
	46 9
	49 12
	52 15
	56 18
	58 21
	58 25
	61 27
	63 30
	66 33
	68 36
	71 39
	74 39
	77 39
	80 37
	81 34
	81 31
	81 28
	81 25
	80 22
	79 18
	78 14
	76 11
	76 8
	78 5
	81 4
	84 6
	87 7
	90 8
	93 10
	96 13
	100 16
	102 19
	104 22
	107 24
	107 27
	109 30
	111 33
	113 36
	115 39
	116 36
	115 33
	113 28
	111 24
	110 21
	109 18
	108 15
	108 12
	108 8
	110 5
	113 4
	116 6
	119 7
	121 10
	124 12
	125 15
	128 17
	130 20
	132 23
	134 26
	135 29
	137 32
	139 35
	139 32
	137 29
	136 26
	135 23
	135 19
	135 16
	136 13
	139 12
	142 11
	145 11
	148 11
	152 12
	157 15
	160 17
	163 21
	165 24
	169 27
	172 31
	175 33
	175 30
	175 27
	173 24
	172 20
	170 17
	169 14
	166 11
	162 8
	160 5
	156 3
	151 1
	148 0
	145 0
	143 3
	143 6
	143 9
	146 8
	149 6
	153 4
	156 3
	159 3
	163 3
	167 4
	171 5
	174 6
	178 7
	181 11
	184 13
	188 16
	192 20
	195 23
	196 26
	198 29
	201 33
	203 36
	204 39
	206 43
	209 47
	212 51
	214 54
	215 57
	215 60
	215 63
	215 66
	212 67
	210 64
	207 63
	205 60
	201 57
	200 54
	197 51
	195 47
	192 43
	189 36
	186 34
	185 30
	183 26
	181 22
	181 19
	179 16
	178 12
	176 9
	175 6
	172 5
	173 8
	176 11
	178 14
	181 16
	184 17
	188 19
	192 21
	195 22
	198 24
	201 26
	204 26
	206 22
	206 19
	206 16
	206 13
	206 10
	206 7
	209 5
	212 5
	215 5
	218 5
	222 8
.PEN_UP
.PEN_DOWN
0 0
.PEN_UP
.PEN_DOWN
0 0
.PEN_UP
.PEN_DOWN
	43 25
	40 21
	37 19
	34 17
	32 14
	29 11
	27 7
	25 4
	25 1
	29 1
	33 2
	37 5
	42 8
	45 11
	48 15
	50 20
	53 23
	54 26
	51 24
	51 20
	49 17
	49 13
	49 10
	51 7
	53 4
	56 2
	59 0
	64 0
.PEN_UP
.PEN_DOWN
0 0
.PEN_UP
.PEN_DOWN
	57 32
	54 29
	52 26
	49 24
	47 21
	43 17
	40 13
	37 11
	37 7
	34 6
	33 2
	37 0
	42 3
	46 5
	49 9
	52 12
	55 15
	57 20
	58 24
	58 21
	55 18
	55 15
	55 12
	56 9
	58 6
	61 3
	64 1
	67 1
	70 0
	73 0
	77 1
	79 3
.PEN_UP
.PEN_DOWN
	45 53
	42 49
	38 47
	36 43
	33 40
	31 37
	30 33
	33 33
	36 36
	39 39
	42 43
	44 47
	46 50
	49 53
	52 56
	53 60
	54 63
	56 67
	57 73
	58 76
	60 80
	61 83
	62 86
	62 90
	62 94
	63 97
	63 101
	62 97
	61 94
	60 89
	58 84
	57 79
	56 74
	55 70
	55 67
	54 64
	52 60
	51 56
	50 53
	49 50
	48 47
	48 44
	47 41
	47 38
	49 35
	50 32
	53 31
	56 31
	59 34
	62 35
	64 38
	67 41
	69 44
	70 47
	71 50
	72 53
	73 56
	73 59
	75 62
	78 64
	81 64
	84 66
	88 66
	92 67
	94 64
	94 61
	94 58
	92 55
	91 52
	90 49
	89 46
	88 42
	87 39
	87 36
	88 33
	91 34
	95 35
	99 38
	102 41
	105 45
	108 47
	111 51
	112 54
	115 55
	116 59
	117 62
	115 59
	113 55
	112 52
	112 48
	110 45
	109 41
	109 38
	109 35
	110 32
	113 32
	116 35
	119 38
	120 41
	121 44
	121 48
	121 51
	119 54
	119 57
	116 59
	113 59
	112 56
	111 53
	111 50
	112 47
	114 44
	117 44
	120 44
	123 46
	127 47
	130 48
	133 50
	135 53
	139 55
	142 58
	145 60
	148 63
	151 65
	153 68
	155 71
	152 68
	151 65
	148 61
	147 56
	143 52
	142 49
	139 44
	136 41
	135 38
	133 35
	131 32
	131 29
	130 26
	130 23
	129 20
	127 14
	127 10
	126 6
	125 3
	124 0
	124 4
	125 8
	128 14
	129 17
	131 22
	133 25
	136 29
	138 34
	139 37
	140 41
	142 45
	146 48
	149 51
	152 54
	155 54
	158 53
	159 50
	159 46
	159 42
	158 39
	158 35
	158 32
	158 29
	158 26
	161 25
	164 26
	167 28
	170 29
	172 29
.PEN_UP
.PEN_DOWN
0 0
.PEN_UP
.PEN_DOWN
	42 41
	45 41
	48 41
	49 38
	50 35
	50 31
	50 25
	49 21
	47 17
	47 14
	47 11
	47 7
	47 4
	51 6
	54 8
	54 11
	58 17
	60 21
	61 24
	63 28
	63 31
	66 33
	66 36
	67 39
	67 35
	67 32
	67 28
	67 23
	67 19
	69 16
	72 14
	75 14
	78 14
	81 14
	84 16
	87 17
	89 20
	89 23
	89 26
	89 30
	88 36
	88 39
	87 42
	90 41
	93 41
	97 40
	101 39
	104 39
	107 39
	110 39
	114 38
	118 38
	121 38
	119 35
	116 33
	114 30
	109 27
	108 24
	106 21
	103 17
	103 14
	103 10
	106 7
	109 7
	110 10
	113 12
	113 15
	115 18
	115 22
	116 25
	117 28
	117 31
	118 34
	118 37
	118 34
	119 31
	120 26
	121 22
	123 19
	126 17
	130 16
	134 18
	139 20
	142 22
	143 25
	146 26
	151 32
	154 35
	157 38
	159 41
	161 45
	162 48
	164 51
	166 54
	168 58
	168 61
	169 64
	169 67
	169 70
	167 67
	166 64
	164 60
	162 55
	161 52
	160 49
	159 46
	158 43
	157 37
	155 34
	155 30
	155 27
	155 24
	154 21
	154 17
	154 12
	156 9
	157 6
	159 2
	162 0
	166 0
	169 2
	172 4
	175 7
	178 10
	180 14
	182 17
	184 20
	186 23
	186 27
	184 31
	181 32
	178 32
	175 31
	173 28
	170 24
	170 21
	170 18
	171 14
	174 12
	177 11
	182 11
	186 12
	189 14
	192 16
	196 20
	199 22
	202 24
	205 25
	208 26
	212 27
	215 27
	217 24
	218 20
	217 16
	216 13
	216 10
	216 7
	217 4
	221 2
	224 2
	228 2
	232 2
	238 2
.PEN_UP
.PEN_DOWN
	145 54
	149 53
	154 53
	157 53
	160 53
	165 53
	168 53
	172 52
	175 52
	178 52
	181 51
	182 49
.PEN_UP
.PEN_DOWN
0 0
.PEN_UP
.PEN_DOWN
0 0
.PEN_UP
.PEN_DOWN
0 0
.PEN_UP
.PEN_DOWN
0 0
.PEN_UP
.PEN_DOWN
0 0
.PEN_UP
.PEN_DOWN
0 0
.PEN_UP
.PEN_DOWN
0 0
.PEN_UP
.PEN_DOWN
0 0
.PEN_UP
.PEN_DOWN
0 0
.PEN_UP
.PEN_DOWN
0 0
.PEN_UP
.PEN_DOWN
	27 26
	30 28
	33 30
	36 31
	38 34
	42 37
	45 40
	47 43
	49 46
	48 43
	47 40
	46 37
	46 34
	46 31
	46 28
	49 26
	53 26
	57 28
	61 29
	65 32
	69 35
	73 36
	74 39
	77 41
	79 46
	83 49
	85 52
	88 55
	89 58
	91 61
	94 66
	95 69
	95 74
	95 77
	95 80
	92 82
	87 80
	83 76
	80 70
	76 65
	75 62
	73 58
	72 54
	70 50
	69 47
	66 40
	64 36
	62 33
	61 30
	60 27
	59 24
	59 20
	58 17
	57 14
	57 9
	56 6
	56 3
	56 0
	59 3
	61 6
	63 10
	64 13
	64 16
	64 19
	66 24
	66 29
	66 32
	66 35
	66 38
	65 41
	68 40
	73 39
	76 38
	80 38
	83 38
	86 39
	87 41
.PEN_UP
.PEN_DOWN
	44 68
	47 66
	50 65
	51 64
.PEN_UP
.PEN_DOWN
0 0
.PEN_UP
.PEN_DOWN
0 0
.PEN_UP
.PEN_DOWN
0 0
.PEN_UP
.PEN_DOWN
0 0
.PEN_UP
.PEN_DOWN
	29 32
	32 33
	36 33
	37 30
	37 26
	36 22
	34 18
	33 15
	33 11
	31 7
	31 3
	32 0
	35 0
	39 3
	42 7
	43 10
	45 13
	45 16
	48 19
	48 23
	48 27
	50 30
	50 26
	50 23
	50 19
	50 15
	51 12
	51 9
	51 6
	52 3
	55 1
	58 1
	60 5
	61 8
	62 11
	62 14
	62 18
	62 22
	62 25
	62 28
	65 29
	69 29
	71 26
	75 24
	78 22
	83 22
	86 22
	90 22
	93 22
	96 23
	97 26
	98 29
	98 32
	97 36
	94 36
	91 36
	87 36
	84 36
	81 34
	80 31
	78 27
	78 24
	78 18
	78 14
	79 11
	82 7
	86 6
	89 6
	92 6
	95 8
	98 10
	104 14
	107 16
	109 20
	112 24
	116 26
	118 30
	122 33
	125 35
	129 37
	132 39
	135 40
	139 40
	142 40
	143 37
	143 34
	143 31
	140 26
	139 22
	136 18
	136 15
	134 12
	134 9
	134 5
	136 2
	139 1
	143 2
	146 4
	149 6
	153 7
	156 10
	160 11
	163 13
	166 13
	170 16
	175 20
	176 24
	176 29
	176 33
	176 36
	172 36
	169 36
	166 35
	160 32
	158 29
	155 25
	154 21
	154 18
	154 15
	154 12
	159 9
	161 6
	165 5
	168 5
	172 5
	176 5
	182 6
.PEN_UP
.PEN_DOWN
	39 8
	42 12
	44 15
	48 19
	52 23
	56 28
	58 31
	60 35
	63 38
	64 41
	66 45
	69 49
	70 53
	72 56
	75 62
	75 66
	75 69
	76 72
	76 75
	75 72
	73 66
	73 62
	72 59
	71 56
	71 53
	69 49
	67 40
	67 37
	66 34
	64 31
	64 28
	63 24
	62 21
	62 18
	62 14
	62 11
	63 8
	66 7
	70 8
	75 11
	79 14
	82 18
	87 21
	91 25
	93 28
	96 31
	94 28
	91 26
	88 22
	86 19
	85 15
	82 10
	82 7
	82 3
	84 0
	87 0
	90 0
	93 1
	98 2
	102 5
	106 9
	108 13
	109 16
	110 19
	110 22
	107 25
	103 26
	100 26
	97 27
	94 29
	93 26
	96 24
	100 24
	104 24
	109 24
	114 24
	123 25
	127 25
	134 25
.PEN_UP
.PEN_DOWN
	46 42
	51 42
	54 42
	58 42
	65 42
	69 42
	73 42
	78 42
	82 42
	85 42
	88 42
	91 42
	94 42
	97 42
	94 43
	92 42
.PEN_UP
.PEN_DOWN
	53 36
	50 35
	46 33
	42 30
	40 26
	38 22
	37 19
	36 15
	36 12
	37 9
	40 8
	43 9
	46 11
	49 14
	52 15
	55 19
	60 23
	62 27
	64 31
	67 35
	69 39
	72 41
	74 44
	78 46
	81 44
	84 40
	85 37
	86 34
	86 31
	84 28
	83 24
	80 20
	80 17
	79 14
	80 11
	84 9
	87 9
	90 10
	94 13
	97 15
	99 18
	101 21
	105 27
	108 31
	109 34
	111 37
	110 33
	109 30
	107 27
	106 23
	105 20
	105 17
	106 14
	109 14
	113 16
	117 18
	120 21
	124 25
	127 29
	130 31
	133 36
	136 37
	139 41
	140 44
	137 44
	136 41
	135 37
	135 34
	133 31
	131 27
	129 24
	128 21
	127 17
	126 14
	126 11
	129 10
	132 10
.PEN_UP
.PEN_DOWN
	145 18
	148 20
	150 23
	153 26
	157 29
	160 32
	163 35
	164 38
	167 40
	169 43
	172 45
	171 42
	170 39
	169 35
	167 31
	164 24
	163 21
	161 18
	158 15
	156 12
	152 10
	149 9
	146 9
	144 13
	144 16
	147 16
	150 16
	155 16
	160 17
	166 18
	171 18
	176 20
	179 20
	183 22
	187 25
	193 30
	197 35
	200 37
	203 42
	205 45
	206 48
	209 52
	211 56
	212 59
	213 63
	213 67
	213 70
	211 73
	208 74
	205 74
	202 72
	198 70
	196 67
	194 63
	190 57
	189 54
	187 50
	185 44
	184 41
	182 36
	181 33
	181 30
	178 27
	176 22
	172 18
	169 14
	166 10
	163 7
	162 4
	160 1
	163 5
	167 9
	168 12
	171 14
	175 19
	177 22
	182 25
	185 28
	189 29
	192 27
	192 23
	192 19
	192 15
	192 12
	193 8
	195 5
	196 2
	199 0
	203 0
	206 2
	209 2
.PEN_UP
.PEN_DOWN
	28 25
	31 27
	34 29
	37 32
	40 34
	43 35
	47 37
	53 42
	56 45
	60 48
	64 53
	68 57
	70 61
	71 67
	71 70
	71 73
	70 76
	67 77
	64 76
	61 76
	59 73
	57 68
	54 65
	51 61
	50 57
	47 53
	46 49
	41 41
	40 38
	39 34
	37 31
	35 28
	33 23
	31 20
	28 17
	26 13
	24 9
	23 6
	22 3
	21 0
	21 4
	24 9
	25 13
	27 16
	29 19
	33 22
	36 24
	38 27
	41 30
	45 33
	48 35
	51 36
	55 37
	56 34
	55 30
	54 26
	53 22
	52 19
	49 14
	48 11
	46 8
	49 7
	52 7
	55 8
	59 11
	64 14
	67 17
	72 19
	73 22
	76 24
	78 27
	79 23
	77 20
	75 17
	75 14
	75 11
	78 11
	81 11
	84 13
	87 15
	91 17
	94 21
	97 24
	100 26
	103 28
	106 30
	103 26
	100 24
	98 20
	97 17
	96 13
	95 10
	93 7
	91 4
	91 7
	91 10
	93 13
	96 15
	99 16
	102 18
	105 20
	109 21
	112 23
	115 24
	118 25
	118 21
	116 18
	113 15
	110 13
	109 10
	107 7
	109 10
	112 13
	116 17
	119 20
	122 23
	125 24
	128 25
	127 22
	125 19
	124 15
	123 11
	123 8
	123 5
	126 3
	129 3
	132 4
	138 6
	141 7
.PEN_UP
.PEN_DOWN
	76 44
	76 41
	79 40
	82 41
.PEN_UP
.PEN_DOWN
	31 29
	33 32
	36 34
	39 36
	43 37
	45 33
	44 30
	44 27
	41 20
	39 15
	37 12
	35 8
	34 5
	31 3
	31 8
	34 11
	36 15
	38 18
	40 22
	42 26
	45 28
	47 31
	50 31
	51 28
	49 23
	48 18
	46 15
	46 12
	44 9
	44 6
	42 9
	44 13
	45 16
	48 19
	52 24
	54 27
	56 30
	59 32
	62 32
	63 27
	63 24
	62 21
	60 16
	60 13
	60 10
	60 7
	64 5
	67 5
	70 5
	74 8
	78 12
	82 16
	84 19
	88 21
	90 24
	93 26
	94 30
	96 33
	93 29
	89 25
	84 22
	83 19
	80 17
	78 13
	76 10
	76 6
	75 3
	79 4
	82 7
	84 10
	88 15
	89 18
	91 21
	92 24
	90 20
	88 15
	87 12
	87 9
	90 9
	94 12
	98 16
	101 19
	104 23
	107 24
	107 21
	106 18
	105 15
	105 12
	109 14
	115 18
	119 19
	124 20
	127 20
	127 16
	125 12
	123 9
	122 6
	121 3
	122 0
	126 0
	131 2
	135 4
	140 4
.PEN_UP
.PEN_DOWN
0 0
.PEN_UP
.PEN_DOWN
	36 9
	37 12
	40 14
	41 17
	45 19
	49 21
	52 23
	56 24
	59 24
	60 21
	58 18
	55 14
	54 11
	51 8
	49 5
	46 2
	43 1
	41 4
	44 2
	49 2
	53 2
	56 3
	61 4
	65 6
	68 7
	71 8
	75 14
	78 16
	82 20
	86 25
	90 30
	90 33
	92 36
	95 40
	95 44
	96 47
	97 50
	97 53
	95 50
	94 43
	92 39
	92 36
	92 33
	90 29
	89 26
	88 21
	87 17
	86 14
	86 10
	86 6
	86 3
	88 0
	92 2
	95 5
	98 7
	101 8
	103 12
	107 15
	110 18
	110 15
	108 12
	107 9
	106 6
	105 3
	108 2
	111 2
	114 4
	117 6
	121 10
	124 13
	127 17
	131 21
	133 25
	137 27
	140 32
	143 35
	146 39
	147 42
	151 46
	153 49
	155 52
	158 54
	159 57
	160 60
	161 63
	158 65
	155 63
	152 61
	149 58
	146 55
	143 52
	142 48
	141 45
	138 42
	136 37
	134 33
	133 29
	131 25
	130 21
	128 18
	127 15
	126 12
	126 8
	126 4
	127 1
	130 0
	133 0
	136 0
	139 2
	142 3
	145 6
	149 10
	152 13
	155 16
	158 21
	161 23
	162 27
	164 30
	166 33
	167 36
	170 41
	173 44
	174 48
	174 51
	171 51
	168 50
	164 47
	161 44
	157 38
	155 35
	153 32
	152 29
	149 26
	149 23
	148 19
	147 15
	147 12
	148 9
	151 7
	154 5
	157 5
	160 5
	164 6
	167 9
	169 12
	173 13
.PEN_UP
.PEN_DOWN
	73 34
	76 34
	81 34
	85 35
	88 35
	92 36
	96 36
	100 36
	103 35
.PEN_UP
.PEN_DOWN
	105 32
	106 29
	106 26
	109 25
.PEN_UP
.PEN_DOWN
0 0
.PEN_UP
.PEN_DOWN
	37 32
	39 35
	42 37
	45 39
	49 41
	53 42
	56 42
	56 36
	55 33
	54 30
	52 26
	49 23
	48 19
	45 17
	44 14
	43 11
	44 15
	44 18
	45 21
	48 23
	51 26
	55 30
	58 32
	60 35
	63 36
	66 38
	66 34
	65 30
	63 26
	60 21
	59 18
	57 14
	60 18
	62 21
	65 24
	68 27
	71 30
	75 32
	75 29
	74 25
	73 21
	73 18
	72 15
	72 12
	73 9
	76 7
	79 8
	82 10
	84 13
	86 16
	89 18
	91 21
	93 24
	91 21
	90 18
	89 15
	89 12
	88 9
	88 6
	88 3
	89 0
	92 0
	95 1
	98 3
	100 7
	102 10
	103 13
	104 17
	105 20
	105 23
	106 26
	105 29
	102 31
	99 32
	96 29
	95 26
	95 23
	95 20
	95 17
	98 17
	101 17
	104 19
	108 20
	110 24
	113 26
	116 27
	119 30
	122 32
	124 35
	127 37
	129 40
	131 37
	133 33
	133 30
	133 27
	132 24
	129 20
	128 17
	127 14
	126 11
	127 8
	130 8
	133 9
	136 10
	139 11
	142 13
	145 17
	148 19
	150 22
	152 25
	154 28
	154 27
	157 31
	159 35
	161 38
	161 41
	159 44
	155 44
	152 42
	149 40
	148 37
	145 34
	143 30
	143 27
	143 23
	143 19
	144 16
	149 14
	152 14
	155 14
	158 14
	162 15
.PEN_UP
.PEN_DOWN
	57 28
	59 31
	62 33
	65 35
	68 37
	71 39
	74 41
	78 44
	81 45
	85 45
	86 41
	84 34
	84 31
	82 28
	80 24
	78 20
	76 17
	74 13
	73 10
	72 7
	72 10
	73 13
	75 16
	76 19
	78 23
	83 25
	85 29
	88 31
	91 34
	94 35
	98 38
	101 38
	102 34
	100 30
	100 27
	98 24
	97 21
	97 18
	97 14
	97 11
	101 9
	104 10
	107 10
	110 12
	110 11
	113 14
	115 17
	117 20
	120 22
	121 25
	124 28
	125 31
	122 28
	121 25
	120 22
	118 19
	118 16
	117 12
	117 8
	118 5
	120 2
	123 0
	126 0
	128 3
	128 6
	130 9
	130 12
	130 15
	131 18
	130 23
	129 26
	127 29
	125 32
	124 35
	122 32
	122 29
	121 26
	122 23
	126 22
	129 22
	133 22
	136 23
	140 24
	145 27
	148 28
	151 28
	154 31
	157 32
	160 35
	163 38
	165 41
	166 44
	166 47
	165 50
	166 53
	166 56
	165 59
	162 60
	159 58
	158 55
	157 52
	156 49
	154 45
	153 41
	152 37
	151 33
	150 29
	150 26
	149 23
	149 19
	151 16
	151 13
	152 8
	155 6
	159 10
	160 14
	161 18
	162 22
	163 28
	163 31
	163 34
	166 33
	166 30
	169 27
	172 27
	177 26
	181 26
	185 28
	188 30
	190 33
	194 36
	197 41
	200 43
	203 46
	206 50
	209 54
	210 57
	212 60
	212 63
	212 66
	211 69
	207 69
	204 67
	201 66
	200 63
	197 61
	194 58
	192 55
	190 52
	189 48
	187 45
	186 41
	186 37
	186 34
	185 31
	185 28
	185 24
	186 21
	187 17
	188 14
	191 13
	194 11
	197 11
	200 11
	203 11
	206 12
	209 13
	212 14
	218 19
	221 22
	222 25
	225 28
	225 31
	222 34
	218 36
	214 36
	212 33
	211 29
	210 26
	210 23
	210 20
	211 17
	213 14
	216 13
	220 12
	224 12
	227 12
	231 13
	234 13
	237 14
	240 14
.PEN_UP
.PEN_DOWN
	30 0
	32 3
	34 6
	36 9
	40 12
	40 15
	44 18
	44 22
	47 23
	50 26
	54 30
	55 33
	58 38
	60 42
	64 46
	64 51
	67 54
	67 57
	68 60
	70 63
	70 66
	70 69
	70 65
	69 61
	68 57
	66 53
	65 48
	64 44
	63 41
	63 38
	62 32
	61 28
	61 24
	61 20
	62 17
	65 16
	68 15
	71 16
	74 17
	77 17
	81 20
	84 21
	87 22
	92 26
	95 27
	97 32
	100 34
	103 37
	105 41
	107 46
	108 50
	109 53
	109 56
	109 59
	109 62
	109 65
	109 68
	106 70
	103 67
	100 65
	98 62
	96 59
	94 56
	92 53
	90 50
	88 46
	87 41
	85 37
	83 34
	83 31
	81 28
	80 25
	79 21
	76 17
	74 14
	73 11
	71 7
	73 10
	74 13
	75 16
	77 20
	79 24
	81 27
	84 30
	87 32
	90 35
	94 36
	97 36
	97 33
	96 30
	96 26
	95 23
	95 20
	98 19
	101 19
	105 20
	108 21
	112 23
	113 26
	116 27
	117 30
	113 27
	112 24
	110 21
	107 18
	106 15
	106 12
	105 9
	108 9
	110 12
	112 15
	114 19
	115 22
	117 25
	118 29
	119 26
	119 23
	118 20
	117 17
	117 14
	120 14
	123 17
	127 22
	130 24
	133 26
	135 29
	135 26
	135 23
	135 20
	133 17
	131 14
	130 10
	128 7
	127 4
	130 5
	133 8
	134 11
	138 15
	139 18
	143 20
	147 23
	149 26
	152 29
	155 30
	158 31
	158 28
	157 25
	156 21
	155 18
	154 15
	154 12
	155 7
	157 4
	160 3
	163 3
	166 4
	172 7
.PEN_UP
.PEN_DOWN
	39 49
	42 49
	45 49
	49 48
	52 48
	55 48
	58 48
	62 47
	66 46
	69 46
	72 46
	75 46
	78 46
	81 47
	84 47
	87 47
	86 46
.PEN_UP
.PEN_DOWN
	41 0
	42 3
	45 7
	49 10
	52 14
	55 18
	59 23
	60 26
	63 28
	65 32
	67 35
	69 38
	71 41
	72 44
	73 48
	75 53
	76 56
	76 59
	76 62
	75 59
	74 55
	73 51
	72 44
	72 39
	70 36
	70 32
	69 29
	69 25
	69 22
	69 17
	70 14
	73 12
	76 12
	80 12
	84 14
	87 15
	92 17
	95 19
	100 24
	103 27
	106 29
	110 34
	114 38
	115 42
	119 45
	121 48
	123 51
	124 54
	124 58
	123 61
	121 64
	118 65
	115 65
	112 64
	109 60
	107 57
	105 53
	104 50
	101 47
	100 44
	98 40
	96 36
	95 33
	93 29
	91 25
	88 20
	86 15
	83 12
	80 10
	79 6
	76 3
	79 6
	80 9
	81 12
	84 14
	87 17
	90 19
	92 23
	95 25
	98 27
	102 29
	105 30
	106 27
	104 23
	104 20
	104 17
	104 14
	106 11
	109 11
	112 12
	116 14
	119 15
	122 17
	125 20
	127 23
	124 20
	121 18
	118 15
	117 12
	115 9
	114 6
	113 3
	116 2
	118 5
	121 8
	122 11
	124 14
	127 17
	128 20
	125 19
	125 15
	124 12
	124 9
	127 8
	131 9
	134 13
	138 17
	140 20
	143 24
	145 27
	146 30
	149 35
	151 38
	154 43
	156 47
	159 49
	161 53
	162 56
	162 59
	164 63
	166 66
	166 69
	163 67
	160 63
	157 57
	155 53
	154 50
	153 46
	152 41
	150 38
	149 35
	149 32
	148 28
	148 23
	148 19
	148 16
	149 13
	152 14
	153 16
.PEN_UP
.PEN_DOWN
	142 42
	145 42
	149 42
	152 42
	156 42
	159 42
	164 42
	170 42
	173 42
	173 40
	176 43
	176 45
.PEN_UP
.PEN_DOWN
	43 37
	46 37
	49 38
	53 38
	56 38
	60 38
	65 39
	69 39
	73 39
	76 39
	79 39
	82 39
	85 39
	88 39
	87 40
.PEN_UP
.PEN_DOWN
	28 22
	30 19
	30 16
	29 12
	29 9
	28 6
	28 3
	29 0
	32 1
	34 4
	36 7
	37 11
	39 15
	41 20
	41 24
	41 27
	43 31
	43 34
	43 37
	43 40
	43 37
	43 34
	43 30
	43 25
	43 21
	44 18
	45 15
	46 12
	49 11
	52 11
	55 11
	56 14
	58 17
	60 21
	63 25
	63 28
	65 32
	64 35
	64 38
	66 35
	67 32
	69 29
	72 28
	75 27
	78 28
	82 29
	88 31
	91 32
	94 34
	97 36
	100 38
	103 41
	105 44
	107 48
	110 50
	111 53
	111 56
	112 60
	112 63
	112 66
	112 70
	109 72
	106 69
	103 66
	100 63
	98 59
	97 55
	94 52
	92 49
	91 46
	89 42
	87 38
	85 35
	84 32
	82 29
	81 25
	78 22
	77 18
	74 15
	73 12
	74 15
	75 18
	78 21
	81 24
	83 27
	86 29
	89 31
	92 33
	95 34
	98 34
	98 31
	98 28
	98 25
	98 22
	100 19
	103 18
	106 18
	109 18
	112 19
	116 21
	119 22
	121 25
	125 28
	128 31
	130 34
	128 30
	127 26
	125 23
	125 20
	125 17
	128 18
	131 20
	134 22
	137 24
	140 25
	141 28
	144 29
	146 32
	145 29
	144 26
	143 22
	142 19
	142 16
	142 13
	145 12
	148 12
	151 14
	154 14
	157 16
	160 18
	164 20
	167 22
	170 24
	173 27
	176 31
	180 34
	182 38
	185 39
	187 42
	191 45
	192 49
	195 51
	197 54
	199 57
	201 60
	203 63
	203 66
	204 69
	205 72
	205 75
	205 78
	205 81
	200 88
	194 85
	191 82
	187 76
	184 73
	182 69
	180 65
	179 62
	178 59
	177 55
	176 51
	173 47
	173 43
	170 39
	168 33
	166 30
	165 27
	163 24
	162 21
	160 18
	163 21
	165 24
	167 27
	170 30
	172 33
	174 36
	177 39
	180 41
	184 43
	187 42
	188 39
	188 36
	186 31
	185 28
	185 24
	185 21
	186 18
	189 18
	192 17
	197 18
	200 19
	201 22
	205 23
.PEN_UP
.PEN_DOWN
	123 54
	124 51
	125 48
	127 49
.PEN_UP
.PEN_DOWN
0 0
.PEN_UP
.PEN_DOWN
0 0
.PEN_UP
.PEN_DOWN
0 0
.PEN_UP
.PEN_DOWN
0 0
.PEN_UP
.PEN_DOWN
	49 17
	51 20
	54 22
	58 24
	62 29
	65 32
	68 36
	71 40
	72 44
	73 47
	73 51
	75 54
	75 57
	74 61
	71 61
	69 57
	66 54
	65 51
	63 47
	61 44
	60 41
	59 38
	58 35
	58 32
	58 28
	58 24
	57 19
	57 14
	58 10
	58 7
	61 3
	64 3
	67 3
	70 5
	72 8
	72 11
	72 14
	72 17
	72 21
	72 24
	75 25
	78 23
	81 23
	85 23
	89 23
	92 23
	96 23
	99 23
	103 23
	106 23
	109 25
	112 26
	114 29
	115 32
	114 35
	111 36
	108 36
	104 34
	101 31
	99 28
	98 24
	97 21
	97 18
	97 15
	99 12
	102 11
	105 12
	108 13
	111 14
	115 16
	118 18
	120 21
	124 23
	129 28
	132 31
	135 32
	138 33
	138 30
	135 29
	132 28
	129 26
	126 24
	124 21
	122 18
	120 15
	120 12
	123 9
	126 9
	130 9
	133 10
	136 11
	139 12
	142 14
	144 17
	147 19
	150 22
	153 24
	156 26
	159 28
	163 29
	166 31
	169 32
	166 30
	162 28
	159 25
	156 24
	154 21
	151 18
	149 15
	148 12
	147 9
	146 6
	149 6
	151 9
	154 11
	157 15
	160 19
	161 22
	162 25
	162 28
	162 25
	161 22
	161 18
	160 14
	161 11
	164 8
	167 8
	170 8
	173 8
	175 11
	178 14
	179 18
	181 22
	184 25
	185 28
	186 25
	184 22
	184 19
	183 16
	182 13
	183 10
	186 9
	189 11
	192 14
	195 17
	198 20
	200 23
	202 26
	204 29
	203 26
	201 22
	201 19
	199 16
	199 13
	199 9
	202 6
	205 5
	208 6
	211 9
	214 12
	216 15
	218 19
	221 21
	222 24
	226 27
	230 29
	233 32
	235 35
	238 36
	240 33
	240 30
	240 27
	239 23
	238 20
	237 17
	236 14
	235 11
	235 8
	233 5
	230 3
	227 3
	223 4
	221 7
	218 11
	221 11
	224 11
	227 9
	231 8
	234 7
	238 6
	241 6
	246 6
	249 6
	254 6
	257 8
	262 9
	266 11
	269 12
	273 15
	277 18
	279 21
	279 24
	276 26
	273 27
	270 28
	267 28
	264 28
	261 27
	258 25
	257 22
	254 20
	254 16
	254 13
	255 10
	258 7
	261 4
	264 2
	267 1
	270 0
	274 0
	277 0
	280 0
	284 1
.PEN_UP
.PEN_DOWN
0 0
.PEN_UP
.PEN_DOWN
	31 10
	34 13
	38 14
	41 17
	44 20
	47 24
	50 26
	54 29
	56 32
	59 37
	62 41
	64 45
	67 46
	69 49
	70 52
	71 56
	72 60
	72 63
	70 66
	67 67
	64 65
	61 63
	58 60
	55 57
	52 54
	48 50
	47 47
	46 44
	43 42
	42 37
	41 33
	40 28
	38 24
	37 19
	35 16
	35 13
	34 10
	32 7
	30 4
	29 7
	30 10
	33 13
	35 16
	38 18
	39 21
	41 24
	44 25
	45 28
	48 29
	51 31
	54 32
	57 32
	60 30
	60 27
	58 24
	57 21
	56 18
	53 15
	51 12
	48 10
	46 7
	43 5
	43 8
	47 12
	51 12
	52 15
	55 16
	58 18
	62 18
	65 19
	68 19
	70 16
	67 14
	66 11
	63 10
	61 7
	64 5
	67 5
	70 5
	73 5
	76 5
	79 6
	82 6
	85 8
	88 10
	91 12
	93 15
	96 17
	96 22
	99 22
	101 26
	103 29
	105 32
	107 35
	107 32
	107 28
	106 25
	106 22
	104 19
	103 16
	101 13
	97 9
	93 6
	91 3
	95 6
	97 9
	100 11
	103 12
	105 15
	108 18
	111 20
	115 23
	118 24
	121 24
	123 21
	123 18
	122 15
	121 12
	121 9
	121 6
	122 3
	125 3
	128 3
	131 5
	134 6
	137 8
	139 11
	142 13
	144 16
	147 19
	149 22
	150 25
	148 22
	145 19
	145 16
	143 13
	143 10
	142 7
	142 4
	143 1
	146 0
	149 0
	152 3
	154 6
	155 9
	159 13
	160 16
	160 19
	159 22
	156 25
	152 25
	149 23
	149 20
	149 17
	153 15
	156 15
	159 15
	162 16
	165 18
	168 20
	171 22
	173 25
	176 27
	176 24
	175 21
	174 17
	173 14
	172 11
	175 10
	178 12
	181 14
	184 16
	181 13
	179 9
	179 6
	179 3
	182 2
	186 5
	188 8
	191 10
	193 14
	196 17
	198 20
	200 23
	198 20
	198 17
	198 14
	200 11
	203 10
	206 10
	209 12
	212 13
	215 15
	218 17
	221 18
	224 21
	227 22
	230 24
	233 27
	236 28
	238 31
	236 28
	235 25
	233 22
	232 18
	230 14
	228 11
	226 8
	225 5
	222 4
	219 3
	216 5
	214 8
	214 11
	218 10
	221 8
	224 6
	227 6
	231 6
	234 5
	239 5
	243 6
	247 6
	251 8
	254 9
	257 10
	260 11
.PEN_UP
.PEN_DOWN
0 0
.PEN_UP
.PEN_DOWN
0 0
.PEN_UP
.PEN_DOWN
0 0
.PEN_UP
.PEN_DOWN
0 0
.PEN_UP
.PEN_DOWN
0 0
.PEN_UP
.PEN_DOWN
0 0
.PEN_UP
.PEN_DOWN
	45 38
	42 36
	40 32
	37 30
	35 26
	33 23
	31 19
	29 15
	29 12
	29 9
	33 10
	37 13
	38 16
	40 19
	41 22
	43 26
	44 29
	46 32
	47 35
	47 31
	47 28
	46 25
	46 22
	47 19
	48 16
	51 15
	54 16
	60 19
	62 22
	66 25
	70 27
	73 30
	76 31
	77 28
	77 25
	76 22
	76 19
	74 16
	73 13
	72 10
	76 14
	78 17
	81 19
	85 22
	88 24
	91 25
	95 27
	98 29
	98 26
	97 22
	97 19
	98 16
	103 15
	107 16
	110 19
	113 21
	116 22
	114 19
	111 16
	109 13
	108 9
	107 6
	107 3
	107 0
	110 0
	113 2
	116 4
	118 7
	121 11
	124 16
	125 19
	128 24
	129 27
	130 31
	132 34
	133 38
	135 41
	136 46
	137 49
	138 52
	139 57
	139 60
	140 63
	140 66
	140 69
	138 66
	136 63
	136 58
	133 53
	131 48
	131 45
	130 41
	130 38
	130 35
	129 31
	129 26
	128 22
	128 19
	129 16
	129 13
	132 9
	135 7
	138 7
	142 9
	147 10
.PEN_UP
.PEN_DOWN
	36 10
	39 11
	41 14
	44 18
	46 21
	50 23
	54 27
	56 30
	59 33
	60 36
	62 39
	64 43
	65 46
	66 50
	67 54
	68 57
	70 61
	71 64
	72 68
	72 65
	70 62
	69 59
	67 54
	66 49
	65 44
	64 41
	64 38
	63 35
	61 30
	59 26
	58 21
	58 18
	58 15
	58 12
	59 9
	62 8
	66 8
	70 9
	73 11
	76 13
	80 15
	83 16
	88 21
	94 24
	97 27
	101 30
	104 32
	108 36
	109 39
	112 43
	115 47
	117 51
	120 54
	121 58
	122 61
	123 64
	123 67
	120 69
	117 69
	114 68
	111 65
	108 63
	104 60
	102 57
	100 53
	97 48
	96 45
	95 42
	94 37
	92 34
	91 31
	88 28
	87 25
	85 22
	84 18
	83 14
	82 11
	81 7
	79 4
	77 7
	78 10
	80 13
	83 14
	86 17
	89 19
	92 21
	95 24
	98 24
	101 25
	104 25
	107 25
	107 21
	108 17
	108 14
	108 11
	108 7
	109 4
	112 3
	115 3
	118 5
	121 5
	124 8
	127 9
	129 12
	130 15
	132 18
	132 21
	132 25
	129 26
	126 25
	123 23
	121 20
	120 17
	118 14
	118 11
	118 7
	117 4
	119 1
	122 0
	125 0
	128 0
	132 0
	135 0
.PEN_UP
.PEN_DOWN
	44 35
	47 35
	51 35
	57 35
	61 35
	66 35
	70 36
	74 36
	77 35
	80 35
.PEN_UP
.PEN_DOWN
0 0
.PEN_UP
.PEN_DOWN
0 0
.PEN_UP
.PEN_DOWN
0 0
.PEN_UP
.PEN_DOWN
0 0
.PEN_UP
.PEN_DOWN
0 0
.PEN_UP
.PEN_DOWN
0 0
.PEN_UP
.PEN_DOWN
	34 37
	37 39
	42 40
	45 42
	49 42
	52 42
	54 39
	54 36
	53 33
	51 30
	49 26
	48 23
	47 20
	47 17
	46 14
	45 11
	45 8
	46 4
	48 1
	51 0
	54 1
	57 5
	60 8
	63 10
	63 13
	67 16
	70 20
	71 24
	73 28
	75 31
	77 34
	80 37
	80 40
	82 43
	81 39
	80 36
	78 33
	78 29
	76 25
	76 22
	76 19
	76 16
	76 13
	76 10
	80 9
	83 10
	85 13
	89 15
	92 18
	95 21
	99 25
	102 27
	102 30
	105 31
	107 34
	111 36
	114 37
	117 35
	117 31
	117 28
	116 25
	115 22
	112 18
	110 14
	106 10
	104 7
	103 4
	103 7
	104 10
	107 12
	110 15
	113 19
	116 21
	119 23
	122 25
	125 27
	129 30
	133 31
	133 28
	131 25
	131 21
	131 18
	131 15
	133 12
	136 12
	139 12
	142 14
	145 16
	148 18
	150 21
	153 23
	155 26
	158 28
	161 30
	163 33
	166 36
	166 39
	169 41
	170 44
	170 41
	169 38
	168 35
	167 32
	167 29
	167 26
	167 22
	170 19
	173 19
	176 21
	179 22
	183 25
	186 28
	188 31
	191 33
	192 36
	195 37
	198 39
	201 41
	204 42
	205 39
	204 36
	203 33
	203 30
	203 27
	202 24
	202 21
	203 18
	203 15
	203 12
	203 9
	206 9
	209 10
	210 13
	211 16
	212 19
	215 23
	215 26
	217 29
	218 32
	218 35
	219 38
	222 40
	222 37
	224 34
	227 32
	232 31
	236 31
	239 31
	242 31
	246 31
	249 32
	252 33
	255 35
	258 37
	261 37
	263 40
	263 43
	262 46
	260 49
	257 50
	254 49
	251 49
	248 46
	247 43
	243 40
	243 37
	243 34
	243 31
	247 28
	250 27
	254 27
	257 29
	260 30
	263 33
	266 35
	269 38
	272 41
	275 44
	278 46
	282 49
	285 52
	288 52
	292 53
	295 54
	298 53
	301 52
	304 50
	306 47
	306 44
	304 41
	301 38
	300 35
	300 31
	303 28
	306 27
	310 28
	313 29
	316 31
	319 33
	323 37
	325 40
	328 42
	330 45
	333 47
	334 50
	337 51
	337 48
	335 44
	333 41
	332 37
	330 34
	329 31
	327 28
	325 25
	322 22
	321 19
	318 16
	315 16
	312 16
	309 16
	306 16
	303 17
	300 17
	303 18
	306 17
	309 16
	313 14
	317 13
	321 12
	325 12
	328 12
	331 12
	335 12
	338 12
	342 13
	345 15
	348 19
	351 23
	352 26
	352 29
	352 32
	351 35
	348 36
	345 35
	343 32
	340 29
	339 26
	337 23
	337 20
	337 17
	340 14
	345 12
	348 12
	352 12
	357 12
	360 13
	363 13
	366 13
	369 13
.PEN_UP
.PEN_DOWN
	167 60
	168 57
	169 56
.PEN_UP
.PEN_DOWN
0 0
.PEN_UP
.PEN_DOWN
0 0
.PEN_UP
.PEN_DOWN
0 0
.PEN_UP
.PEN_DOWN
0 0
.PEN_UP
.PEN_DOWN
0 0
.PEN_UP
.PEN_DOWN
0 0
.PEN_UP
.PEN_DOWN
	38 35
	41 36
	46 40
	49 41
	53 43
	56 44
	59 45
	60 42
	60 39
	60 34
	60 30
	59 26
	57 22
	56 18
	55 15
	55 11
	55 8
	54 5
	54 2
	57 0
	60 2
	64 5
	68 9
	72 12
	73 15
	77 20
	80 24
	83 27
	84 30
	87 33
	89 36
	91 39
	94 43
	96 46
	97 42
	95 38
	94 34
	94 31
	94 28
	92 25
	91 22
	91 19
	91 16
	93 19
	96 22
	98 25
	101 29
	104 34
	106 37
	109 40
	112 42
	115 44
	118 44
	119 41
	119 38
	119 34
	118 30
	117 27
	113 21
	112 18
	111 15
	112 18
	115 20
	116 23
	119 26
	122 29
	125 31
	129 34
	131 37
	134 38
	135 35
	134 32
	133 28
	132 25
	132 22
	134 19
	137 19
	140 20
	144 21
	148 23
	151 26
	154 29
	158 32
	161 35
	163 38
	164 41
	168 45
	169 48
	170 45
	168 42
	167 39
	167 36
	164 32
	163 27
	162 24
	162 21
	164 18
	167 18
	170 19
	174 19
	177 22
	180 25
	184 26
	186 29
	190 31
	193 34
	194 37
	198 40
	199 43
	200 46
	203 47
	205 44
	207 41
	207 38
	207 35
	207 32
	206 29
	205 25
	206 22
	206 19
	209 17
	212 19
	216 23
	217 26
	218 29
	218 32
	219 35
	219 38
	220 42
	223 40
	226 39
	230 38
	233 39
	236 39
	240 40
	243 41
	246 44
	249 46
	252 48
	255 50
	255 53
	254 56
	250 56
	246 55
	243 54
	241 51
	239 47
	237 44
	237 41
	237 38
	237 35
	237 32
	240 31
	243 30
	246 30
	249 32
	252 34
	255 37
	258 40
	262 42
	265 45
	268 47
	271 50
	274 52
	277 52
	279 49
	280 46
	280 43
	280 40
	280 37
	280 34
	280 31
	280 26
	280 23
	283 22
	287 23
	290 24
	294 26
	297 27
	300 29
	304 32
	307 34
	309 37
	312 39
	315 42
	317 45
	318 48
	321 51
	323 48
	323 45
	323 42
	322 39
	320 34
	319 31
	318 28
	315 24
	313 21
	310 19
	307 18
	304 19
	300 21
	298 24
	298 21
	304 21
	308 21
	311 21
	314 22
	318 22
	321 23
	324 23
	329 25
	334 26
	337 27
	341 27
	344 28
	347 30
	351 32
	354 34
	356 38
	357 42
	357 45
	357 48
	354 50
	351 51
	348 51
	344 50
	341 48
	339 45
	338 42
	337 39
	336 36
	336 31
	336 27
	337 24
	340 21
	343 19
	346 17
	349 17
	352 17
	355 17
.PEN_UP
.PEN_DOWN
	156 67
	156 64
	158 61
	160 58
	161 57
.PEN_UP
.PEN_DOWN
0 0
.PEN_UP
.PEN_DOWN
	34 56
	36 59
	39 61
	43 63
	47 65
	52 66
	54 62
	54 59
	52 55
	49 53
	48 49
	44 45
	42 42
	40 39
	38 36
	39 39
	41 42
	43 47
	47 50
	49 53
	53 54
	55 57
	59 58
	62 59
	66 60
	67 57
	67 54
	66 50
	64 47
	63 44
	62 41
	62 38
	65 36
	68 36
	71 37
	74 39
	78 41
	79 44
	82 46
	85 49
	88 52
	91 54
	93 57
	91 54
	88 49
	87 46
	86 43
	85 40
	86 37
	88 33
	91 33
	94 34
	97 36
	100 39
	100 42
	101 47
	102 51
	102 54
	99 57
	96 58
	93 58
	90 57
	90 54
	91 50
	94 47
	97 47
	100 47
	104 48
	107 50
	110 52
	111 55
	114 56
	115 59
	118 62
	119 65
	122 67
	124 70
	127 73
	128 76
	130 80
	132 83
	135 86
	137 89
	134 84
	132 81
	131 78
	129 75
	128 70
	126 67
	126 63
	125 60
	125 56
	125 53
	125 50
	125 46
	127 43
	130 41
	134 39
	137 39
	139 42
	144 43
	147 46
	150 49
	154 52
	158 55
	161 58
	163 62
	166 64
	168 67
	172 71
	176 75
	178 79
	181 83
	183 87
	184 91
	184 95
	181 98
	179 101
	175 101
	171 99
	168 97
	167 94
	165 91
	164 88
	162 84
	159 80
	158 76
	155 72
	153 69
	151 64
	148 62
	146 59
	146 56
	143 54
	143 51
	141 48
	140 45
	142 48
	145 51
	148 54
	152 57
	154 60
	157 62
	160 64
	163 65
	164 62
	164 59
	162 56
	158 53
	158 50
	157 47
	157 44
	159 41
	162 40
	166 40
	171 42
	175 43
	177 47
	180 49
	182 52
	185 54
	188 56
	189 59
	188 56
	186 53
	183 51
	183 48
	181 45
	181 42
	184 40
	187 41
	191 43
	195 45
	198 47
	201 50
	204 52
	207 54
	210 57
	213 60
	216 62
	220 64
	223 66
	226 65
	226 62
	225 59
	223 56
	222 53
	219 50
	216 48
	215 45
	212 42
	214 45
	216 48
	219 49
	221 52
	224 54
	226 57
	229 58
	232 60
	234 63
	237 64
	241 65
	241 62
	242 59
	241 56
	241 53
	240 50
	240 46
	243 45
	246 45
	250 47
	255 49
	257 52
	260 53
	263 54
	265 57
	268 60
	271 62
	274 64
	274 67
	272 64
	269 61
	266 58
	266 55
	263 55
	262 52
	260 49
	259 46
	259 43
	262 43
	266 45
	268 48
	271 50
	273 53
	275 56
	276 59
	277 62
	278 65
	278 68
	279 65
	278 62
	278 59
	277 56
	276 52
	274 48
	272 44
	272 41
	270 37
	268 34
	267 31
	264 28
	263 24
	260 21
	256 18
	255 14
	252 11
	249 8
	247 4
	244 0
	241 0
	240 3
	241 7
	241 10
	242 13
	243 16
	244 19
	246 22
	249 23
	253 25
	258 26
	261 27
	265 27
	269 27
	275 27
	278 28
	281 28
	284 27
	287 27
	291 27
	290 27
.PEN_UP
.PEN_DOWN
	107 74
	110 74
	113 73
	116 73
	119 73
	123 73
	127 75
	130 75
	133 75
.PEN_UP
.PEN_DOWN
	182 77
	182 74
	182 71
	184 71
.PEN_UP
.PEN_DOWN
0 0
.PEN_UP
.PEN_DOWN
	39 11
	42 14
	44 18
	48 21
	51 27
	56 29
	59 32
	62 35
	66 37
	69 40
	71 43
	74 46
	76 49
	79 53
	82 57
	85 62
	88 65
	89 68
	90 71
	92 74
	93 77
	91 73
	90 70
	88 67
	88 64
	86 61
	86 57
	84 54
	83 51
	83 46
	81 42
	80 38
	80 35
	80 31
	80 27
	82 24
	85 21
	88 20
	94 19
	98 19
	101 20
	105 21
	110 23
	116 26
	121 29
	124 34
	130 37
	133 39
	137 43
	141 46
	142 50
	145 52
	147 56
	149 60
	151 63
	152 66
	154 69
	154 72
	154 75
	154 78
	151 81
	148 81
	145 81
	143 78
	140 75
	138 72
	135 69
	133 66
	130 63
	128 58
	126 54
	124 50
	122 47
	121 43
	118 39
	115 33
	113 29
	110 25
	109 21
	107 17
	106 14
	103 11
	103 8
	100 7
	99 4
	97 0
	98 3
	100 7
	102 10
	105 13
	106 16
	109 19
	111 22
	115 25
	117 28
	120 29
	125 32
	128 35
	131 37
	133 34
	133 31
	133 27
	131 23
	131 19
	131 16
	134 16
	137 16
	141 18
	145 20
	148 22
	153 25
	157 27
	160 30
	163 31
	166 34
	164 31
	163 28
	162 25
	161 22
	161 19
	163 16
	167 16
	170 17
	173 19
	177 22
	179 25
	182 26
	185 29
	188 31
	190 34
	194 35
	197 37
	198 40
	197 37
	194 34
	192 31
	191 28
	189 25
	189 22
	189 19
	189 16
	191 13
	188 11
	184 10
	181 10
	178 10
	175 10
	172 12
	171 15
	171 18
	174 18
	175 15
	178 13
	181 11
	185 10
	188 10
	191 9
	194 9
	197 10
	200 10
	204 11
	207 12
	210 14
	214 16
	218 17
.PEN_UP
.PEN_DOWN
	49 49
	52 49
	55 48
	60 48
	66 48
	73 49
	76 49
	79 50
	82 50
	85 50
	89 50
	92 51
	96 51
.PEN_UP
.PEN_DOWN
	160 53
	160 50
	160 47
	160 44
	161 45
.PEN_UP
.PEN_DOWN
	63 34
	59 32
	56 30
	54 27
	51 24
	48 21
	42 15
	40 12
	38 9
	38 6
	37 3
	40 1
	44 2
	47 4
	51 7
	54 11
	58 15
	60 19
	63 21
	65 25
	67 28
	64 22
	64 18
	64 15
	65 12
	68 11
	72 11
	76 13
	79 15
	82 17
	85 19
	91 24
	93 27
	96 30
	98 33
	101 36
	105 41
	107 44
	109 47
	112 52
	113 55
	116 60
	117 63
	117 67
	117 70
	113 70
	110 66
	110 63
	107 58
	105 53
	102 45
	100 42
	99 39
	99 36
	98 33
	97 30
	95 25
	95 22
	94 18
	94 13
	94 9
	95 6
	98 3
	101 1
	105 0
	111 1
	115 2
	119 5
	124 9
	127 14
	129 17
	130 20
	133 23
	137 30
	139 34
	141 37
	143 40
	144 44
	145 47
	148 50
	149 55
	150 59
	152 64
	152 67
	150 70
	146 71
	139 68
	135 65
	134 62
	131 59
	129 56
	128 53
	127 50
	125 47
	124 44
	124 41
	123 34
	122 29
	122 26
	123 22
	124 19
	126 15
	131 10
	134 10
	139 9
	143 9
	147 10
	152 12
	157 15
	161 19
	163 22
	165 26
	165 27
.PEN_UP
.PEN_DOWN
0 0
.PEN_UP
.PEN_DOWN
0 0
.PEN_UP
.PEN_DOWN
0 0
.PEN_UP
.PEN_DOWN
0 0
.PEN_UP
.PEN_DOWN
0 0
.PEN_UP
.PEN_DOWN
0 0
.PEN_UP
.PEN_DOWN
0 0
.PEN_UP
.PEN_DOWN
0 0
.PEN_UP
.PEN_DOWN
	27 3
	30 6
	33 8
	36 15
	40 17
	42 21
	43 24
	47 29
	49 33
	52 38
	55 41
	58 45
	60 48
	63 52
	66 56
	69 60
	70 63
	71 66
	73 70
	75 73
	75 77
	75 74
	73 71
	70 66
	70 63
	70 60
	70 57
	67 54
	66 48
	65 45
	65 42
	64 39
	64 36
	64 33
	63 29
	63 25
	66 23
	67 20
	71 19
	75 19
	79 19
	83 20
	86 21
	89 23
	94 26
	97 27
	98 32
	103 34
	105 37
	109 42
	112 45
	112 48
	114 51
	118 55
	121 57
	121 62
	122 66
	121 69
	119 72
	116 74
	113 74
	110 73
	107 72
	105 68
	101 64
	100 60
	96 55
	96 52
	91 47
	89 44
	87 41
	86 38
	85 35
	82 30
	80 27
	79 23
	77 19
	73 16
	72 13
	70 9
	68 6
	66 3
	64 0
	65 3
	66 6
	69 8
	72 11
	75 14
	78 17
	82 20
	86 23
	90 25
	94 27
	97 29
	100 30
	100 27
	100 23
	100 19
	100 15
	101 12
	104 10
	107 8
	110 8
	113 8
	116 9
	119 10
	122 12
	124 15
	126 18
	126 21
	125 24
	122 26
	119 27
	116 27
	113 27
	112 24
	112 21
	111 18
	111 15
	111 12
	115 10
	119 11
	124 14
	127 16
	130 18
	133 21
	136 23
	139 24
	142 25
	145 26
	145 22
	144 19
	144 16
	140 12
	138 9
	135 7
	134 4
	138 6
	142 11
	147 13
	149 16
	152 17
	155 18
	156 15
	157 12
	158 8
	160 5
	162 2
	165 1
	168 2
	171 2
.PEN_UP
.PEN_DOWN
	33 49
	40 48
	44 48
	47 48
	53 48
	57 48
	60 48
	64 48
	68 48
	72 49
	75 49
	78 49
	81 49
	84 47
	86 48
.PEN_UP
.PEN_DOWN
0 0
.PEN_UP
.PEN_DOWN
0 0
.PEN_UP
.PEN_DOWN
	22 21
	25 23
	26 26
	30 29
	33 33
	36 36
	39 39
	40 42
	42 45
	43 48
	46 50
	46 54
	50 57
	54 63
	55 66
	58 71
	59 74
	60 78
	61 82
	62 87
	63 90
	64 93
	63 89
	61 84
	60 79
	58 74
	57 71
	55 67
	55 64
	54 61
	54 57
	52 52
	52 48
	52 45
	52 41
	52 38
	52 34
	55 32
	58 32
	61 33
	65 36
	68 38
	70 41
	74 44
	76 47
	78 50
	80 53
	83 56
	86 59
	89 65
	94 68
	97 70
	101 74
	103 77
	105 80
	106 83
	108 88
	109 91
	109 94
	104 96
	99 95
	95 94
	92 93
	89 91
	86 88
	83 85
	81 82
	79 78
	78 74
	76 69
	74 65
	72 61
	70 56
	68 53
	66 48
	64 44
	61 41
	60 38
	57 35
	55 31
	52 29
	51 26
	48 24
	49 27
	51 30
	54 33
	57 35
	60 38
	65 42
	68 44
	71 46
	75 48
	77 45
	76 42
	75 39
	74 36
	74 33
	76 30
	80 31
	83 31
	86 32
	89 33
	92 34
	96 37
	99 39
	102 42
	105 43
	102 41
	100 38
	98 35
	98 32
	98 29
	100 25
	103 25
	106 26
	107 29
	109 32
	110 35
	110 38
	112 41
	113 44
	110 45
	107 47
	104 46
	103 43
	103 40
	105 37
	108 37
	111 37
	114 38
	117 40
	120 41
	123 43
	126 44
	130 47
	131 50
	132 47
	129 43
	126 41
	125 38
	124 35
	124 32
	127 33
	130 34
	133 36
	135 39
	137 42
	139 45
	140 48
	141 45
	139 42
	137 38
	136 34
	139 32
	142 33
	144 36
	147 39
	150 41
	152 44
	156 46
	157 49
	154 47
	151 45
	148 43
	146 40
	145 37
	144 33
	144 30
	147 30
	151 32
	154 37
	155 40
	156 43
	155 40
	154 37
	152 32
	152 29
	150 26
	149 23
	148 19
	146 16
	145 11
	141 9
	139 6
	136 3
	132 1
	129 0
	126 1
	124 4
	126 7
	131 13
	136 16
	138 20
	141 23
	144 26
	148 29
	152 32
	156 34
	159 36
	163 38
	167 40
	171 43
	175 46
	178 49
	181 52
	184 55
	187 58
	190 60
	191 63
	191 66
	189 69
	187 72
	184 72
	181 70
	178 68
	176 63
	174 60
	172 57
	171 53
	170 49
	169 45
	167 42
	166 39
	163 36
	163 33
	161 30
	159 26
	161 30
	163 33
	165 36
	168 38
	171 40
	174 42
	177 43
	180 44
	182 41
	180 38
	180 34
	180 30
	184 31
	187 32
	190 34
	194 38
	197 40
	200 43
	203 46
	205 49
	208 53
	209 56
	212 60
	216 64
	217 67
	218 70
	221 72
	222 76
	224 79
	225 82
	227 85
	227 88
	227 91
	224 88
	222 85
	220 82
	219 78
	218 75
	216 71
	215 66
	213 62
	213 58
	212 55
	211 51
	211 48
	211 44
	211 41
	211 38
	211 34
	214 33
	218 35
	221 39
	221 40
.PEN_UP
.PEN_DOWN
	203 68
	206 68
	211 69
	214 69
	220 69
	223 69
	227 70
	231 70
	234 70
	238 70
	241 70
	244 72
	244 71
.PEN_UP
.PEN_DOWN
	35 70
	39 70
	43 71
	46 71
	49 72
	53 72
	56 72
	59 72
	65 72
	68 72
	71 74
	72 74
.PEN_UP
.PEN_DOWN
0 0
.PEN_UP
.PEN_DOWN
	33 0
	35 3
	39 7
	41 10
	46 14
	49 17
	52 21
	56 25
	59 28
	60 24
	60 21
	58 17
	58 14
	58 11
	58 8
	58 5
	61 3
	64 3
	67 4
	70 6
	73 9
	76 12
	79 14
	84 18
	86 22
	90 26
	92 29
	94 32
	96 35
	97 38
	98 42
	100 45
	103 48
	103 51
	105 54
	106 57
	107 62
	107 65
	107 69
	109 72
	108 69
	107 64
	106 61
	104 58
	104 55
	102 52
	100 47
	99 43
	98 39
	97 36
	95 33
	95 30
	94 27
	94 22
	92 18
	92 14
	92 11
	94 8
	95 5
	99 4
	102 4
.PEN_UP
.PEN_DOWN
	80 47
	84 48
	87 48
	91 48
	94 48
	98 49
	106 49
	110 49
	113 49
	116 50
	119 50
	120 50
.PEN_UP
.PEN_DOWN
	47 45
	49 42
	52 39
.PEN_UP
.PEN_DOWN
	32 36
	36 38
	39 38
	42 37
	43 34
	43 31
	43 28
	43 25
	43 22
	43 19
	43 16
	43 13
	42 10
	42 7
	42 4
	42 0
	45 2
	46 5
	49 7
	51 10
	52 13
	54 18
	56 22
	56 25
	57 29
	58 32
	59 35
	60 32
	60 28
	60 25
	60 21
	60 17
	61 13
	61 9
	62 6
	64 2
	67 0
	67 3
	69 6
	70 10
	72 14
	73 18
	74 22
	75 26
	75 29
	75 33
	75 36
	74 39
	76 36
	79 35
	82 33
	85 32
	89 31
	92 30
	95 30
	98 30
	101 30
	104 30
	107 30
	110 31
	113 33
	116 35
	116 38
	116 41
	113 43
	109 43
	106 42
	103 41
	100 39
	97 37
	95 34
	94 30
	92 27
	92 23
	93 20
	97 18
	101 16
	104 15
	107 15
	110 14
	114 15
	115 15
.PEN_UP
.PEN_DOWN
	28 24
	31 26
	34 28
	37 29
	39 32
	42 33
	45 35
	48 35
	48 32
	48 29
	48 26
	46 23
	45 20
	42 16
	38 12
	36 9
	34 6
	31 5
	32 8
	34 12
	36 15
	39 18
	40 21
	42 24
	45 26
	49 29
	53 31
	56 33
	58 29
	58 25
	55 22
	55 18
	52 15
	51 11
	49 7
	47 4
	46 1
	46 4
	47 7
	49 10
	51 13
	53 16
	56 18
	61 21
	63 24
	66 25
	69 28
	71 31
	74 34
	78 35
	78 32
	78 28
	78 24
	78 20
	76 16
	75 13
	75 10
	75 6
	75 3
	75 0
	78 1
	81 2
	86 4
	87 7
	90 8
	95 14
	98 18
	101 21
	102 24
	105 28
	107 33
	109 36
	110 39
	111 35
	110 31
	110 28
	110 25
	109 21
	109 17
	109 14
	109 11
	109 8
	112 8
	115 10
	118 11
	121 14
	123 17
	127 20
	128 23
	130 26
	131 29
	134 33
	136 36
	138 39
	139 42
	138 39
	135 35
	134 31
	133 28
	132 25
	131 22
	131 19
	130 16
	130 13
	130 9
	133 7
	136 7
	140 10
	142 13
	145 16
	147 19
	151 23
	152 26
	155 28
	158 31
	160 34
	164 39
	167 42
	167 45
	170 48
	170 45
	170 42
	170 38
	170 35
	169 31
	169 28
	168 25
	166 21
	165 18
	163 15
	161 12
	158 10
	154 10
	151 13
	149 16
	152 17
	155 15
	158 12
	161 11
	167 11
	171 12
	175 14
	179 16
	182 19
	185 22
	188 26
	189 29
	193 34
	194 37
	196 40
	198 45
	200 49
	202 53
	203 56
	204 59
	206 62
	206 65
	207 68
	204 66
	202 60
	200 57
	199 54
	198 51
	197 47
	197 43
	197 39
	197 36
	198 32
	198 29
	200 26
	202 23
	205 21
	209 21
.PEN_UP
.PEN_DOWN
	186 49
	189 49
	193 50
	196 51
	199 51
	203 51
	208 51
	211 51
	215 51
	218 51
	222 51
	225 51
	228 52
	231 53
	232 53
.PEN_UP
.PEN_DOWN
0 0
.PEN_UP
.PEN_DOWN
0 0
.PEN_UP
.PEN_DOWN
0 0
.PEN_UP
.PEN_DOWN
0 0
.PEN_UP
.PEN_DOWN
	34 21
	37 23
	40 26
	43 29
	46 30
	49 30
	50 26
	50 23
	49 20
	49 16
	46 14
	43 8
	43 5
	40 3
	39 0
	39 3
	42 5
	44 11
	46 15
	49 18
	52 21
	54 24
	58 28
	61 30
	64 30
	65 27
	65 24
	65 21
	64 18
	63 15
	61 12
	61 9
	60 6
	60 3
	63 3
	66 3
	69 5
	73 7
	75 10
	76 13
	79 15
	81 20
	83 24
	86 26
	88 29
	89 32
	88 29
	87 26
	86 23
	85 20
	84 17
	83 13
	82 9
	81 6
	81 3
	82 0
	85 0
	88 1
	92 5
	94 8
	96 12
	97 15
	97 18
	97 21
	95 26
	92 29
	89 30
	86 30
	83 28
	83 25
	83 22
	86 20
	90 19
	94 19
	98 22
	102 25
	105 27
	107 30
	111 35
	114 37
	116 41
	119 45
	122 49
	124 52
	127 56
	128 59
	130 62
	130 65
	126 64
	125 61
	121 57
	119 54
	119 51
	116 46
	116 43
	116 40
	115 37
	114 32
	113 29
	112 26
	111 21
	111 18
	110 13
	110 10
	110 7
	111 4
	115 4
.PEN_UP
.PEN_DOWN
	97 41
	101 41
	104 42
	109 42
	112 43
	117 43
	121 43
	125 43
	128 42
	131 42
	135 41
	137 40
.PEN_UP
.PEN_DOWN
0 0
.PEN_UP
.PEN_DOWN
0 0
.PEN_UP
.PEN_DOWN
0 0
.PEN_UP
.PEN_DOWN
0 0
.PEN_UP
.PEN_DOWN
0 0
.PEN_UP
.PEN_DOWN
0 0
.PEN_UP
.PEN_DOWN
	37 34
	38 37
	42 39
	45 40
	48 40
	51 40
	53 37
	53 33
	53 29
	53 26
	52 23
	50 20
	49 16
	48 12
	48 9
	48 5
	51 4
	55 6
	60 9
	62 12
	63 15
	66 17
	66 20
	67 23
	69 28
	69 31
	72 34
	72 37
	71 33
	71 30
	70 24
	70 21
	70 18
	70 14
	71 11
	72 8
	75 5
	78 7
	79 11
	80 14
	80 17
	82 20
	82 23
	82 27
	82 31
	82 35
	87 34
	90 32
	93 31
	96 31
	101 31
	105 31
	108 31
	112 33
	116 35
	119 37
	123 39
	126 42
	130 45
	132 48
	133 51
	136 52
	139 55
	140 58
	140 62
	140 65
	140 68
	139 71
	136 73
	133 73
	130 72
	127 70
	125 67
	124 64
	123 61
	121 58
	120 54
	118 50
	115 46
	114 43
	112 39
	110 35
	109 32
	108 28
	105 26
	105 23
	103 20
	102 17
	99 15
	98 11
	96 7
	94 3
	92 0
	95 3
	96 7
	98 10
	100 14
	103 16
	105 19
	107 22
	110 25
	114 28
	117 30
	121 31
	121 28
	121 25
	121 22
	119 19
	118 16
	117 13
	118 10
	122 9
	125 9
	128 10
	131 12
	134 15
	137 18
	140 20
	143 23
	146 26
	146 23
	145 19
	143 16
	142 11
	142 8
	145 8
	148 10
	151 12
	154 15
	157 17
	160 21
	164 25
	167 27
	169 30
	171 33
	174 32
	171 32
	168 31
	165 28
	162 25
	159 21
	157 17
	157 14
	158 11
	162 9
	165 9
	168 9
	172 10
	175 10
	178 11
	184 13
	187 15
	190 17
	193 18
	197 22
	201 25
	203 30
	206 32
	209 35
	210 38
	212 41
	215 44
	216 48
	219 52
	222 56
	225 62
	226 66
	227 70
	229 73
	229 77
	229 80
	226 80
	223 80
	220 78
	217 75
	214 73
	212 70
	208 65
	206 62
	205 59
	203 56
	201 53
	199 50
	196 44
	194 40
	193 37
	190 32
	188 29
	188 26
	185 21
	184 18
	184 14
	183 11
	182 8
	183 11
	185 14
	188 16
	191 20
	194 23
	197 25
	201 27
	205 29
	207 32
	210 32
	211 29
	210 25
	209 22
	209 18
	209 15
	209 11
	211 8
	214 6
	217 6
	220 7
	223 8
	227 10
.PEN_UP
.PEN_DOWN
	148 42
	149 39
	150 39
.PEN_UP
.PEN_DOWN
	34 27
	38 29
	41 29
	44 31
	49 31
	52 27
	52 24
	52 21
	52 18
	50 15
	49 12
	48 9
	48 6
	48 3
	48 0
	51 0
	54 4
	57 7
	58 11
	59 14
	60 17
	61 21
	63 24
	63 27
	64 30
	65 33
	66 30
	66 27
	66 23
	66 18
	67 15
	69 12
	72 10
	75 9
	78 10
	79 13
	80 17
	81 20
	81 23
	81 26
	81 29
	79 32
	82 34
	85 31
	90 29
	93 29
	97 29
	100 28
	105 28
	109 28
	112 29
	116 29
	119 30
	122 32
	123 35
	121 38
	118 38
	115 39
	111 39
	108 38
	104 37
	101 33
	100 30
	99 27
	99 23
	99 19
	100 16
	101 13
	106 9
	109 9
	112 8
	119 7
	123 7
	126 7
	130 9
	132 9
.PEN_UP
.PEN_DOWN
0 0
.PEN_UP
.PEN_DOWN
0 0
.PEN_UP
.PEN_DOWN
	33 40
	36 40
	39 41
	42 41
	45 42
	48 43
	52 44
	56 46
	60 49
	63 50
	67 53
	69 56
	72 58
	75 60
	75 64
	76 68
	78 72
	78 75
	77 78
	74 78
	73 75
	70 72
	68 69
	66 66
	64 62
	61 58
	59 53
	57 50
	55 46
	55 43
	52 38
	52 35
	50 30
	49 26
	49 21
	48 16
	47 13
	47 9
	47 6
	47 3
	49 0
	52 0
	54 3
	57 6
	59 9
	59 14
	61 17
	61 20
	62 24
	62 27
	63 31
	63 34
	63 38
	62 41
	62 44
	59 46
	56 48
	53 49
	53 46
	57 46
	60 46
	64 46
	67 46
	70 47
	75 48
	81 50
	86 51
	89 52
	93 53
	96 54
	100 55
	103 57
	100 56
	97 53
	95 50
	92 46
	92 43
	91 39
	91 36
	91 33
	94 31
	97 31
	100 33
	103 35
	104 38
	107 41
	110 43
	112 47
	114 50
	116 54
	117 57
	120 60
	122 63
	124 67
	127 71
	130 75
	132 80
	133 83
	133 86
	133 89
	131 92
	128 90
	125 88
	123 85
	120 82
	119 78
	116 75
	115 69
	114 66
	114 62
	114 59
	114 56
	113 52
	113 49
	112 44
	112 41
	112 37
	112 34
	113 31
	116 29
	119 30
	122 31
	127 34
	130 37
	133 39
	136 43
	140 47
	142 50
	144 54
	146 58
	148 64
	151 67
	154 72
	155 75
	158 81
	161 84
	161 87
	161 90
	161 93
	158 94
	154 93
	152 90
	148 85
	146 80
	144 76
	144 73
	140 68
	140 65
	139 62
	138 59
	138 52
	138 47
	137 44
	137 41
	139 38
	142 35
	145 35
	148 35
	151 35
.PEN_UP
.PEN_DOWN
	96 75
	96 72
	96 69
	97 66
	98 64
.PEN_UP
.PEN_DOWN
0 0
.PEN_UP
.PEN_DOWN
0 0
.PEN_UP
.PEN_DOWN
0 0
.PEN_UP
.PEN_DOWN
0 0
.PEN_UP
.PEN_DOWN
	34 9
	37 10
	39 14
	42 19
	46 23
	48 27
	51 29
	52 32
	56 37
	57 40
	59 43
	62 48
	65 53
	68 55
	69 58
	71 62
	73 65
	70 62
	70 59
	68 56
	68 52
	66 48
	65 45
	65 41
	64 38
	64 35
	63 31
	63 27
	63 24
	63 21
	64 18
	67 15
	70 14
	73 13
	77 13
	82 14
	86 15
	89 15
	92 17
	95 17
	100 20
	105 23
	110 27
	113 31
	118 36
	119 39
	122 41
	124 44
	126 48
	128 51
	130 55
	132 59
	132 62
	131 65
	129 68
	126 69
	122 70
	119 69
	116 67
	113 65
	111 62
	108 60
	106 57
	104 54
	101 51
	100 47
	98 44
	95 39
	93 35
	91 31
	88 25
	85 22
	82 18
	81 15
	80 12
	78 9
	77 6
	76 2
	73 0
	75 3
	78 6
	80 9
	83 12
	87 16
	90 18
	93 20
	97 21
	101 23
	101 20
	101 17
	100 13
	101 10
	104 7
	107 4
	110 4
	114 4
	118 4
	121 7
	124 9
	125 12
	127 15
	128 18
	128 21
	128 24
	125 25
	122 25
	119 25
	116 24
	115 21
	114 18
	113 15
	113 12
	115 9
	117 6
	120 6
	124 6
	127 9
	130 10
	133 13
	136 15
	139 17
	142 19
	145 20
	148 22
	151 22
	154 21
	154 18
	153 15
	150 11
	148 8
	145 6
	148 7
	150 10
	154 13
	158 17
	161 19
	164 22
	167 23
	167 20
	167 17
	167 14
	167 11
	167 8
	167 4
	169 1
	173 0
	176 0
	179 0
.PEN_UP
.PEN_DOWN
	26 43
	31 43
	35 43
	39 44
	43 44
	49 44
	53 44
	56 44
	60 45
	63 45
	66 45
	69 45
	72 46
	75 46
	78 46
	77 44
.PEN_UP
.PEN_DOWN
0 0
.PEN_UP
.PEN_DOWN
0 0
.PEN_UP
.PEN_DOWN
	33 3
	36 6
	38 9
	40 12
	43 17
	45 21
	49 26
	51 29
	54 32
	55 35
	57 38
	60 41
	61 44
	65 51
	69 55
	71 60
	72 63
	73 66
	75 69
	75 73
	72 73
	71 69
	69 65
	67 62
	66 58
	63 54
	62 50
	61 47
	61 43
	60 38
	60 35
	60 32
	60 29
	60 25
	59 22
	59 19
	59 16
	60 13
	63 11
	67 12
	70 13
	71 16
	74 18
	78 19
	81 22
	85 24
	87 28
	92 29
	98 32
	102 36
	105 38
	109 40
	110 43
	110 48
	113 49
	114 53
	115 56
	115 59
	115 62
	115 65
	113 68
	112 71
	111 74
	108 75
	104 74
	103 71
	100 67
	97 65
	97 62
	95 59
	94 56
	91 53
	90 50
	88 45
	86 42
	85 39
	85 36
	82 32
	79 25
	76 23
	76 19
	73 16
	71 12
	69 9
	67 6
	65 3
	63 0
	64 4
	67 7
	69 11
	72 15
	73 19
	76 21
	80 23
	81 26
	84 27
	88 30
	91 31
	94 32
	97 33
	98 30
	97 27
	96 24
	94 21
	93 18
	93 15
	94 12
	97 11
	102 12
	105 14
	109 15
	112 17
	115 18
	117 21
	120 23
	123 26
	121 23
	120 20
	119 17
	118 13
	118 10
	121 9
	126 9
	129 11
	132 13
	135 15
	137 18
	139 21
	143 24
	146 27
	147 24
	146 21
	144 18
	143 15
	141 11
	138 8
	137 5
	138 8
	141 9
	142 12
	145 13
	146 16
	150 19
	153 21
	157 22
	160 24
	163 25
	163 22
	162 19
	161 16
	161 13
	161 10
	162 7
	165 7
	168 7
	171 8
	175 10
	178 13
	182 18
	185 21
	187 24
	189 27
	192 30
	194 33
	196 36
	199 39
	202 45
	206 48
	207 51
	210 56
	212 60
	214 63
	216 67
	217 71
	218 76
	218 79
	218 82
	213 87
	210 86
	205 81
	202 78
	201 75
	199 72
	197 69
	197 66
	195 62
	194 58
	192 55
	190 50
	188 46
	187 43
	184 36
	182 31
	180 27
	178 23
	177 19
	177 16
	175 11
	174 7
	172 4
	173 7
	175 10
	177 13
	179 16
	182 19
	184 22
	187 25
	190 27
	192 30
	195 30
	198 32
	201 32
	202 29
	202 25
	198 24
	195 23
	191 21
	188 21
	191 21
	194 23
	197 23
	200 24
	203 24
	203 21
	203 18
	203 15
	203 12
	206 10
	209 9
	212 11
	214 11
.PEN_UP
.PEN_DOWN
	33 37
	36 38
	39 38
	44 38
	48 38
	51 38
	54 38
	60 39
	64 40
	67 40
	70 41
	73 42
	76 42
.PEN_UP
.PEN_DOWN
	113 37
	116 34
	117 31
	119 32
.PEN_UP
.PEN_DOWN
0 0
.PEN_UP
.PEN_DOWN
	30 14
	33 17
	36 21
	39 24
	44 28
	45 31
	48 34
	49 37
	52 40
	56 45
	58 48
	60 54
	63 59
	64 62
	65 65
	66 69
	65 66
	64 62
	62 59
	60 55
	58 50
	57 45
	55 42
	55 37
	54 34
	53 30
	53 27
	52 23
	52 20
	53 17
	56 15
	59 15
	63 16
	67 18
	70 18
	73 20
	78 23
	83 26
	86 28
	90 30
	92 33
	96 35
	98 38
	101 41
	104 44
	106 47
	109 50
	113 58
	116 61
	118 65
	119 68
	120 71
	120 74
	116 76
	112 75
	108 73
	105 70
	99 65
	96 61
	94 58
	92 53
	90 49
	87 44
	85 39
	83 36
	80 32
	79 29
	77 26
	73 23
	70 19
	67 16
	64 12
	62 9
	60 6
	58 3
	57 0
	57 4
	60 8
	63 12
	64 15
	67 16
	69 20
	72 22
	75 25
	78 28
	82 29
	85 31
	88 31
	89 28
	90 25
	90 22
	89 19
	88 16
	89 13
	92 12
	95 10
	98 10
	101 9
	104 12
	107 14
	110 16
	114 20
	118 21
	121 24
	124 27
	127 29
	129 32
	131 35
	129 31
	126 27
	125 24
	125 21
	125 18
	127 14
	130 13
	133 13
	136 14
	140 17
	143 19
	146 21
	152 25
	156 28
	159 29
	161 32
	164 35
	169 37
	171 40
	172 43
	174 47
	172 44
	169 42
	169 39
	169 36
	168 33
	168 30
	167 27
	166 24
	164 21
	161 19
	159 16
	156 14
	152 13
	149 13
	146 13
	144 16
	147 18
	151 18
	154 16
	157 14
	160 12
	163 11
	167 11
	171 11
	174 11
	177 12
	181 12
.PEN_UP
.PEN_DOWN
	30 49
	35 49
	38 49
	41 50
	45 50
	49 51
	54 51
	57 51
	60 52
	63 52
	66 53
	68 55
.PEN_UP
.PEN_DOWN
	123 52
	124 49
	127 47
	130 47
.PEN_UP
.PEN_DOWN
0 0
.PEN_UP
.PEN_DOWN
0 0
.PEN_UP
.PEN_DOWN
	43 0
	46 2
	50 6
	54 10
	55 13
	58 15
	60 19
	63 21
	66 23
	68 26
	69 29
	72 32
	73 35
	76 37
	77 40
	82 45
	88 52
	91 55
	93 58
	92 55
	90 51
	88 47
	87 44
	85 40
	83 36
	81 32
	80 28
	79 24
	78 21
	78 18
	78 15
	80 12
	83 12
	87 12
	91 13
	94 15
	97 17
	100 19
	103 21
	108 25
	112 30
	114 35
	119 38
	120 41
	125 46
	129 50
	131 53
	135 57
	137 60
	139 63
	139 66
	139 69
	139 72
	135 73
	132 72
	128 69
	125 65
	122 62
	120 58
	118 55
	116 51
	113 46
	109 39
	107 36
	105 31
	103 28
	101 24
	100 21
	98 18
	95 12
	92 9
	91 6
	89 3
	89 6
	91 9
	91 12
	94 15
	96 18
	97 21
	101 23
	106 26
	110 29
	114 33
	117 33
	120 32
	120 27
	120 23
	119 19
	119 15
	119 11
	120 8
	122 5
	125 4
	128 4
	134 4
	138 5
	141 7
	145 10
	148 14
	151 18
	152 23
	152 26
	149 27
	145 27
	141 27
	137 23
	134 20
	134 17
	134 13
	138 8
	142 6
	146 4
	149 4
	153 4
	156 5
	159 5
.PEN_UP
.PEN_DOWN
	44 39
	47 38
	50 39
	53 39
	58 40
	61 40
	67 40
	72 41
	75 41
	80 41
	84 41
	89 41
	94 41
	98 40
	102 40
	105 41
	101 42
	102 41
.PEN_UP
.PEN_DOWN
0 0
.PEN_UP
.PEN_DOWN
0 0
.PEN_UP
.PEN_DOWN
0 0
.PEN_UP
.PEN_DOWN
0 0
.PEN_UP
.PEN_DOWN
0 0
.PEN_UP
.PEN_DOWN
0 0
.PEN_UP
.PEN_DOWN
0 0
.PEN_UP
.PEN_DOWN
0 0
.PEN_UP
.PEN_DOWN
0 0
.PEN_UP
.PEN_DOWN
	52 78
	49 76
	46 74
	42 70
	41 67
	38 64
	38 61
	36 58
	35 55
	34 52
	34 49
	34 46
	37 44
	40 43
	45 45
	48 47
	50 50
	53 52
	56 54
	59 56
	61 59
	65 62
	66 65
	70 69
	72 72
	74 75
	75 78
	78 80
	81 82
	84 82
	84 79
	85 76
	88 74
	89 71
	89 68
	87 65
	85 62
	83 59
	82 56
	82 53
	83 50
	86 49
	89 49
	92 49
	95 49
	98 51
	102 53
	106 55
	109 59
	112 61
	114 64
	117 66
	119 69
	123 71
	126 73
	129 75
	132 78
	129 75
	126 73
	123 71
	120 69
	118 66
	116 63
	114 60
	112 57
	111 54
	110 51
	109 48
	110 45
	113 45
	116 46
	118 49
	121 50
	123 53
	126 55
	127 58
	128 61
	131 64
	131 67
	132 70
	133 73
	133 76
	133 79
	132 76
	132 73
	131 70
	130 67
	129 64
	128 61
	128 58
	128 55
	129 52
	132 50
	135 50
	138 50
	141 52
	144 55
	145 59
	148 62
	150 65
	153 67
	156 68
	159 69
	162 70
	165 70
	168 70
	171 67
	171 64
	170 61
	170 58
	167 57
	166 54
	163 51
	162 48
	161 45
	164 47
	165 50
	168 52
	170 55
	173 58
	176 60
	179 62
	180 59
	180 56
	180 53
	180 50
	178 47
	178 44
	178 41
	176 38
	176 34
	174 30
	172 27
	171 24
	170 21
	167 19
	166 16
	164 13
	161 10
	160 7
	157 6
	154 5
	152 8
	150 11
	149 15
	149 18
	151 21
	154 23
	158 25
	162 29
	165 30
	168 32
	171 34
	174 36
	176 40
	179 41
	182 44
	185 47
	188 49
	191 51
	194 53
	198 55
	201 57
	204 58
	207 60
	210 63
	214 65
	215 62
	215 59
	215 56
	215 53
	215 50
	218 49
	221 51
	224 53
	227 55
	229 58
	232 61
	233 64
	235 67
	236 70
	239 73
	239 76
	240 79
	239 76
	238 73
	237 69
	236 66
	234 62
	233 59
	232 56
	231 53
	230 50
	229 47
	226 42
	226 38
	223 35
	222 32
	220 29
	220 26
	219 23
	217 20
	216 17
	214 13
	212 9
	209 6
	207 3
	204 1
	201 0
	200 3
	200 6
	200 9
	200 12
	200 15
	201 18
	202 21
	204 25
	207 26
	210 28
	213 30
	218 31
	222 32
	225 33
	228 34
	231 35
	234 36
	237 36
	241 38
	245 38
	245 39
.PEN_UP
.PEN_DOWN
0 0
.PEN_UP
.PEN_DOWN
0 0
.PEN_UP
.PEN_DOWN
	53 50
	56 51
	59 53
	62 54
	65 56
	67 59
	70 63
	73 66
	75 69
	75 64
	74 61
	73 58
	72 53
	72 50
	70 47
	70 44
	68 40
	67 36
	64 32
	62 27
	62 24
	61 21
	58 18
	58 14
	54 12
	51 9
	49 5
	46 3
	43 0
	40 0
	38 4
	38 7
	36 10
	36 13
	37 16
	38 20
	42 26
	45 28
	48 31
	52 33
	56 35
	61 37
	66 40
	72 42
	75 44
	78 46
	83 48
	86 49
	89 52
	96 56
	100 58
	101 61
	104 62
	106 65
	105 61
	102 56
	101 53
	100 50
	99 47
	99 44
	99 41
	102 39
	106 40
	109 42
	113 46
	115 50
	119 53
	122 56
	124 59
	128 61
	129 64
	130 61
	129 57
	128 54
	126 50
	125 47
	124 44
	124 41
	127 42
	129 45
	133 48
	137 52
	138 56
	141 58
	142 61
	145 62
	147 65
	150 67
	153 68
	157 69
	159 66
	158 62
	157 59
	155 56
	154 53
	151 51
	148 48
	145 44
	143 41
	141 38
	139 35
	142 38
	143 41
	145 44
	146 47
	149 51
	153 53
	155 56
	158 58
	161 60
	165 64
	168 65
	170 62
	168 58
	168 55
	165 53
	164 50
	161 48
	159 45
	157 42
	159 46
	162 48
	165 51
	169 54
	173 56
	174 59
	178 61
	180 64
	183 64
	185 61
	184 58
	183 54
	181 51
	181 48
	181 45
	181 42
	184 41
	187 41
	191 42
	195 43
	197 46
	200 47
	204 51
	206 54
	208 57
	211 62
	214 66
	215 69
	217 73
	219 77
	221 80
	222 84
	222 87
	221 83
	219 80
	217 76
	216 72
	214 65
	212 61
	210 58
	210 53
	208 50
	205 46
	203 40
	200 34
	199 31
	198 27
	196 24
	195 20
	195 17
	192 14
	191 10
	189 7
	187 4
	186 1
	187 4
	189 7
	190 11
	192 14
	194 17
	197 20
	198 23
	200 26
	203 30
	205 34
	207 37
	209 41
	212 45
	213 48
	216 51
	219 54
	222 55
	226 56
	229 54
	229 50
	229 46
	228 42
	228 39
	229 36
	231 33
	234 32
	240 33
.PEN_UP
.PEN_DOWN
	63 85
	63 82
	64 79
	66 76
	66 74
.PEN_UP
.PEN_DOWN
0 0
.PEN_UP
.PEN_DOWN
0 0
.PEN_UP
.PEN_DOWN
	32 2
	33 5
	36 8
	39 11
	40 15
	43 19
	46 24
	50 27
	52 31
	54 34
	57 38
	60 41
	63 47
	66 50
	67 53
	69 57
	70 60
	71 63
	72 66
	71 62
	70 59
	69 56
	68 52
	67 47
	67 44
	66 41
	65 38
	64 35
	64 32
	64 29
	64 25
	63 20
	64 17
	65 14
	66 11
	69 10
	72 10
	76 10
	79 12
	83 13
	86 15
	90 18
	95 21
	100 27
	103 32
	105 35
	108 38
	108 41
	110 44
	111 47
	113 52
	116 56
	117 60
	118 63
	118 67
	118 70
	116 73
	113 73
	109 70
	105 66
	103 63
	101 60
	99 57
	98 53
	97 50
	95 45
	94 41
	92 37
	90 33
	87 29
	85 25
	83 22
	81 19
	78 15
	75 12
	73 9
	72 6
	69 3
	67 0
	67 3
	70 6
	72 9
	73 12
	77 16
	79 19
	83 23
	86 25
	89 27
	92 29
	95 31
	95 27
	95 23
	95 20
	97 16
	100 14
	104 14
	107 14
	110 14
	113 18
	116 20
	116 23
	117 26
	114 28
	110 28
	107 27
	105 24
	105 21
	105 18
	107 15
	110 14
	114 14
	118 14
	121 15
	125 18
	128 21
.PEN_UP
.PEN_DOWN
	46 45
	50 44
	53 43
	56 42
	60 41
	64 41
	68 41
	71 41
	75 42
	78 43
	80 41
.PEN_UP
.PEN_DOWN
	49 54
	46 52
	43 50
	37 45
	34 42
	33 39
	30 35
	28 31
	27 27
	27 24
	27 21
	32 22
	35 24
	37 27
	40 27
	43 31
	45 35
	47 38
	49 41
	52 44
	54 48
	54 52
	55 56
	55 59
	53 56
	52 53
	52 49
	52 46
	52 42
	54 39
	54 36
	57 35
	60 37
	63 37
	67 40
	70 42
	74 43
	79 45
	83 48
	86 50
	88 53
	84 52
	81 49
	78 46
	75 43
	74 40
	71 37
	68 33
	67 30
	64 27
	63 24
	63 21
	66 20
	69 22
	73 27
	75 30
	78 35
	80 39
	83 41
	85 46
	87 49
	90 54
	93 59
	95 63
	96 66
	98 70
	100 73
	100 77
	101 80
	102 83
	102 86
	104 89
	103 86
	101 83
	99 79
	98 75
	97 71
	96 68
	95 64
	93 60
	92 56
	91 52
	91 48
	91 45
	90 42
	90 39
	91 36
	94 34
	97 33
	100 33
	104 35
	107 38
	110 41
	112 44
	114 47
	116 50
	118 53
	120 56
	123 56
	123 53
	122 50
	121 47
	120 44
	119 41
	118 37
	116 34
	115 31
	113 26
	112 23
	110 20
	109 17
	108 13
	105 10
	104 7
	100 4
	97 2
	94 0
	91 0
	88 2
	86 5
	84 8
	84 11
	88 14
	91 17
	95 20
	98 21
	103 24
	106 25
	109 28
	111 31
	114 34
	117 35
	120 37
	123 40
	126 40
	129 43
	132 45
	135 46
	139 47
	143 50
	146 52
	149 54
	146 52
	144 49
	141 49
	140 46
	138 43
	135 40
	134 37
	132 34
	131 31
	131 27
	134 25
	137 27
	140 31
	143 35
	143 38
	146 41
	146 44
	148 47
	148 50
	148 47
	147 44
	146 41
	146 38
	150 36
	153 38
	157 41
	160 42
	163 44
	167 47
	171 50
	175 54
	178 56
	175 55
	171 54
	168 52
	165 49
	164 46
	162 43
	161 40
	161 36
	162 33
	164 30
	168 28
	171 28
	174 28
	177 29
	180 31
	184 33
	187 37
	190 39
	193 43
	197 46
	200 50
	201 53
	202 56
	203 59
	200 61
	197 62
	194 61
	191 60
	189 57
	186 54
	185 50
	185 47
	185 44
	184 41
	184 38
	187 36
	191 37
	194 39
	197 40
	200 41
	203 44
	206 46
	209 49
	212 52
	215 55
	217 58
	219 55
	218 52
	216 49
	215 46
	214 43
	212 39
	209 39
	208 36
	205 34
	203 31
	200 29
	200 32
	203 35
	206 38
	208 41
	211 42
	213 45
	215 48
	218 49
	220 52
	223 54
	226 56
	229 59
	232 61
	235 62
	236 59
	234 56
	234 53
	233 50
	232 46
	231 43
	230 39
	229 35
	228 32
	228 29
	231 29
	234 31
	237 34
	239 37
	242 40
	244 43
	246 48
	247 52
	250 55
	251 58
	253 61
	253 64
	256 68
	258 71
	259 74
	260 77
	261 80
	262 83
	264 86
	265 90
	267 94
	267 97
	267 100
	264 98
	263 95
	261 91
	261 87
	258 82
	258 78
	256 75
	256 72
	255 68
	254 64
	254 59
	254 56
	254 52
	254 49
	254 45
	253 41
	253 38
	254 35
	255 31
	258 28
	261 27
	266 28
	268 31
	271 32
.PEN_UP
.PEN_DOWN
	240 73
	245 72
	252 72
	256 72
	260 72
	264 72
	268 72
	271 72
	274 72
	275 73
.PEN_UP
.PEN_DOWN
	112 70
	113 67
	114 64
.PEN_UP
.PEN_DOWN
	71 53
	67 53
	64 52
	61 51
	57 49
	55 46
	52 44
	49 43
	47 40
	45 37
	45 34
	48 33
	51 33
	54 35
	58 36
	62 38
	66 41
	69 44
	71 48
	72 51
	73 54
	73 51
	71 48
	70 45
	67 42
	66 39
	64 36
	62 33
	60 28
	58 24
	56 20
	55 16
	54 13
	53 9
	52 6
	51 3
	52 0
	56 2
	58 5
	61 9
	63 13
	64 17
	64 21
	64 24
	65 27
	65 30
	63 33
	63 36
	66 34
	69 34
	72 37
	75 37
	78 39
	81 40
	86 42
	89 44
	92 46
	95 48
	98 49
	102 51
	99 48
	98 45
	95 42
	92 39
	91 36
	91 33
	90 28
	91 25
	94 24
	97 24
	101 25
	105 28
	106 31
	108 34
	110 37
	112 41
	113 44
	115 47
	117 50
	119 54
	122 57
	122 54
	121 50
	119 46
	118 43
	117 39
	116 36
	116 33
	116 30
	118 27
	121 27
	124 28
	127 30
	128 33
	131 34
	133 37
	135 41
	136 45
	139 48
	140 51
	142 54
	145 56
	143 53
	141 50
	140 47
	138 44
	136 40
	135 37
	134 33
	134 30
	134 27
	137 26
	140 26
	143 28
	146 30
	148 33
	151 36
	154 38
	157 40
	160 42
	163 46
	166 48
	167 51
	170 54
	171 57
	171 60
	168 61
	165 61
	162 60
	159 59
	156 58
	155 55
	152 52
	151 49
	151 46
	151 43
	151 40
	152 36
	155 33
	159 31
	162 31
	166 31
	169 32
	173 35
	175 38
	178 41
	181 43
	184 46
	186 50
	189 52
	191 56
	193 59
	196 60
	199 63
	201 66
	203 69
	206 71
	208 74
	212 77
	215 80
	216 83
	219 86
	222 89
	223 92
	225 96
	221 95
	219 92
	218 89
	216 86
	216 82
	214 79
	213 76
	212 73
	211 69
	210 66
	209 63
	208 59
	205 52
	205 48
	205 45
	205 42
	207 38
	209 35
	212 32
	215 32
	218 32
	221 33
	224 34
	228 39
	231 43
	233 43
.PEN_UP
.PEN_DOWN
	192 77
	196 77
	199 77
	203 77
	206 77
	211 77
	216 77
	219 77
	223 77
	227 77
	231 77
	234 77
	237 77
	240 78
	241 78
.PEN_UP
.PEN_DOWN
	134 71
	135 68
	136 65
.PEN_UP
.PEN_DOWN
	40 52
	43 53
	46 53
	49 53
	52 54
	55 53
	55 50
	53 47
	52 44
	48 41
	44 40
	41 38
	44 40
	48 40
	51 38
	53 35
	54 32
	54 28
	53 24
	53 20
	51 17
	48 14
	46 10
	41 6
	37 4
	34 1
	31 1
	28 0
	25 0
	25 3
	25 7
	28 9
	28 12
	32 13
	36 16
	39 20
	45 23
	49 26
	52 27
	55 28
	59 32
	62 33
	66 35
	69 36
	75 39
	78 41
	82 43
	85 45
	81 42
	80 39
	78 36
	77 32
	76 28
	76 24
	76 21
	78 18
	81 17
	84 18
	88 21
	90 24
	92 28
	93 32
	94 37
	96 42
	96 47
	95 50
	94 53
	91 54
	87 54
	84 54
	82 50
	82 46
	83 43
	86 41
	89 40
	92 40
	95 40
	98 41
	102 41
	106 43
	110 47
	113 51
	116 52
	119 53
	119 49
	117 46
	114 43
	113 40
	112 37
	112 33
	110 29
	110 26
	113 24
	116 25
	119 26
	121 30
	124 33
	125 36
	125 39
	125 42
	125 48
	125 52
	124 55
	122 58
	119 59
	116 59
	116 56
	116 53
	116 50
	118 47
	122 45
	125 43
	128 42
	133 42
	137 42
	140 43
	144 46
	146 47
.PEN_UP
