


.DATE		07 ? 93
.STYLE		PRINTED
.WRITER_ID	ykryu
.COUNTRY	Korea
.HAND		R
.AGE		24
.SEX		M
.SKILL		OK
.WRITER_INFO
	First name:				YoungKwon
	Last name:				Ryu
	Native language: 		Korean
	Other languages: 		English
	Place of Birth: 		Korea
	Where educated: 		Korea
	Place of Residence:		Korea
	Computer experience: 	student in CS Dept.
	Occupation:				student in CS Dept.
	Vision: 

.PEN_DOWN
	46 28
	47 31
	47 34
	47 37
	45 40
	42 42
	39 43
	36 43
	33 40
	31 37
	28 34
	27 31
	27 28
	25 25
	25 21
	24 17
	24 14
	24 11
	24 8
	25 4
	25 1
	28 0
	31 0
	34 2
	38 5
	42 8
	45 11
	47 14
	49 17
	51 21
	52 25
	54 29
	54 33
	55 36
	56 39
	55 42
	55 39
	54 36
	54 33
	53 30
	53 27
	53 24
	53 20
	52 16
	52 12
	53 8
	56 6
	59 6
	62 6
	65 5
	68 4
.PEN_UP
.PEN_DOWN
0 0
.PEN_UP
.PEN_DOWN
0 0
.PEN_UP
.PEN_DOWN
0 0
.PEN_UP
.PEN_DOWN
0 0
.PEN_UP
.PEN_DOWN
0 0
.PEN_UP
.PEN_DOWN
0 0
.PEN_UP
.PEN_DOWN
0 0
.PEN_UP
.PEN_DOWN
0 0
.PEN_UP
.PEN_DOWN
0 0
.PEN_UP
.PEN_DOWN
0 0
.PEN_UP
.PEN_DOWN
0 0
.PEN_UP
.PEN_DOWN
0 0
.PEN_UP
.PEN_DOWN
	50 70
	50 67
	52 64
	52 61
	52 56
	52 53
	53 50
	54 45
	54 42
	54 39
	55 35
	55 32
	54 29
	54 26
	54 23
	54 19
	53 15
	52 12
	52 9
	50 6
	49 3
	48 0
	45 0
	42 1
	39 2
	36 3
	34 6
	34 7
.PEN_UP
.PEN_DOWN
	50 90
	53 88
	53 85
	55 82
	57 79
	57 78
.PEN_UP
.PEN_DOWN
	17 5
	20 6
	23 7
	28 10
	31 13
	34 14
	37 17
	42 21
	44 24
	47 28
	49 31
	51 34
	54 37
	54 40
	56 43
	59 46
	60 49
	62 53
	63 56
	65 59
	65 62
	65 65
	65 68
	66 71
	66 74
	67 77
	68 80
	68 83
	66 86
	63 85
	62 82
	60 79
	60 76
	58 72
	57 69
	57 66
	56 62
	56 59
	54 56
	54 53
	52 50
	52 46
	51 43
	51 40
	51 37
	50 34
	50 31
	49 28
	49 25
	47 22
	47 19
	47 16
	45 13
	44 10
	43 7
	41 3
	41 0
	41 3
	42 6
	44 9
	45 12
	46 15
	47 18
	49 21
	51 24
	52 28
	56 30
	57 33
	60 36
	63 37
	66 39
	69 40
	72 39
	72 36
	69 33
	68 29
	65 29
	63 26
	60 26
	57 26
	54 26
	57 23
	60 20
	62 17
	64 14
	66 11
	66 8
	69 6
	72 4
	75 4
	76 7
	78 7
.PEN_UP
.PEN_DOWN
0 0
.PEN_UP
.PEN_DOWN
0 0
.PEN_UP
.PEN_DOWN
0 0
.PEN_UP
.PEN_DOWN
0 0
.PEN_UP
.PEN_DOWN
0 0
.PEN_UP
.PEN_DOWN
0 0
.PEN_UP
.PEN_DOWN
0 0
.PEN_UP
.PEN_DOWN
0 0
.PEN_UP
.PEN_DOWN
0 0
.PEN_UP
.PEN_DOWN
0 0
.PEN_UP
.PEN_DOWN
0 0
.PEN_UP
.PEN_DOWN
0 0
.PEN_UP
.PEN_DOWN
	14 31
	17 32
	20 33
	24 35
	28 35
	32 35
	35 33
	37 30
	38 27
	38 24
	37 20
	35 17
	35 14
	35 11
	33 8
	33 5
	33 2
	36 0
	39 0
	42 0
	44 3
	47 4
	48 7
	50 11
	50 14
	51 17
	51 20
	51 23
	52 26
	52 29
	51 32
	49 35
	52 34
	55 32
	58 30
	61 30
	64 31
	66 31
.PEN_UP
.PEN_DOWN
	5 29
	8 30
	11 31
	15 31
	19 31
	22 30
	25 30
	26 27
	26 24
	26 21
	25 18
	24 14
	23 10
	22 7
	25 4
	28 4
	31 5
	34 6
	35 9
	38 10
	40 14
	41 18
	42 21
	43 24
	42 27
	43 30
	46 30
	46 26
	45 23
	44 20
	43 17
	41 14
	40 10
	39 7
	40 4
	42 1
	45 0
	48 0
	51 0
	55 3
	58 6
	59 9
	61 12
	62 16
	64 20
	64 23
	62 26
	62 29
	61 32
	59 35
	62 34
	66 33
	69 32
	72 32
	73 32
.PEN_UP
.PEN_DOWN
	21 39
	24 39
	27 39
	30 38
	33 38
	35 35
	38 34
	39 31
	39 28
	37 24
	35 21
	31 17
	28 14
	23 12
	20 11
	16 10
	13 8
	15 8
.PEN_UP
.PEN_DOWN
	61 36
	58 37
	55 38
	52 38
	49 37
	46 35
	43 32
	40 29
	38 26
	37 23
	36 20
	34 17
	33 14
	32 11
	32 7
	34 4
	38 3
	41 3
	45 2
	49 1
	52 1
	55 0
	58 0
	61 0
.PEN_UP
.PEN_DOWN
	32 73
	31 70
	30 67
	30 64
	30 61
	30 57
	30 53
	30 50
	30 46
	30 43
	31 40
	32 37
	34 34
	37 31
	40 30
	43 32
	46 35
	46 39
	49 42
	50 46
	52 50
	52 54
	52 57
	54 61
	54 64
	54 67
	55 70
	55 73
	55 70
	55 66
	55 63
	55 59
	55 55
	54 52
	54 48
	54 45
	54 42
	54 39
	54 36
	54 33
	54 27
	54 24
	54 20
	53 17
	52 13
	52 10
	50 7
	49 4
	45 1
	42 0
	39 0
	36 0
	33 1
	31 4
	31 7
	32 10
	33 13
	36 16
	39 19
	43 21
	46 21
	49 21
	52 21
	54 21
.PEN_UP
.PEN_DOWN
	23 40
	27 40
	30 41
	33 41
	36 41
	39 41
	42 42
	45 42
	48 43
	49 40
	46 39
	45 36
	43 33
	40 30
	37 28
	35 25
	33 22
	30 18
	28 15
	25 13
	24 10
	21 8
	24 8
	27 8
	30 8
	33 8
	36 8
	39 8
	42 6
	45 5
	48 4
	51 3
	54 2
	57 1
	60 0
	63 0
.PEN_UP
.PEN_DOWN
	27 24
	31 23
	34 23
	39 22
	42 22
	45 21
	48 21
	52 20
	55 19
.PEN_UP
.PEN_DOWN
0 0
.PEN_UP
.PEN_DOWN
	37 79
	36 76
	36 72
	36 68
	36 64
	35 60
	35 56
	35 52
	35 48
	36 44
	37 40
	37 37
	37 33
	37 29
	37 26
	37 23
	37 19
	37 15
	37 12
	37 8
	37 5
	37 2
	37 4
.PEN_UP
.PEN_DOWN
	25 39
	29 39
	32 40
	36 39
	39 39
	42 39
	45 38
	48 38
	52 36
	54 33
	56 30
	57 27
	57 23
	55 19
	52 16
	49 13
	46 12
	42 10
	39 8
	35 6
	32 4
	29 2
	26 1
	22 0
	20 2
.PEN_UP
.PEN_DOWN
	64 33
	62 36
	59 38
	56 38
	53 38
	50 37
	47 37
	44 34
	40 31
	38 28
	36 25
	35 22
	34 18
	34 15
	34 12
	36 9
	39 7
	42 6
	44 3
	47 1
	50 0
	53 0
	56 1
	59 1
	62 2
	65 2
	68 3
	69 3
.PEN_UP
.PEN_DOWN
	59 77
	59 74
	59 71
	60 68
	60 63
	61 59
	61 56
	61 53
	61 49
	61 44
	61 41
	62 37
	62 34
	62 30
	62 26
	62 23
	62 20
	62 16
	62 13
	62 9
	61 8
.PEN_UP
.PEN_DOWN
	69 40
	65 41
	61 41
	58 41
	55 41
	52 41
	49 41
	46 39
	43 38
	40 36
	37 34
	34 32
	33 29
	32 26
	30 22
	30 19
	30 16
	30 13
	30 9
	32 6
	34 3
	37 1
	40 1
	43 0
	46 0
	49 0
	52 0
	56 0
	59 1
	62 1
	65 2
	68 3
	71 3
	72 3
.PEN_UP
.PEN_DOWN
	27 12
	30 11
	33 12
	36 13
	39 14
	42 15
	45 16
	48 18
	51 19
	53 22
	55 25
	57 28
	58 31
	58 34
	58 37
	58 40
	56 43
	53 44
	50 44
	46 43
	42 41
	40 37
	37 36
	36 33
	34 30
	33 27
	33 24
	31 21
	31 18
	31 15
	30 12
	32 8
	35 6
	38 4
	41 3
	45 2
	48 1
	51 1
	54 0
	58 1
	61 2
	65 2
	68 4
	69 4
.PEN_UP
.PEN_DOWN
	44 71
	43 68
	41 64
	40 61
	40 58
	40 54
	40 51
	40 48
	41 45
	41 41
	43 38
	44 35
	45 32
	46 29
	47 25
	47 22
	49 18
	49 15
	50 12
	51 9
	51 6
	48 4
	45 2
	42 2
	39 0
	36 0
	33 0
	32 3
	32 6
.PEN_UP
.PEN_DOWN
	31 31
	35 31
	38 31
	42 31
	46 31
	49 32
	52 32
	56 33
	59 33
	62 33
	64 32
.PEN_UP
.PEN_DOWN
0 0
.PEN_UP
.PEN_DOWN
0 0
.PEN_UP
.PEN_DOWN
	19 20
	20 23
	23 25
	26 29
	29 30
	32 31
	36 33
	39 33
	41 29
	42 25
	42 22
	42 19
	42 16
	41 13
	41 9
	41 6
	43 3
	45 0
	48 0
	51 1
	53 4
	56 5
	58 8
	60 8
.PEN_UP
.PEN_DOWN
	44 60
	48 56
	50 53
	53 51
.PEN_UP
.PEN_DOWN
0 0
.PEN_UP
.PEN_DOWN
0 0
.PEN_UP
.PEN_DOWN
0 0
.PEN_UP
.PEN_DOWN
	19 0
	22 1
	25 2
	28 2
	31 5
	34 7
	37 8
	38 11
	41 14
	44 16
	45 19
	48 22
	49 27
	52 31
	54 34
	56 37
	58 40
	59 43
	60 46
	60 49
	61 52
	61 55
	63 58
	64 61
	64 64
	63 68
	63 71
	62 74
	59 75
	57 72
	53 68
	52 65
	50 62
	50 59
	49 56
	48 52
	47 49
	46 46
	45 43
	45 40
	45 37
	44 33
	44 29
	44 26
	44 23
	44 20
	43 17
	43 14
	43 11
	44 8
	45 5
	49 3
	52 1
	55 0
	58 0
	61 2
	65 4
.PEN_UP
.PEN_DOWN
	34 34
	35 37
	36 40
	39 43
	42 45
	45 45
	48 46
	51 47
	54 45
	55 42
	55 39
	55 36
	55 33
	53 29
	52 26
	51 23
	50 20
	47 18
	46 15
	43 12
	41 8
	38 6
	35 4
	36 7
	39 10
	41 13
	43 16
	46 19
	47 22
	49 25
	51 28
	54 30
	57 32
	59 35
	62 37
	66 36
	66 33
	65 30
	64 27
	62 24
	60 20
	58 17
	56 14
	54 11
	52 8
	49 5
	50 8
	53 10
	53 13
	57 17
	58 20
	60 23
	62 26
	65 30
	68 33
	69 36
	72 39
	75 42
	78 44
	81 45
	82 42
	81 39
	79 36
	78 33
	76 30
	75 27
	73 24
	71 21
	69 18
	67 15
	66 12
	63 9
	63 6
	61 3
	60 0
	62 3
.PEN_UP
.PEN_DOWN
	23 31
	24 34
	26 37
	28 41
	31 43
	33 46
	36 47
	40 48
	44 48
	46 45
	47 42
	49 38
	49 34
	49 31
	50 27
	50 24
	51 21
	51 18
	51 15
	52 12
	52 9
	53 12
	52 15
	52 19
	53 22
	53 25
	53 28
	55 31
	56 34
	57 37
	59 40
	62 43
	65 42
	67 39
	67 36
	67 32
	68 29
	68 26
	68 23
	68 19
	68 16
	69 12
	69 9
	69 5
	70 2
	73 0
.PEN_UP
.PEN_DOWN
	62 34
	59 36
	56 36
	53 36
	48 34
	46 31
	44 28
	42 23
	41 19
	39 16
	39 13
	40 10
	41 7
	43 4
	46 2
	49 1
	52 0
	55 1
	58 2
	61 5
	63 8
	65 12
	66 16
	66 19
	66 22
	66 25
	64 28
	61 31
	58 32
	55 33
	54 33
.PEN_UP
.PEN_DOWN
	40 71
	40 67
	40 63
	40 60
	40 57
	40 54
	41 50
	42 45
	42 40
	44 37
	44 33
	44 30
	44 27
	44 24
	44 20
	44 16
	43 13
	43 9
	42 6
	43 3
	44 0
	44 3
	44 9
	46 9
.PEN_UP
.PEN_DOWN
	33 66
	36 66
	39 66
	42 66
	46 66
	51 65
	55 64
	58 62
	60 59
	63 57
	64 54
	64 51
	64 48
	63 45
	61 41
	57 37
	54 36
	51 35
	48 33
	45 33
	42 32
	43 31
.PEN_UP
.PEN_DOWN
0 0
.PEN_UP
.PEN_DOWN
0 0
.PEN_UP
.PEN_DOWN
	57 44
	53 46
	50 46
	47 46
	44 46
	41 44
	39 41
	36 39
	34 36
	33 33
	36 31
	39 31
	43 31
	47 30
	50 30
	54 29
	57 29
	60 27
	62 24
	63 21
	65 18
	65 15
	66 12
	66 9
	66 6
	63 4
	60 2
	57 0
	53 0
	50 1
	47 3
	44 5
	41 6
	38 8
	36 11
	36 14
	39 17
	42 17
.PEN_UP
.PEN_DOWN
0 0
.PEN_UP
.PEN_DOWN
0 0
.PEN_UP
.PEN_DOWN
0 0
.PEN_UP
.PEN_DOWN
0 0
.PEN_UP
.PEN_DOWN
	18 34
	19 37
	22 39
	25 41
	28 42
	31 42
	32 39
	32 35
	32 31
	33 27
	33 24
	33 21
	32 17
	31 14
	31 11
	32 8
	33 5
	34 2
	37 0
	39 3
	41 6
	42 10
	43 13
	44 16
	45 19
	45 22
	45 25
	46 28
	46 31
	46 34
	46 37
	46 40
	46 37
	46 34
	46 30
	46 26
	46 23
	46 20
	48 17
	48 14
	49 11
	51 7
	54 6
	58 9
	61 11
	62 14
	64 17
	64 20
	65 23
	65 27
	65 30
	65 33
	65 36
	65 39
	64 42
	63 45
	61 48
	63 45
	65 41
	67 38
	70 37
	73 35
	74 35
.PEN_UP
.PEN_DOWN
	20 24
	23 27
	26 28
	29 29
	32 29
	35 29
	39 28
	41 25
	42 22
	42 19
	42 16
	41 13
	38 10
	35 6
	32 5
	28 4
	25 3
	22 3
	19 3
.PEN_UP
.PEN_DOWN
	62 35
	58 36
	54 36
	51 35
	47 33
	44 30
	42 27
	40 24
	39 21
	39 18
	40 15
	42 10
	43 7
	43 4
	46 1
	50 0
	53 0
	56 0
	59 0
	62 0
	65 0
	68 1
	71 2
.PEN_UP
.PEN_DOWN
0 0
.PEN_UP
.PEN_DOWN
0 0
.PEN_UP
.PEN_DOWN
0 0
.PEN_UP
.PEN_DOWN
	46 28
	47 31
	47 34
	46 37
	43 39
	40 40
	37 39
	34 36
	31 33
	28 29
	27 26
	26 23
	26 19
	26 16
	26 13
	27 10
	29 7
	31 4
	34 4
	37 4
	40 6
	42 10
	46 13
	48 16
	50 20
	50 23
	51 26
	52 29
	52 32
	52 35
	54 38
	52 35
	52 32
	52 29
	52 26
	51 23
	51 19
	51 14
	52 11
	52 7
	52 4
	55 2
	58 0
	61 0
	65 0
	68 1
.PEN_UP
.PEN_DOWN
	36 82
	36 79
	36 76
	35 72
	34 67
	33 63
	32 60
	32 57
	31 54
	31 50
	31 46
	30 42
	29 36
	28 32
	28 29
	27 25
	27 21
	27 18
	27 15
	27 12
	26 9
	24 6
	22 3
	22 0
	22 3
	24 5
.PEN_UP
.PEN_DOWN
	18 38
	21 38
	24 38
	28 38
	31 38
	34 36
	37 36
	40 35
	43 33
	46 31
	49 28
	51 25
	52 21
	52 18
	51 14
	48 11
	45 10
	42 9
	39 8
	36 7
	33 6
	30 6
	26 4
	24 4
.PEN_UP
.PEN_DOWN
	56 44
	53 44
	50 43
	47 42
	44 40
	41 36
	39 32
	38 29
	37 25
	36 22
	36 18
	36 14
	37 10
	39 7
	40 4
	43 1
	46 0
	50 0
	53 0
	56 0
	59 0
	64 0
	67 1
	70 3
	72 3
.PEN_UP
.PEN_DOWN
0 0
.PEN_UP
.PEN_DOWN
0 0
.PEN_UP
.PEN_DOWN
	19 11
	22 11
	28 12
	31 13
	34 14
	37 15
	40 17
	42 20
	44 23
	45 26
	46 29
	46 32
	44 35
	41 35
	38 35
	35 34
	32 33
	29 31
	26 29
	24 25
	24 22
	24 18
	23 15
	23 12
	23 9
	25 6
	29 4
	32 3
	36 2
	39 1
	42 1
	45 0
	48 1
	51 2
	54 2
	58 4
	61 4
	62 5
.PEN_UP
.PEN_DOWN
0 0
.PEN_UP
.PEN_DOWN
0 0
.PEN_UP
.PEN_DOWN
0 0
.PEN_UP
.PEN_DOWN
	30 13
	34 14
	37 15
	40 16
	44 19
	48 22
	49 25
	52 26
	56 30
	60 33
	62 37
	64 40
	66 45
	69 47
	70 50
	72 53
	73 56
	74 59
	74 62
	75 65
	75 68
	75 71
	77 74
	74 76
	71 73
	68 70
	67 66
	65 60
	64 57
	64 54
	63 51
	62 48
	62 45
	61 42
	61 38
	60 35
	60 31
	60 28
	60 25
	60 22
	60 19
	60 16
	60 13
	60 10
	60 7
	59 4
	58 0
	60 3
	60 6
	62 9
	63 12
	65 15
	66 18
	68 21
	69 24
	71 27
	74 30
	77 31
	78 28
	78 25
	77 22
	76 18
	75 15
	75 12
	74 9
	77 9
	80 8
	81 8
.PEN_UP
.PEN_DOWN
0 0
.PEN_UP
.PEN_DOWN
0 0
.PEN_UP
.PEN_DOWN
	44 70
	46 67
	46 64
	46 61
	46 58
	46 54
	46 50
	45 47
	44 44
	44 40
	43 37
	42 34
	42 31
	40 27
	39 24
	38 21
	38 18
	37 15
	35 11
	35 8
	33 5
	31 2
	27 2
	24 0
	22 3
	20 4
.PEN_UP
.PEN_DOWN
	42 89
	45 86
	47 83
	50 82
	52 81
.PEN_UP
.PEN_DOWN
0 0
.PEN_UP
.PEN_DOWN
0 0
.PEN_UP
.PEN_DOWN
	18 27
	18 30
	19 33
	22 35
	23 38
	26 40
	29 41
	32 42
	35 41
	37 38
	38 35
	38 32
	38 29
	37 26
	37 23
	36 19
	35 16
	35 12
	34 9
	35 12
	36 15
	36 19
	38 23
	40 26
	42 30
	44 34
	46 37
	49 39
	52 40
	55 42
	58 42
	58 39
	58 36
	58 32
	58 28
	57 24
	57 21
	57 18
	56 15
	55 12
	55 9
	54 6
	53 3
	53 6
	54 9
	56 12
	57 15
	57 18
	58 21
	60 25
	62 28
	64 31
	65 34
	68 36
	71 39
	74 40
	75 37
	75 34
	74 31
	74 28
	73 25
	73 21
	72 18
	72 15
	71 12
	70 9
	69 6
	69 3
	68 0
	71 3
.PEN_UP
.PEN_DOWN
0 0
.PEN_UP
.PEN_DOWN
	50 38
	47 38
	44 38
	41 37
	38 36
	36 33
	32 30
	31 27
	30 24
	29 21
	29 18
	28 13
	29 9
	32 6
	35 3
	39 1
	42 0
	45 0
	49 1
	52 3
	55 4
	58 7
	59 11
	62 15
	63 18
	63 21
	63 24
	63 27
	62 31
	60 34
	57 36
	54 39
	51 39
	48 40
	48 37
.PEN_UP
.PEN_DOWN
0 0
.PEN_UP
.PEN_DOWN
0 0
.PEN_UP
.PEN_DOWN
0 0
.PEN_UP
.PEN_DOWN
0 0
.PEN_UP
.PEN_DOWN
0 0
.PEN_UP
.PEN_DOWN
	32 46
	36 46
	39 47
	42 47
	45 47
	48 47
	51 46
	54 45
	58 45
.PEN_UP
.PEN_DOWN
	46 77
	46 74
	46 70
	46 67
	46 64
	46 60
	46 57
	46 54
	46 50
	46 45
	46 41
	46 37
	46 33
	46 30
	46 25
	46 22
	46 19
	46 16
	46 13
	46 10
	46 6
	46 3
	46 0
	49 0
	52 2
	55 3
	58 4
	61 5
	64 5
	67 5
	68 4
.PEN_UP
.PEN_DOWN
0 0
.PEN_UP
.PEN_DOWN
0 0
.PEN_UP
.PEN_DOWN
	17 42
	20 39
	20 36
	23 32
	23 29
	24 25
	24 21
	23 18
	22 15
	22 12
	21 9
	20 6
	20 3
	20 0
	23 0
	26 0
	30 2
	33 5
	35 8
	37 11
	38 14
	38 17
	38 20
	38 23
	38 26
	38 29
	37 32
	36 35
	36 38
	36 41
	37 38
	38 35
	39 32
	40 28
	40 25
	40 22
	42 19
	44 16
	47 14
	50 13
	53 14
	56 16
	59 19
	60 22
	61 25
	61 28
	61 32
	61 36
	61 39
	60 42
	59 45
	58 48
	55 51
	56 48
	58 44
	61 42
	64 39
	68 37
	71 36
	74 36
	75 36
.PEN_UP
.PEN_DOWN
	28 36
	32 35
	35 34
	38 32
	41 31
	43 28
	44 25
	45 22
	45 19
	45 14
	45 11
	45 8
	42 6
	39 4
	35 4
	31 4
	27 2
	24 2
	20 1
	17 1
	16 1
.PEN_UP
.PEN_DOWN
	67 33
	63 36
	60 36
	57 37
	54 37
	51 34
	48 31
	47 28
	46 25
	46 22
	45 19
	43 16
	42 13
	42 9
	45 7
	47 4
	50 3
	53 1
	56 0
	59 0
	63 0
	66 0
	69 0
.PEN_UP
.PEN_DOWN
	32 92
	31 89
	30 85
	29 81
	27 78
	27 75
	26 72
	26 69
	26 66
	26 62
	26 59
	28 55
	29 52
	32 49
	35 49
	38 50
	42 52
	45 54
	48 56
	49 59
	50 62
	52 65
	54 69
	55 72
	56 75
	57 78
	57 81
	59 84
	59 87
	58 84
	58 81
	57 78
	56 73
	56 69
	56 66
	56 62
	56 58
	56 55
	56 52
	56 49
	56 45
	56 42
	56 39
	55 36
	55 32
	55 29
	55 26
	55 22
	53 19
	52 16
	52 12
	49 9
	46 5
	43 1
	39 0
	35 1
	30 7
	26 12
	25 15
	24 18
	24 21
	27 22
	29 25
	32 27
	35 28
	38 31
	41 32
	44 33
	48 34
	51 34
	54 34
	57 32
.PEN_UP
.PEN_DOWN
0 0
.PEN_UP
.PEN_DOWN
0 0
.PEN_UP
.PEN_DOWN
	59 27
	59 30
	59 33
	58 36
	55 37
	52 39
	49 39
	46 38
	43 37
	40 34
	37 30
	37 27
	36 24
	36 21
	36 17
	36 14
	36 11
	37 8
	38 5
	40 2
	43 1
	46 2
	49 2
	52 3
	56 5
	59 9
	60 12
	62 15
	63 19
	63 22
	63 25
	64 28
	64 31
	64 34
	63 37
	63 34
	62 31
	62 28
	62 25
	62 22
	63 18
	64 15
	65 12
	66 9
	68 6
	69 3
	72 1
	75 0
	78 2
	80 2
.PEN_UP
.PEN_DOWN
	35 93
	36 90
	36 87
	36 84
	36 80
	37 76
	37 73
	38 69
	38 64
	38 61
	38 58
	39 54
	39 50
	39 47
	40 44
	40 40
	40 37
	40 34
	40 31
	40 28
	40 25
	40 22
	40 19
	40 16
	40 12
	40 9
	39 6
	39 3
	39 0
	38 2
.PEN_UP
.PEN_DOWN
	28 43
	31 44
	34 44
	37 45
	40 45
	43 45
	46 45
	50 45
	53 45
	56 45
	59 45
	62 45
	65 43
	68 41
	68 38
	69 35
	69 32
	68 29
	66 26
	63 24
	59 21
	56 20
	53 19
	50 18
	47 18
	44 18
	41 17
	38 18
	35 19
	32 22
	33 23
.PEN_UP
.PEN_DOWN
0 0
.PEN_UP
.PEN_DOWN
0 0
.PEN_UP
.PEN_DOWN
0 0
.PEN_UP
.PEN_DOWN
	19 8
	22 7
	26 7
	29 7
	32 8
	35 9
	38 10
	42 13
	46 16
	47 19
	50 21
	52 24
	54 27
	56 30
	56 33
	56 36
	53 38
	50 39
	47 39
	43 37
	40 35
	37 32
	35 29
	32 26
	32 23
	31 20
	29 17
	29 14
	29 11
	29 8
	30 5
	32 2
	37 0
	41 0
	45 1
	48 2
	52 4
	56 5
	59 6
	62 8
	63 7
.PEN_UP
.PEN_DOWN
	63 73
	60 74
	57 75
	54 75
	52 72
	50 68
	49 65
	49 62
	49 57
	50 54
	50 51
	50 47
	51 43
	52 40
	52 37
	53 33
	53 30
	53 27
	53 24
	53 21
	53 18
	53 15
	52 12
	50 9
	47 6
	44 5
	41 3
	39 0
	35 2
	32 5
	29 8
	28 11
	28 13
.PEN_UP
.PEN_DOWN
	25 23
	28 23
	31 23
	35 23
	38 24
	41 24
	45 25
	50 25
	53 26
	56 26
	60 27
	63 27
	66 27
	69 26
	72 25
.PEN_UP
.PEN_DOWN
0 0
.PEN_UP
.PEN_DOWN
	19 0
	22 1
	26 3
	29 6
	32 8
	34 11
	37 14
	38 17
	42 19
	43 22
	45 25
	46 28
	49 31
	49 35
	51 40
	53 45
	55 49
	55 54
	56 57
	56 60
	56 64
	56 67
	57 70
	57 73
	56 76
	53 78
	53 75
	51 72
	50 68
	50 65
	49 61
	49 57
	49 53
	49 49
	49 45
	49 42
	48 38
	48 34
	48 30
	48 27
	48 24
	48 21
	49 18
	49 15
	49 11
	49 7
	49 4
	49 7
	50 10
	51 13
	52 16
	52 19
	54 23
	55 26
	56 30
	58 33
	59 36
	61 39
	63 42
	67 43
	70 44
	73 45
	74 42
	74 38
	74 35
	74 32
	74 29
	74 26
	74 22
	74 18
	74 15
	76 12
	77 9
	80 7
	83 8
	85 11
	86 13
.PEN_UP
.PEN_DOWN
	14 29
	17 30
	20 31
	23 32
	26 32
	29 32
	32 33
	35 32
	38 29
	39 26
	40 22
	40 19
	40 15
	40 9
	40 6
	41 3
	44 1
	47 0
	51 0
	56 2
	59 3
	60 6
.PEN_UP
.PEN_DOWN
	35 61
	38 58
	41 56
	44 53
	48 52
.PEN_UP
.PEN_DOWN
	49 73
	51 70
	53 67
	54 64
	55 61
	56 58
	56 55
	56 51
	57 47
	57 42
	57 39
	57 36
	57 32
	57 29
	57 25
	56 22
	55 19
	54 16
	54 13
	53 10
	52 6
	49 3
	48 0
	45 1
	42 1
	41 4
	38 5
	35 6
	32 7
	32 8
.PEN_UP
.PEN_DOWN
	44 85
	47 85
	51 85
	54 85
	57 85
	60 84
	63 84
	66 84
	69 83
.PEN_UP
.PEN_DOWN
0 0
.PEN_UP
.PEN_DOWN
	20 0
	23 1
	27 3
	30 6
	34 8
	38 12
	40 15
	42 18
	43 21
	45 25
	47 29
	49 32
	49 35
	52 39
	54 42
	57 45
	57 49
	58 52
	59 55
	60 58
	61 61
	62 64
	61 67
	60 70
	57 72
	54 72
	51 70
	49 67
	49 64
	48 61
	47 57
	47 53
	46 50
	46 47
	46 43
	46 38
	46 35
	46 32
	46 28
	46 25
	46 22
	47 19
	49 16
	50 13
	52 10
	55 8
	58 7
	61 7
	64 6
	67 6
	70 7
	70 8
.PEN_UP
.PEN_DOWN
	5 29
	7 32
	10 33
	13 35
	17 37
	20 38
	23 38
	26 38
	30 38
	32 35
	35 32
	35 29
	35 26
	35 23
	35 20
	34 16
	33 13
	32 10
	30 6
	29 3
	29 0
	30 3
	30 7
	32 10
	34 14
	34 18
	35 21
	35 24
	36 27
	38 30
	39 33
	42 35
	45 37
	48 36
	51 35
	54 34
	54 31
	54 27
	54 24
	53 21
	52 18
	51 15
	51 12
	51 9
	51 6
	51 3
	53 6
	53 9
	54 12
	54 15
	54 18
	55 21
	55 24
	56 28
	56 31
	56 34
	57 37
	59 40
	62 42
	65 42
	68 42
	70 39
	72 36
	72 33
	73 30
	73 27
	74 23
	74 20
	74 17
	74 14
	75 11
	76 8
	76 7
.PEN_UP
.PEN_DOWN
0 0
.PEN_UP
.PEN_DOWN
	53 32
	53 35
	52 38
	49 40
	46 41
	43 41
	40 41
	37 40
	34 40
	31 38
	28 36
	26 33
	24 30
	23 26
	22 23
	21 20
	21 17
	22 14
	23 11
	24 8
	25 5
	28 2
	32 0
	35 0
	38 0
	41 1
	44 2
	46 5
	49 9
	49 12
	51 15
	51 18
	51 21
	51 25
	51 28
	50 31
	49 34
	46 36
	43 36
	40 37
	37 37
	34 36
	37 33
.PEN_UP
.PEN_DOWN
0 0
.PEN_UP
.PEN_DOWN
0 0
.PEN_UP
.PEN_DOWN
0 0
.PEN_UP
.PEN_DOWN
0 0
.PEN_UP
.PEN_DOWN
0 0
.PEN_UP
.PEN_DOWN
	16 39
	19 39
	22 39
	25 39
	28 39
	31 39
	37 38
	40 38
	43 38
	46 38
	50 38
	53 38
	57 38
	60 38
	61 37
.PEN_UP
.PEN_DOWN
	40 63
	40 60
	39 57
	39 54
	39 50
	39 47
	38 43
	38 40
	38 35
	38 30
	38 27
	38 23
	38 19
	38 16
	38 12
	38 9
	39 6
	40 3
	40 0
	43 0
	46 2
	49 3
	52 5
	56 7
	58 6
.PEN_UP
.PEN_DOWN
	26 38
	26 35
	25 32
	25 28
	24 24
	24 20
	24 16
	24 11
	24 7
	24 4
	24 1
	27 0
	30 1
	33 2
	35 5
	37 8
	39 11
	42 15
	44 19
	45 22
	47 25
	48 28
	48 31
	50 34
	50 37
	51 40
	52 37
	52 34
	51 29
	51 25
	50 22
	50 18
	50 15
	49 12
	49 9
	50 6
	53 4
	56 3
.PEN_UP
.PEN_DOWN
0 0
.PEN_UP
.PEN_DOWN
0 0
.PEN_UP
.PEN_DOWN
	27 34
	29 37
	33 38
	37 38
	40 39
	43 37
	44 34
	46 31
	46 28
	44 25
	41 23
	40 20
	36 16
	33 14
	30 12
	26 11
	23 11
	20 10
	17 10
	14 9
	15 8
.PEN_UP
.PEN_DOWN
	64 37
	61 37
	58 36
	55 35
	52 35
	49 33
	46 30
	45 27
	44 24
	44 21
	44 18
	45 15
	46 11
	49 9
	51 6
	52 3
	56 1
	59 0
	62 0
	65 0
	69 0
	73 1
	76 2
	79 2
.PEN_UP
.PEN_DOWN
	30 74
	32 71
	33 67
	33 63
	33 60
	33 57
	36 53
	37 49
	40 47
	43 46
	46 47
	48 50
	50 53
	51 56
	52 59
	54 62
	55 65
	57 69
	57 73
	58 76
	58 79
	57 76
	56 73
	56 70
	55 66
	55 63
	55 60
	55 57
	55 54
	55 51
	55 48
	56 44
	56 41
	57 37
	58 34
	58 31
	58 28
	58 25
	58 22
	58 19
	58 16
	58 13
	58 9
	58 6
	55 4
	52 3
	49 1
	46 0
	43 0
	40 3
	37 4
	35 7
	32 9
	30 12
	30 15
	31 18
	33 21
	36 21
	39 21
	42 23
	43 23
.PEN_UP
.PEN_DOWN
	28 40
	31 41
	34 41
	37 41
	41 41
	44 41
	47 42
	50 42
	53 42
	56 42
	60 42
	63 42
	60 40
	57 38
	56 35
	51 33
	50 30
	47 28
	45 25
	42 22
	39 19
	36 16
	33 13
	30 11
	33 11
	36 11
	39 10
	44 9
	47 8
	51 8
	54 6
	57 6
	60 5
	65 2
	68 1
	71 0
	71 1
.PEN_UP
.PEN_DOWN
	21 27
	24 27
	27 27
	30 27
	34 26
	38 25
	43 25
	46 25
	50 25
	54 24
	59 23
	63 22
	66 21
	66 20
.PEN_UP
.PEN_DOWN
0 0
.PEN_UP
.PEN_DOWN
	26 75
	27 72
	28 69
	29 66
	30 63
	30 59
	30 55
	31 52
	31 48
	32 44
	32 41
	33 37
	33 33
	34 30
	34 26
	34 23
	34 20
	34 17
	35 14
	35 11
	34 8
	33 5
	31 5
.PEN_UP
.PEN_DOWN
	18 34
	22 35
	26 35
	31 35
	34 35
	38 35
	41 35
	45 34
	48 33
	51 32
	54 29
	54 26
	55 23
	55 20
	55 17
	54 14
	51 11
	48 10
	46 7
	43 6
	40 4
	36 3
	33 2
	30 1
	27 0
	24 0
	21 0
	18 0
.PEN_UP
.PEN_DOWN
0 0
.PEN_UP
.PEN_DOWN
	45 80
	45 76
	45 72
	45 69
	45 66
	45 63
	45 57
	45 54
	45 49
	46 44
	46 40
	46 37
	46 33
	47 29
	47 25
	48 20
	48 16
	48 13
	48 10
	48 7
	47 3
	46 0
	47 3
	48 6
	49 9
	49 12
	49 16
	49 19
	50 23
	50 26
	49 29
	49 32
	46 34
	43 37
	40 39
	37 41
	34 43
	31 43
	28 43
	25 41
	22 38
	21 35
	19 31
	19 28
	18 25
	17 22
	16 19
	16 16
	16 13
	19 10
	21 7
	24 6
	27 3
	31 2
	35 2
	40 2
	43 2
	46 3
	49 4
.PEN_UP
.PEN_DOWN
0 0
.PEN_UP
.PEN_DOWN
0 0
.PEN_UP
.PEN_DOWN
0 0
.PEN_UP
.PEN_DOWN
	44 67
	44 70
	44 73
	43 76
	40 77
	37 77
	34 77
	31 76
	29 73
	28 70
	26 67
	25 63
	25 60
	26 57
	26 54
	29 52
	31 49
	34 47
	37 46
	40 45
	44 47
	47 48
	47 51
	48 54
	50 57
	51 61
	52 64
	53 67
	53 70
	53 73
	53 70
	53 66
	53 62
	53 59
	53 56
	53 52
	54 49
	54 45
	55 42
	55 39
	56 36
	57 32
	58 28
	59 25
	59 22
	59 19
	59 16
	59 12
	59 9
	59 6
	56 4
	55 1
	52 0
	48 3
	45 4
	42 6
	39 8
	36 11
	34 14
	33 18
	33 21
	32 24
	32 27
	33 30
	36 31
	40 33
	44 34
	47 35
	50 35
	53 35
	55 36
.PEN_UP
.PEN_DOWN
	16 0
	19 1
	23 4
	26 5
	27 8
	30 9
	33 11
	36 14
	39 17
	42 20
	43 23
	46 26
	47 29
	49 32
	51 36
	53 40
	54 43
	54 46
	56 50
	57 53
	58 56
	58 59
	57 62
	56 65
	55 68
	53 71
	50 70
	47 68
	44 67
	44 64
	42 61
	42 58
	41 55
	41 52
	41 48
	41 45
	41 41
	41 38
	41 35
	41 32
	41 29
	41 26
	41 23
	42 20
	42 17
	42 13
	42 10
	41 7
	42 10
	43 13
	45 17
	46 20
	47 23
	48 26
	50 29
	52 32
	55 34
	58 35
	61 36
	64 33
	64 30
	63 27
	62 23
	62 20
	61 17
	61 14
	60 11
	60 8
	62 5
	65 3
	68 3
	73 3
	76 3
	79 5
	82 6
	83 7
.PEN_UP
.PEN_DOWN
0 0
.PEN_UP
.PEN_DOWN
0 0
.PEN_UP
.PEN_DOWN
0 0
.PEN_UP
.PEN_DOWN
0 0
.PEN_UP
.PEN_DOWN
0 0
.PEN_UP
.PEN_DOWN
0 0
.PEN_UP
.PEN_DOWN
	10 49
	13 49
	16 51
	20 53
	23 55
	26 55
	29 54
	31 51
	33 48
	34 45
	35 41
	35 37
	36 34
	36 30
	37 26
	37 23
	37 20
	37 16
	37 13
	36 10
	36 6
	35 3
	35 0
	35 3
	35 6
	35 9
	35 12
	36 16
	37 19
	38 22
	38 26
	38 29
	40 32
	43 35
	43 39
	46 41
	47 44
	50 45
	53 47
	56 46
	57 43
	59 40
	60 35
	60 31
	60 27
	60 24
	60 21
	60 18
	60 15
	60 12
	60 15
	60 18
	60 21
	60 24
	61 28
	61 31
	62 35
	62 39
	64 42
	66 45
	68 48
	71 49
	74 50
	77 49
	78 46
	78 41
	80 38
	80 35
	80 31
	81 28
	81 25
	82 22
	82 19
	83 19
.PEN_UP
.PEN_DOWN
0 0
.PEN_UP
.PEN_DOWN
0 0
.PEN_UP
.PEN_DOWN
0 0
.PEN_UP
.PEN_DOWN
0 0
.PEN_UP
.PEN_DOWN
	58 58
	58 61
	56 64
	53 66
	50 67
	45 66
	42 64
	39 61
	37 58
	36 55
	35 51
	35 48
	36 44
	39 40
	42 38
	45 37
	48 36
	51 36
	54 38
	56 41
	58 44
	60 48
	60 52
	60 55
	60 58
	60 61
	57 58
	57 55
	56 52
	55 49
	55 46
	55 42
	54 39
	54 35
	54 32
	54 28
	54 25
	54 22
	54 19
	54 16
	54 13
	54 9
	54 6
	54 3
	54 0
	58 0
	62 1
	65 2
	69 5
	71 8
	72 11
	73 15
	73 19
	74 23
	74 26
	73 29
	70 32
	67 34
	64 34
	61 35
	58 35
	59 35
.PEN_UP
.PEN_DOWN
	35 43
	37 39
	38 36
	38 33
	40 29
	41 24
	41 21
	41 18
	41 15
	41 12
	40 9
	39 6
	39 3
	37 0
	36 3
	36 6
	37 10
	37 13
	38 16
	38 19
	40 22
	40 25
	44 29
	45 32
	48 33
	51 35
	54 36
	57 35
	59 32
	60 32
.PEN_UP
.PEN_DOWN
0 0
.PEN_UP
.PEN_DOWN
0 0
.PEN_UP
.PEN_DOWN
0 0
.PEN_UP
.PEN_DOWN
	30 34
	31 31
	31 27
	32 24
	33 21
	34 16
	36 13
	37 10
	41 8
	44 10
	46 13
	47 16
	48 20
	51 23
	52 26
	53 30
	53 33
	53 36
	53 40
	54 43
	54 40
	54 37
	53 34
	53 30
	53 26
	53 23
	53 20
	53 17
	53 14
	53 11
	54 8
	55 5
	56 2
	59 0
	62 1
	64 3
.PEN_UP
.PEN_DOWN
	17 28
	19 31
	22 34
	25 35
	28 35
	31 34
	33 31
	34 27
	33 24
	33 21
	32 18
	31 15
	31 12
	30 9
	30 6
	32 3
	35 1
	38 0
	41 1
	44 3
	46 6
	48 9
	48 13
	49 17
	49 21
	49 25
	48 28
	45 31
	42 33
	45 35
	48 35
	51 34
	54 34
	57 34
	60 34
.PEN_UP
.PEN_DOWN
	27 15
	26 18
	26 21
	26 24
	27 27
	29 30
	33 32
	36 32
	38 28
	38 25
	37 22
	37 19
	37 16
	37 13
	37 10
	37 6
	39 3
	42 3
	45 3
	46 6
	47 9
	48 13
	48 17
	48 20
	48 24
	49 27
	49 30
	50 33
	53 32
	53 29
	53 26
	53 23
	52 19
	52 15
	51 12
	51 9
	52 6
	53 3
	56 0
	59 1
	61 4
	63 7
	64 10
	65 13
	66 16
	66 19
	66 22
	66 25
	65 28
	63 31
	60 33
	63 35
	67 34
	72 34
	75 34
	77 33
.PEN_UP
.PEN_DOWN
	18 21
	20 24
	23 25
	26 26
	29 27
	32 27
	35 27
	38 27
	41 27
	44 26
	44 23
	44 20
	44 17
	44 14
	40 12
	38 8
	37 5
	35 2
	32 1
	33 0
.PEN_UP
.PEN_DOWN
	65 38
	62 37
	59 35
	57 32
	54 29
	52 26
	50 23
	50 20
	49 16
	49 13
	49 10
	49 6
	49 3
	52 2
	55 2
	58 1
	61 1
	64 1
	67 2
.PEN_UP
.PEN_DOWN
	30 73
	30 70
	30 67
	28 64
	28 60
	28 57
	28 54
	30 50
	33 47
	36 45
	40 48
	43 52
	45 56
	46 59
	48 62
	49 65
	51 70
	51 73
	52 76
	52 79
	51 76
	51 73
	51 70
	51 67
	51 64
	51 61
	51 58
	51 54
	51 50
	51 47
	50 44
	50 41
	50 37
	50 34
	51 31
	51 28
	51 24
	51 21
	51 18
	51 14
	50 11
	50 8
	49 5
	48 1
	45 0
	42 2
	39 4
	36 5
	33 6
	30 7
	26 8
	23 11
	22 15
	22 18
	25 21
	28 23
	32 25
	36 27
	39 27
	42 28
	45 28
.PEN_UP
.PEN_DOWN
0 0
.PEN_UP
.PEN_DOWN
0 0
.PEN_UP
.PEN_DOWN
	44 84
	44 81
	44 75
	44 72
	43 69
	43 65
	42 61
	41 57
	39 51
	37 47
	36 44
	34 40
	33 37
	32 34
	30 29
	29 25
	27 21
	27 18
	26 15
	25 11
	23 8
	22 5
	24 4
.PEN_UP
.PEN_DOWN
	43 79
	45 75
	46 72
	49 68
	51 65
	52 62
	54 59
	55 55
	57 52
	60 49
	63 46
	65 43
	66 40
	66 36
	69 32
	71 29
	73 25
	75 22
	78 17
	80 13
	83 11
	84 7
	86 4
	88 0
	88 3
	86 5
.PEN_UP
.PEN_DOWN
	37 40
	40 38
	44 38
	47 38
	51 38
	55 38
	58 38
	62 38
	65 39
	69 39
	72 39
	69 40
	67 40
.PEN_UP
.PEN_DOWN
	26 95
	27 92
	28 88
	28 85
	28 80
	30 77
	30 74
	30 71
	30 68
	31 65
	31 61
	32 58
	32 53
	33 50
	33 46
	34 40
	34 36
	35 31
	35 28
	35 25
	35 20
	36 16
	37 13
	37 10
	37 6
	37 3
	37 0
	37 3
	36 7
	36 10
.PEN_UP
.PEN_DOWN
	13 75
	16 78
	19 80
	22 82
	26 83
	29 85
	33 87
	37 89
	41 90
	44 91
	48 92
	52 92
	55 91
	58 89
	60 86
	61 83
	60 80
	57 77
	54 74
	52 71
	49 68
	46 66
	42 61
	39 58
	36 56
	33 52
	35 55
	39 56
	43 58
	46 59
	50 60
	53 62
	57 62
	60 62
	63 63
	66 61
	67 58
	70 55
	70 52
	71 49
	71 44
	71 41
	70 38
	69 35
	68 31
	67 28
	64 26
	61 23
	58 20
	55 20
	52 19
	49 18
	43 17
	40 16
	36 16
	32 16
	29 16
	26 16
	23 16
	20 17
	23 18
	26 18
.PEN_UP
.PEN_DOWN
0 0
.PEN_UP
.PEN_DOWN
	34 73
	37 72
	39 69
	40 66
	40 63
	42 59
	42 55
	43 50
	44 47
	44 44
	45 40
	45 35
	46 32
	46 26
	46 23
	46 20
	46 17
	47 13
	47 9
	47 3
	47 0
	47 2
.PEN_UP
.PEN_DOWN
	20 70
	24 72
	28 72
	31 73
	36 73
	39 73
	43 73
	49 72
	54 72
	58 72
	63 71
	66 71
	69 70
	72 70
	76 68
	79 66
	81 63
	83 60
	83 57
	83 54
	83 51
	83 48
	83 45
	83 42
	81 39
	81 36
	81 32
	80 29
	79 25
	78 21
	75 18
	72 15
	70 12
	67 10
	64 9
	60 6
	57 4
	54 3
	51 3
	47 1
	44 1
	41 1
	37 1
	34 1
	31 1
	27 1
	24 2
	21 2
	23 3
.PEN_UP
.PEN_DOWN
0 0
.PEN_UP
.PEN_DOWN
0 0
.PEN_UP
.PEN_DOWN
0 0
.PEN_UP
.PEN_DOWN
0 0
.PEN_UP
.PEN_DOWN
0 0
.PEN_UP
.PEN_DOWN
0 0
.PEN_UP
.PEN_DOWN
	65 68
	66 71
	64 74
	62 77
	59 78
	56 80
	53 82
	50 83
	47 83
	44 82
	41 81
	37 78
	35 75
	33 72
	30 70
	30 67
	29 64
	29 61
	29 57
	28 54
	28 51
	28 47
	28 43
	29 39
	29 36
	31 32
	32 28
	34 24
	34 21
	36 18
	39 16
	42 16
	45 16
	48 16
	51 17
	54 18
	57 19
	61 22
	66 26
	68 29
	67 30
.PEN_UP
.PEN_DOWN
	39 46
	42 46
	48 46
	52 45
	56 45
	59 45
	63 45
	66 45
	69 45
	73 45
	76 46
	79 47
	80 47
.PEN_UP
.PEN_DOWN
	60 43
	61 40
	62 35
	62 32
	62 29
	62 25
	63 21
	63 18
	64 15
	64 12
	65 9
	66 6
	66 3
	66 0
	67 0
.PEN_UP
.PEN_DOWN
	35 81
	38 79
	38 76
	39 72
	39 69
	40 64
	40 61
	40 58
	40 54
	40 51
	39 48
	39 45
	38 42
	38 38
	38 35
	38 32
	39 29
	39 26
	39 23
	38 20
	38 17
	39 17
.PEN_UP
.PEN_DOWN
	68 77
	65 78
	68 80
	68 83
	69 80
	69 76
	69 72
	69 68
	70 65
	70 62
	70 59
	70 56
	70 51
	70 48
	70 45
	70 42
	70 38
	71 35
	72 32
	73 28
	74 24
	74 21
	73 18
	73 15
	72 12
	72 9
	72 6
	73 3
	74 0
	74 3
	74 4
.PEN_UP
.PEN_DOWN
	43 34
	46 35
	49 35
	52 36
	55 36
	58 37
	61 38
	64 38
	68 38
	72 39
	75 39
	75 37
.PEN_UP
.PEN_DOWN
0 0
.PEN_UP
.PEN_DOWN
0 0
.PEN_UP
.PEN_DOWN
0 0
.PEN_UP
.PEN_DOWN
0 0
.PEN_UP
.PEN_DOWN
0 0
.PEN_UP
.PEN_DOWN
	30 73
	32 70
	33 67
	34 62
	35 58
	36 55
	36 52
	36 49
	37 42
	37 38
	38 35
	38 31
	38 27
	39 24
	39 20
	39 15
	39 12
	39 9
	39 6
	39 3
	39 0
	38 2
.PEN_UP
.PEN_DOWN
	62 72
	58 68
	57 65
	55 62
	53 59
	51 56
	50 53
	47 50
	46 45
	45 42
	42 40
	39 37
	36 34
	33 31
	30 28
	30 31
	33 33
	36 35
	39 36
	42 36
	45 36
	48 33
	51 31
	54 29
	57 26
	60 23
	62 20
	66 17
	68 14
	71 11
	73 8
	75 4
	78 2
	81 1
	83 0
.PEN_UP
.PEN_DOWN
	18 47
	21 49
	24 52
	29 53
	31 56
	34 57
	37 61
	39 64
	41 68
	44 70
	45 73
	46 76
	47 82
	44 82
	43 79
	39 73
	39 70
	38 67
	38 64
	37 60
	37 55
	37 52
	37 49
	36 46
	36 42
	36 37
	35 34
	35 31
	35 28
	35 25
	35 22
	35 18
	34 15
	33 12
	32 8
	31 5
	28 3
	24 2
	21 1
	18 0
	15 1
	15 5
	15 8
	18 10
	21 10
	24 11
	27 11
	30 10
	33 10
	36 10
	39 10
	44 7
	47 6
	50 5
	53 4
	56 4
	59 5
	62 5
.PEN_UP
.PEN_DOWN
	14 80
	14 77
	14 73
	14 70
	14 64
	14 59
	14 56
	14 52
	14 48
	14 44
	14 41
	14 37
	14 34
	14 30
	14 27
	15 24
	15 20
	15 17
	15 14
	15 11
	15 8
	15 5
	15 8
	15 11
.PEN_UP
.PEN_DOWN
	12 75
	15 72
	18 69
	21 66
	21 63
	25 60
	27 57
	30 54
	34 51
	37 50
	40 50
	43 52
	44 55
	46 58
	47 62
	50 65
	50 68
	50 71
	53 74
	53 77
	55 80
	56 83
	58 79
	58 76
	58 73
	58 70
	58 64
	58 61
	58 56
	57 52
	57 49
	57 45
	57 41
	57 36
	56 33
	56 29
	55 25
	56 22
	56 19
	56 16
	57 12
	57 9
	57 6
	57 3
	58 0
	58 1
.PEN_UP
.PEN_DOWN
	30 76
	30 72
	30 67
	30 63
	30 60
	30 57
	30 53
	30 49
	30 46
	29 43
	29 36
	28 33
	28 30
	28 27
	28 24
	28 21
	28 17
	28 13
	28 10
	29 7
	29 4
	29 1
	28 4
	29 4
.PEN_UP
.PEN_DOWN
	28 68
	30 65
	32 62
	35 60
	37 55
	40 54
	42 50
	44 46
	48 45
	49 42
	52 38
	55 33
	57 29
	60 26
	61 23
	61 20
	64 18
	65 15
	67 11
	70 9
	70 12
.PEN_UP
.PEN_DOWN
	63 76
	63 73
	64 70
	64 66
	66 62
	66 58
	66 54
	68 48
	68 44
	69 39
	69 34
	69 31
	69 28
	70 23
	71 20
	71 17
	71 13
	71 9
	71 6
	71 3
	72 0
	72 1
.PEN_UP
.PEN_DOWN
	48 85
	45 86
	42 86
	39 85
	36 82
	31 78
	30 75
	29 71
	27 67
	26 64
	25 60
	25 57
	24 54
	24 51
	24 47
	23 44
	23 40
	23 37
	23 34
	23 31
	23 28
	24 24
	25 21
	27 18
	28 15
	30 12
	31 9
	32 6
	33 3
	36 1
	39 0
	42 1
	46 4
	48 7
	51 10
	54 13
	58 16
	59 20
	62 22
	62 26
	64 29
	66 32
	68 36
	69 39
	70 42
	71 45
	72 49
	73 52
	73 56
	73 59
	71 62
	70 65
	70 68
	68 71
	66 74
	63 77
	60 79
	57 81
	54 82
	51 84
	48 85
	45 85
	42 86
	42 82
	43 82
.PEN_UP
.PEN_DOWN
	26 83
	28 80
	28 76
	29 73
	29 69
	29 66
	29 62
	29 58
	28 55
	28 50
	28 47
	28 41
	28 38
	28 34
	28 31
	28 28
	28 25
	28 22
	27 19
	27 15
	27 12
	26 9
	26 6
	26 3
	26 0
	26 3
	25 2
.PEN_UP
.PEN_DOWN
	26 78
	26 81
	28 84
	31 85
	34 85
	37 85
	40 86
	43 86
	46 85
	49 83
	52 82
	55 79
	58 76
	58 73
	59 70
	59 67
	59 64
	59 61
	59 58
	55 55
	52 53
	49 52
	45 50
	41 50
	38 49
	35 48
	31 48
	28 48
	25 47
	28 46
	31 48
	36 50
	41 50
	46 51
	47 52
.PEN_UP
.PEN_DOWN
0 0
.PEN_UP
.PEN_DOWN
0 0
.PEN_UP
.PEN_DOWN
	35 79
	35 83
	35 86
	35 83
	35 80
	35 76
	36 73
	37 70
	37 66
	37 63
	37 59
	37 54
	38 50
	38 45
	38 42
	39 39
	39 35
	39 32
	39 28
	39 23
	39 19
	39 16
	40 12
	40 9
	40 6
	41 2
	38 1
.PEN_UP
.PEN_DOWN
	34 83
	37 84
	40 85
	43 85
	47 85
	50 85
	53 84
	57 84
	61 82
	64 80
	67 79
	70 76
	73 74
	74 71
	74 68
	73 65
	73 62
	72 59
	70 56
	67 53
	64 50
	60 48
	57 47
	54 45
	51 44
	48 43
	44 42
	41 40
	38 38
	35 42
	35 45
	38 46
	41 45
	45 44
	48 42
	52 39
	55 35
	58 33
	60 30
	63 26
	67 24
	69 21
	71 18
	74 16
	76 13
	80 12
	82 9
	83 6
	86 5
	87 2
	90 0
	93 0
.PEN_UP
.PEN_DOWN
	65 74
	63 77
	59 79
	55 79
	52 78
	49 77
	46 76
	45 73
	43 70
	42 67
	41 64
	41 61
	43 58
	46 56
	49 55
	52 54
	55 54
	58 53
	61 51
	64 50
	67 47
	69 44
	72 41
	72 38
	73 35
	74 32
	74 29
	75 26
	76 23
	75 19
	75 16
	73 13
	72 10
	70 7
	67 5
	64 4
	61 1
	58 0
	55 0
	52 0
	49 1
	45 2
	42 3
	38 4
	35 5
	32 6
	30 9
	27 10
	24 12
	22 15
	20 18
	20 21
	20 24
	24 25
.PEN_UP
.PEN_DOWN
0 0
.PEN_UP
.PEN_DOWN
0 0
.PEN_UP
.PEN_DOWN
0 0
.PEN_UP
.PEN_DOWN
	16 80
	18 83
	21 83
	24 82
	26 79
	28 76
	29 72
	29 69
	30 66
	30 63
	30 59
	30 56
	30 52
	31 49
	31 46
	31 43
	31 40
	31 36
	32 33
	33 30
	34 26
	34 21
	35 18
	35 15
	36 12
	37 9
	38 6
	38 3
	41 2
	44 0
	47 0
	50 2
	51 5
	52 8
	54 11
	54 14
	55 17
	55 20
	57 23
	57 26
	57 29
	58 34
	58 37
	59 41
	59 45
	59 48
	60 51
	60 54
	60 57
	60 60
	58 63
	58 66
	58 69
	58 72
	57 75
	55 79
	55 82
	55 85
	57 85
.PEN_UP
.PEN_DOWN
	21 83
	21 80
	21 76
	21 73
	21 69
	21 66
	21 63
	21 58
	21 54
	20 50
	20 46
	20 42
	20 39
	20 36
	20 33
	20 30
	20 27
	21 24
	21 21
	21 18
	22 15
	22 12
	22 9
	23 6
	24 3
	27 5
	28 8
	30 11
	32 14
	33 17
	35 20
	36 24
	36 27
	37 30
	38 33
	39 36
	41 39
	43 36
	43 33
	43 30
	44 26
	44 23
	45 19
	47 16
	48 13
	48 9
	49 6
	50 3
	52 0
	55 0
	56 3
	59 6
	61 9
	62 12
	63 16
	64 19
	66 25
	67 29
	68 32
	68 36
	69 40
	70 43
	70 46
	71 49
	72 52
	73 56
	73 60
	74 63
	74 67
	75 70
	76 74
	76 77
	76 80
	76 83
	77 86
	78 83
.PEN_UP
.PEN_DOWN
0 0
.PEN_UP
.PEN_DOWN
0 0
.PEN_UP
.PEN_DOWN
0 0
.PEN_UP
.PEN_DOWN
0 0
.PEN_UP
.PEN_DOWN
	27 79
	31 79
	34 79
	38 79
	41 79
	44 80
	48 80
	52 80
	55 80
	59 82
	62 82
	65 82
	68 82
	74 83
	71 76
	69 73
	67 69
	67 66
	64 63
	62 59
	62 56
	62 53
	59 52
	58 48
	56 44
	54 40
	52 37
	50 34
	48 31
	48 28
	46 25
	44 21
	43 18
	42 15
	40 10
	38 7
	35 5
	34 2
	31 0
	34 0
	37 0
	43 1
	47 1
	51 3
	54 3
	59 3
	63 3
	66 2
	69 2
	74 2
	77 1
.PEN_UP
.PEN_DOWN
	28 32
	31 32
	35 32
	38 31
	41 31
	45 31
	48 31
	51 31
	55 31
	58 31
	61 31
	66 31
	69 31
	72 31
	75 30
	77 30
.PEN_UP
.PEN_DOWN
	46 74
	45 71
	45 67
	45 63
	44 59
	44 56
	44 51
	42 48
	42 43
	42 37
	41 34
	39 29
	39 26
	38 22
	37 18
	37 13
	37 9
	36 6
	36 3
	35 0
	35 3
.PEN_UP
.PEN_DOWN
	45 68
	45 65
	47 61
	48 57
	49 54
	49 51
	51 48
	52 44
	55 38
	56 35
	57 31
	58 27
	60 24
	62 21
	63 18
	65 15
	66 12
	68 9
	69 6
	69 7
.PEN_UP
.PEN_DOWN
	43 33
	46 33
	50 33
	53 33
	56 33
	59 34
	62 34
	63 34
.PEN_UP
.PEN_DOWN
	30 72
	30 69
	30 66
	31 63
	32 60
	32 56
	32 53
	32 50
	32 46
	32 42
	32 38
	32 35
	32 32
	32 29
	33 26
	33 23
	33 19
	33 16
	33 13
	34 10
	34 7
	34 4
	35 1
	35 5
	35 8
.PEN_UP
.PEN_DOWN
	21 66
	24 67
	30 68
	33 68
	36 68
	40 68
	43 67
	46 67
	49 67
	53 67
	56 65
	59 63
	62 62
	65 59
	66 56
	65 53
	62 50
	58 47
	55 44
	52 42
	49 40
	46 38
	42 36
	37 34
	34 34
	31 33
	34 34
	37 36
	40 36
	43 37
	46 37
	49 37
	52 37
	56 37
	59 38
	63 37
	66 37
	69 36
	71 33
	74 31
	76 28
	76 25
	76 22
	76 19
	76 16
	76 13
	74 10
	73 7
	71 4
	67 2
	63 1
	59 0
	56 0
	53 0
	49 0
	46 0
	43 0
	40 0
	36 0
	33 0
	31 3
	30 3
.PEN_UP
.PEN_DOWN
0 0
.PEN_UP
.PEN_DOWN
0 0
.PEN_UP
.PEN_DOWN
0 0
.PEN_UP
.PEN_DOWN
0 0
.PEN_UP
.PEN_DOWN
0 0
.PEN_UP
.PEN_DOWN
0 0
.PEN_UP
.PEN_DOWN
0 0
.PEN_UP
.PEN_DOWN
0 0
.PEN_UP
.PEN_DOWN
0 0
.PEN_UP
.PEN_DOWN
0 0
.PEN_UP
.PEN_DOWN
0 0
.PEN_UP
.PEN_DOWN
0 0
.PEN_UP
.PEN_DOWN
0 0
.PEN_UP
.PEN_DOWN
0 0
.PEN_UP
.PEN_DOWN
0 0
.PEN_UP
.PEN_DOWN
0 0
.PEN_UP
.PEN_DOWN
0 0
.PEN_UP
.PEN_DOWN
0 0
.PEN_UP
.PEN_DOWN
	23 80
	27 80
	30 79
	35 79
	39 79
	43 79
	47 79
	50 79
	54 79
	57 79
	61 79
	64 79
.PEN_UP
.PEN_DOWN
	45 77
	46 74
	46 71
	46 68
	47 65
	47 62
	48 59
	49 55
	49 51
	49 48
	49 45
	49 41
	49 38
	49 35
	49 31
	49 28
	49 24
	49 21
	49 18
	48 15
	47 12
	45 8
	41 6
	38 4
	35 2
	32 0
	29 1
	26 2
	23 3
	20 4
	17 6
	20 8
.PEN_UP
.PEN_DOWN
	31 79
	31 76
	31 72
	31 68
	31 64
	31 58
	31 54
	31 51
	31 48
	31 44
	31 40
	31 37
	31 34
	31 31
	31 28
	32 25
	32 22
	32 19
	33 16
	33 13
	33 10
	33 6
	33 3
	31 0
	31 3
	31 6
	33 7
.PEN_UP
.PEN_DOWN
	62 77
	60 74
	59 70
	57 65
	55 62
	51 57
	49 53
	47 50
	45 47
	42 43
	39 40
	35 38
	30 35
	27 34
	28 37
	30 41
	33 42
	36 42
	39 39
	42 37
	44 34
	47 32
	49 29
	51 26
	52 23
	54 20
	56 17
	57 14
	59 11
	60 8
	62 5
	64 2
	67 1
	70 0
	72 0
.PEN_UP
.PEN_DOWN
	22 51
	25 53
	29 54
	32 54
	35 56
	38 58
	40 61
	43 64
	46 67
	47 70
	49 73
	49 76
	50 79
	49 82
	46 82
	44 78
	41 74
	41 70
	40 67
	40 64
	40 61
	40 58
	40 55
	39 52
	39 49
	39 46
	39 43
	39 40
	39 36
	39 33
	39 30
	39 25
	38 21
	38 17
	37 14
	36 11
	33 9
	30 6
	28 3
	25 1
	22 0
	19 0
	16 2
	15 5
	14 8
	16 11
	19 11
	22 11
	26 10
	29 9
	32 7
	35 6
	38 4
	41 4
	44 3
	47 3
	50 3
	53 3
	56 4
	60 4
	63 6
	66 6
	70 7
.PEN_UP
.PEN_DOWN
0 0
.PEN_UP
.PEN_DOWN
0 0
.PEN_UP
.PEN_DOWN
	24 73
	24 70
	24 66
	24 62
	24 59
	24 55
	24 52
	24 48
	24 44
	24 39
	24 34
	24 31
	23 28
	23 25
	22 22
	21 17
	21 14
	21 11
	20 8
	20 5
	20 6
.PEN_UP
.PEN_DOWN
	23 69
	25 65
	26 62
	27 58
	28 55
	30 51
	31 48
	32 45
	35 42
	37 39
	37 36
	39 32
	40 28
	41 25
	43 22
	43 19
	45 16
	47 13
	49 13
.PEN_UP
.PEN_DOWN
	67 82
	65 78
	64 75
	63 71
	61 65
	61 62
	61 59
	60 55
	59 51
	59 47
	59 43
	57 39
	57 35
	56 31
	56 28
	55 25
	55 21
	55 18
	55 15
	54 12
	54 9
	54 6
	54 3
	53 0
	53 1
.PEN_UP
.PEN_DOWN
	43 82
	40 84
	37 85
	34 85
	31 82
	29 79
	27 75
	25 72
	25 69
	24 66
	22 62
	22 59
	22 56
	22 53
	21 50
	20 47
	20 44
	20 41
	20 38
	20 35
	21 32
	22 28
	22 25
	23 22
	24 18
	25 15
	26 12
	28 9
	32 6
	35 4
	38 2
	41 0
	44 0
	47 1
	50 3
	52 6
	55 9
	56 12
	58 15
	59 18
	61 22
	62 25
	64 28
	64 31
	65 35
	66 39
	66 42
	67 45
	66 50
	66 54
	65 57
	64 60
	63 63
	61 66
	58 69
	55 72
	52 74
	49 77
	46 78
	43 79
	40 80
	37 82
	38 79
.PEN_UP
.PEN_DOWN
0 0
.PEN_UP
.PEN_DOWN
0 0
.PEN_UP
.PEN_DOWN
	47 77
	44 78
	41 78
	38 79
	35 79
	31 77
	28 74
	25 71
	21 67
	19 64
	18 61
	17 58
	16 55
	14 51
	14 47
	14 44
	13 41
	13 38
	13 35
	13 32
	13 28
	14 24
	16 21
	18 18
	20 14
	21 11
	24 8
	27 6
	31 5
	34 5
	37 4
	40 3
	43 2
	47 3
	51 6
	53 9
	56 12
	58 15
	60 18
	62 21
	63 24
	64 27
	66 30
	66 33
	67 36
	67 40
	69 44
	69 47
	69 50
	69 53
	69 56
	68 60
	68 63
	68 66
	66 69
	64 72
	61 74
	59 77
	56 79
	53 80
	50 80
	47 80
	44 80
	43 78
.PEN_UP
.PEN_DOWN
	44 32
	46 29
	47 26
	49 22
	52 20
	54 16
	56 13
	59 11
	62 8
	65 6
	68 4
	71 1
	74 0
	73 3
	74 3
.PEN_UP
.PEN_DOWN
0 0
.PEN_UP
.PEN_DOWN
0 0
.PEN_UP
.PEN_DOWN
0 0
.PEN_UP
.PEN_DOWN
0 0
.PEN_UP
.PEN_DOWN
0 0
.PEN_UP
.PEN_DOWN
0 0
.PEN_UP
.PEN_DOWN
0 0
.PEN_UP
.PEN_DOWN
0 0
.PEN_UP
.PEN_DOWN
	38 76
	40 73
	43 69
	43 66
	46 63
	47 60
	50 58
	53 53
	56 50
	58 47
	61 44
	64 42
	66 38
	69 36
	70 33
	72 30
	73 26
	76 22
	78 19
	80 15
	83 12
	85 9
	87 6
	89 7
.PEN_UP
.PEN_DOWN
	76 77
	74 72
	72 69
	69 66
	68 62
	66 59
	64 54
	62 51
	61 48
	58 44
	58 41
	55 37
	53 33
	53 30
	50 27
	50 23
	48 20
	48 17
	46 14
	44 10
	42 7
	41 3
	39 0
	43 2
.PEN_UP
.PEN_DOWN
	22 92
	23 89
	24 85
	27 79
	30 75
	32 71
	33 67
	36 64
	39 61
	44 58
	46 55
	48 52
	50 49
	51 46
	52 47
.PEN_UP
.PEN_DOWN
	77 94
	75 90
	73 87
	72 84
	69 79
	66 75
	65 72
	63 68
	61 65
	59 62
	58 58
	57 55
	55 52
	54 48
	52 45
	50 42
	47 42
	50 45
	51 48
	51 45
	51 42
	52 39
	52 36
	52 33
	53 29
	53 25
	53 21
	53 18
	53 15
	53 12
	54 9
	54 6
	55 3
	55 0
	56 3
	56 6
.PEN_UP
.PEN_DOWN
	28 80
	31 80
	35 80
	39 79
	44 80
	48 80
	52 80
	55 80
	58 81
	61 81
	64 82
	64 79
	61 77
	59 73
	55 69
	54 65
	50 61
	50 58
	48 54
	47 51
	44 46
	41 42
	38 38
	37 35
	34 33
	32 29
	29 27
	28 24
	25 23
	22 19
	19 16
	16 13
	16 10
	13 8
	12 5
	15 6
	19 7
	22 7
	26 7
	29 7
	32 7
	36 7
	39 7
	42 6
	45 5
	48 5
	51 4
	55 3
	59 3
	62 2
	65 2
	68 1
	71 0
	74 0
	72 2
.PEN_UP
.PEN_DOWN
	23 42
	26 42
	29 40
	33 40
	36 39
	40 38
	44 38
	47 38
	52 37
	55 36
	58 36
	61 36
	64 36
	67 36
	70 35
	68 35
.PEN_UP
.PEN_DOWN
	27 80
	26 84
	27 87
	26 84
	25 80
	24 77
	23 73
	20 69
	20 66
	18 63
	16 58
	15 53
	14 48
	13 45
	12 42
	11 39
	10 35
	9 31
	8 28
	8 25
	6 22
	5 19
	5 16
	4 13
	3 9
	2 6
	2 3
	1 0
	0 3
	1 6
	5 8
.PEN_UP
.PEN_DOWN
	24 84
	27 80
	29 77
	31 74
	32 71
	34 68
	36 65
	39 61
	41 58
	43 54
	46 53
	48 50
	50 46
	53 44
	54 39
	57 36
	59 33
	61 30
	64 28
	65 25
	67 22
	69 19
	72 17
	75 15
	78 13
	79 10
	79 9
.PEN_UP
.PEN_DOWN
	17 43
	20 44
	23 44
	28 44
	31 44
	35 44
	39 44
	42 44
	45 44
	48 44
.PEN_UP
.PEN_DOWN
	34 76
	34 73
	34 69
	35 65
	35 62
	35 58
	35 54
	35 51
	35 48
	35 45
	35 42
	35 38
	34 35
	34 31
	34 27
	34 24
	33 20
	33 15
	33 12
	33 8
	33 5
	33 2
	33 4
.PEN_UP
.PEN_DOWN
	20 69
	23 70
	26 70
	30 71
	34 72
	37 72
	41 72
	44 72
	48 72
	51 72
	54 71
	57 70
	60 68
	63 66
	66 64
	67 61
	68 58
	68 55
	65 52
	63 49
	59 46
	56 44
	53 42
	50 39
	47 39
	44 38
	41 38
	38 38
	35 38
	32 38
	35 41
	38 42
	42 42
	45 42
	49 42
	52 43
	55 43
	59 43
	62 43
	65 43
	68 41
	71 38
	73 35
	76 32
	77 29
	78 26
	79 23
	77 20
	76 17
	73 14
	70 11
	67 8
	64 7
	60 5
	56 3
	53 2
	50 1
	47 0
	43 0
	40 0
	36 1
	33 2
	30 2
	27 2
	24 4
	24 7
	26 8
.PEN_UP
.PEN_DOWN
	53 58
	53 61
	50 64
	47 65
	44 67
	40 69
	37 69
	34 68
	32 65
	28 64
	25 62
	23 59
	20 55
	19 52
	18 49
	17 46
	17 43
	16 40
	16 37
	16 34
	16 30
	17 27
	17 24
	18 21
	19 17
	21 14
	24 11
	27 9
	30 6
	33 4
	36 3
	39 3
	42 3
	45 3
	48 3
	51 3
	54 2
	57 1
	60 0
	63 0
	66 0
	68 3
	69 6
	69 8
.PEN_UP
.PEN_DOWN
	20 87
	20 84
	20 81
	21 77
	21 74
	21 70
	21 67
	21 64
	22 60
	22 56
	22 53
	22 49
	22 46
	22 42
	22 39
	22 35
	22 31
	22 28
	22 25
	22 21
	22 18
	22 14
	22 11
	22 6
	23 3
	23 0
	23 3
	22 12
.PEN_UP
.PEN_DOWN
	15 84
	15 87
	18 89
	21 89
	25 90
	29 91
	33 91
	37 90
	42 90
	46 87
	49 85
	52 85
	55 84
	57 81
	59 78
	60 75
	61 72
	61 68
	63 65
	63 62
	62 59
	60 56
	59 53
	58 50
	55 48
	55 45
	52 41
	50 38
	48 35
	45 32
	41 29
	38 26
	35 25
	32 23
	29 23
	26 22
	23 22
	20 22
	17 21
	14 21
	16 21
.PEN_UP
.PEN_DOWN
0 0
.PEN_UP
.PEN_DOWN
0 0
.PEN_UP
.PEN_DOWN
0 0
.PEN_UP
.PEN_DOWN
	20 81
	24 82
	27 82
	31 83
	35 83
	44 83
	48 84
	52 84
	55 84
	59 85
	62 85
	65 85
	62 85
	61 84
.PEN_UP
.PEN_DOWN
	24 79
	25 76
	25 73
	26 69
	26 64
	27 59
	27 55
	28 51
	28 47
	28 44
	29 39
	29 35
	30 31
	30 28
	30 25
	30 22
	30 18
	30 15
	29 12
	28 7
	28 3
	28 0
	27 3
	27 7
	30 10
.PEN_UP
.PEN_DOWN
	25 47
	29 47
	32 48
	36 48
	40 48
	44 48
	48 48
	52 48
	56 48
	61 48
	65 48
	66 49
.PEN_UP
.PEN_DOWN
	54 94
	52 97
	49 98
	46 98
	43 97
	39 95
	36 93
	33 93
	31 90
	28 87
	27 84
	25 81
	24 77
	23 74
	23 70
	23 66
	23 62
	22 59
	22 55
	23 51
	25 46
	26 43
	28 39
	30 36
	31 31
	32 28
	35 26
	38 26
	41 25
	44 25
	47 26
	50 26
	53 26
	56 26
	59 27
	62 27
	65 27
	67 29
.PEN_UP
.PEN_DOWN
	38 55
	42 55
	46 55
	49 55
	53 55
	57 55
	60 56
	64 56
	68 56
	71 56
	74 56
	76 55
.PEN_UP
.PEN_DOWN
	59 51
	59 47
	60 43
	60 40
	61 35
	61 31
	61 27
	62 24
	64 20
	64 17
	64 14
	64 10
	65 7
	65 3
	65 0
	65 3
	65 8
	66 9
.PEN_UP
.PEN_DOWN
	32 81
	32 77
	32 73
	33 69
	33 65
	33 60
	33 54
	33 51
	33 48
	33 45
	32 41
	32 36
	31 32
	31 29
	31 25
	31 21
	31 18
	31 15
	30 12
	30 9
	30 6
	30 9
	30 12
	31 14
.PEN_UP
.PEN_DOWN
	61 83
	61 79
	61 76
	62 71
	62 67
	62 62
	63 58
	63 55
	63 52
	63 49
	63 44
	64 41
	64 32
	64 29
	64 25
	64 21
	64 18
	64 15
	64 12
	64 9
	64 6
	64 3
	65 0
	64 3
	64 6
.PEN_UP
.PEN_DOWN
	33 44
	39 44
	43 44
	46 44
	50 45
	53 45
	60 45
	63 45
	66 45
	66 46
.PEN_UP
.PEN_DOWN
0 0
.PEN_UP
.PEN_DOWN
0 0
.PEN_UP
.PEN_DOWN
0 0
.PEN_UP
.PEN_DOWN
	31 69
	34 68
	37 68
	40 68
	43 67
	48 67
	51 66
	56 66
	60 66
	64 66
	67 66
	70 66
	73 66
	71 65
.PEN_UP
.PEN_DOWN
	47 61
	48 58
	48 55
	49 52
	49 48
	50 45
	50 42
	50 39
	50 35
	50 31
	50 27
	50 24
	50 21
	49 18
	49 15
	48 12
	46 9
	44 6
	41 5
	38 3
	35 1
	32 0
	29 0
	26 2
	23 4
	20 6
	19 9
	20 11
.PEN_UP
.PEN_DOWN
0 0
.PEN_UP
.PEN_DOWN
0 0
.PEN_UP
.PEN_DOWN
	26 38
	29 39
	33 40
	38 42
	41 43
	44 43
	47 45
	51 47
	55 49
	58 51
	61 53
	64 54
	66 57
	69 61
	71 64
	71 67
	72 70
	72 73
	73 76
	73 79
	73 82
	73 85
	70 85
	68 82
	65 79
	64 76
	62 72
	61 69
	60 66
	59 63
	59 60
	58 57
	58 54
	58 51
	58 47
	58 44
	58 41
	58 37
	58 34
	58 31
	58 28
	56 25
	56 22
	54 18
	53 15
	50 12
	48 9
	45 6
	42 4
	39 2
	36 1
	32 3
	32 6
	31 9
	31 12
	34 14
	37 16
	41 16
	44 14
	49 11
	51 8
	54 6
	58 4
	62 3
	65 1
	69 0
	72 0
	75 1
	76 1
.PEN_UP
.PEN_DOWN
0 0
.PEN_UP
.PEN_DOWN
0 0
.PEN_UP
.PEN_DOWN
0 0
.PEN_UP
.PEN_DOWN
0 0
.PEN_UP
.PEN_DOWN
0 0
.PEN_UP
.PEN_DOWN
0 0
.PEN_UP
.PEN_DOWN
	23 83
	24 80
	24 77
	24 74
	24 71
	24 67
	24 62
	24 58
	24 54
	24 50
	24 47
	24 43
	24 39
	24 35
	24 32
	24 26
	25 23
	25 20
	25 16
	25 12
	25 9
	25 6
	25 3
	25 0
	25 1
.PEN_UP
.PEN_DOWN
	16 79
	19 81
	22 82
	27 82
	31 83
	35 83
	39 83
	43 83
	47 83
	50 82
	53 81
	56 79
	58 76
	60 73
	61 70
	61 67
	60 63
	57 60
	55 57
	54 54
	52 51
	49 48
	46 46
	42 45
	38 45
	35 44
	32 43
	29 43
	26 43
	23 42
.PEN_UP
.PEN_DOWN
	51 80
	48 81
	45 82
	42 82
	39 81
	36 79
	33 78
	29 74
	26 71
	25 68
	24 65
	22 62
	21 59
	21 56
	20 53
	20 50
	19 47
	19 42
	19 39
	19 36
	19 33
	20 30
	20 26
	20 23
	22 20
	22 17
	23 14
	24 11
	26 8
	30 6
	33 4
	36 3
	39 1
	42 0
	45 0
	48 0
	51 3
	53 6
	54 10
	56 13
	58 16
	60 19
	62 23
	63 27
	64 31
	65 36
	66 39
	67 42
	68 45
	68 48
	68 52
	68 55
	68 58
	66 61
	65 64
	64 67
	63 70
	62 73
	59 76
	57 79
	54 82
	51 83
	50 83
.PEN_UP
.PEN_DOWN
	44 25
	47 22
	50 17
	53 14
	56 12
	59 9
	62 7
	63 4
	64 7
.PEN_UP
.PEN_DOWN
	29 70
	29 67
	29 64
	29 60
	30 53
	30 49
	30 46
	30 43
	30 40
	30 37
	30 33
	30 29
	30 25
	30 21
	30 18
	30 15
	31 11
	31 8
	32 4
	32 1
	33 3
.PEN_UP
.PEN_DOWN
	23 65
	26 66
	29 66
	34 66
	38 66
	41 66
	44 66
	49 65
	52 64
	55 64
	61 63
	64 62
	67 61
	70 60
	73 57
	74 54
	74 51
	71 48
	68 44
	65 42
	62 41
	59 40
	56 38
	52 36
	48 35
	43 35
	40 35
	37 37
	34 38
	32 41
	35 41
	38 40
	41 39
	45 36
	48 33
	50 29
	53 25
	55 22
	56 18
	57 15
	59 12
	61 9
	62 6
	64 3
	67 1
	70 0
	71 0
.PEN_UP
.PEN_DOWN
	65 51
	67 54
	67 57
	67 60
	65 63
	64 66
	60 68
	58 71
	55 71
	51 73
	48 74
	44 74
	41 72
	38 70
	36 67
	34 64
	33 61
	32 58
	32 55
	32 51
	32 48
	33 45
	34 42
	38 39
	43 38
	46 37
	49 37
	52 36
	55 35
	58 33
	61 32
	63 29
	64 26
	64 23
	64 20
	63 17
	63 14
	61 11
	59 8
	57 5
	54 3
	51 1
	46 0
	43 0
	40 0
	37 0
	34 1
	31 2
	28 3
	25 4
	22 4
	19 6
	15 8
	14 11
	14 14
	15 18
.PEN_UP
.PEN_DOWN
0 0
.PEN_UP
.PEN_DOWN
0 0
.PEN_UP
.PEN_DOWN
0 0
.PEN_UP
.PEN_DOWN
0 0
.PEN_UP
.PEN_DOWN
	14 70
	15 67
	16 63
	16 60
	16 56
	17 49
	17 45
	18 41
	18 38
	19 33
	20 29
	20 25
	20 22
	22 19
	22 16
	24 13
	25 10
	27 7
	28 4
	29 1
	32 0
	33 3
	34 6
	35 9
	38 13
	39 17
	40 20
	41 23
	41 27
	43 30
	44 33
	45 36
	46 39
	47 42
	49 45
	50 41
	50 36
	51 33
	51 30
	52 26
	52 22
	52 19
	53 15
	53 12
	55 9
	57 6
	58 3
	61 2
	64 4
	66 7
	68 10
	70 13
	71 19
	71 23
	73 27
	73 30
	74 34
	75 37
	75 41
	75 44
	74 47
	74 50
	74 53
	74 56
	75 59
	76 62
	76 65
	77 69
	78 73
	79 76
	80 76
.PEN_UP
.PEN_DOWN
0 0
.PEN_UP
.PEN_DOWN
0 0
.PEN_UP
.PEN_DOWN
	31 78
	33 75
	36 72
	39 67
	41 64
	43 61
	45 58
	46 55
	48 52
	50 49
	52 46
	55 44
	55 47
.PEN_UP
.PEN_DOWN
	76 77
	73 74
	71 71
	69 68
	66 65
	65 60
	62 58
	60 54
	57 51
	55 48
	54 45
	53 42
	50 40
	49 37
	46 35
	48 38
	49 41
	52 42
	52 39
	53 36
	53 33
	53 29
	53 25
	53 22
	53 19
	53 16
	53 13
	53 10
	54 6
	54 3
	54 0
	54 3
	54 5
.PEN_UP
.PEN_DOWN
	20 69
	24 69
	28 69
	31 69
	34 69
	37 68
	43 68
	46 68
	49 68
	52 69
	55 69
	58 70
	61 71
	64 72
	61 69
	59 66
	56 64
	55 61
	54 58
	51 55
	49 52
	47 49
	45 46
	42 43
	41 40
	38 36
	35 32
	32 29
	30 25
	27 23
	26 20
	24 17
	21 13
	18 9
	14 6
	11 4
	8 1
	9 4
	12 7
	15 9
	18 10
	22 10
	25 9
	28 8
	31 8
	34 7
	37 7
	41 6
	44 6
	47 5
	50 4
	53 4
	57 4
	60 3
	63 3
	66 1
	69 0
	66 1
	63 2
.PEN_UP
.PEN_DOWN
	11 42
	14 41
	17 41
	20 41
	23 40
	28 40
	32 38
	42 41
	41 36
	45 35
	49 33
	52 33
	59 32
	65 31
.PEN_UP
.PEN_DOWN
	29 93
	29 90
	28 86
	28 82
	26 78
	26 73
	25 70
	25 67
	24 59
	23 53
	23 49
	22 46
	21 41
	20 38
	19 33
	18 30
	16 25
	15 20
	15 16
	15 13
	14 9
	13 6
	13 3
	13 0
	13 3
	13 6
	14 10
.PEN_UP
.PEN_DOWN
	26 85
	26 88
	29 86
	32 82
	35 78
	37 74
	40 68
	42 65
	45 61
	47 58
	48 55
	48 52
	50 49
	53 44
	54 41
	56 38
	57 35
	59 32
	61 29
	63 26
	64 23
	66 20
	67 17
	66 18
.PEN_UP
.PEN_DOWN
	22 45
	25 47
	28 47
	31 48
	34 49
	37 50
	40 51
	44 51
	47 52
	51 52
	55 52
	58 53
	60 51
.PEN_UP
.PEN_DOWN
0 0
.PEN_UP
.PEN_DOWN
0 0
.PEN_UP
.PEN_DOWN
	56 75
	53 77
	50 77
	47 78
	44 79
	41 79
	38 79
	34 78
	31 77
	27 76
	24 75
	21 72
	18 71
	16 68
	14 65
	13 62
	11 59
	9 56
	7 53
	5 50
	4 46
	3 42
	2 38
	2 34
	2 30
	2 26
	2 22
	3 19
	4 16
	5 13
	8 11
	11 8
	14 6
	16 3
	19 1
	24 0
	27 0
	31 1
	34 2
	37 4
	41 5
	45 6
	48 7
	51 9
	53 12
	54 15
	56 17
.PEN_UP
.PEN_DOWN
	26 65
	28 62
	28 58
	29 54
	29 50
	29 47
	30 42
	30 38
	30 32
	30 28
	30 25
	30 21
	30 17
	30 13
	30 10
	29 6
	29 3
	29 0
	30 1
.PEN_UP
.PEN_DOWN
	17 55
	17 58
	20 59
	23 60
	26 61
	29 62
	33 62
	38 63
	41 63
	44 63
	47 63
	50 63
	53 63
	56 63
	59 63
	62 62
	65 61
	67 58
	69 55
	71 52
	71 49
	70 46
	69 43
	67 40
	65 37
	62 34
	60 31
	59 28
	56 25
	54 22
	50 20
	48 17
	45 16
	42 13
	39 12
	35 9
	31 7
	27 6
	24 5
	21 5
	18 5
	15 4
	16 6
.PEN_UP
.PEN_DOWN
	21 65
	24 66
	28 67
	34 67
	38 68
	42 68
	46 68
	50 68
	57 69
	56 68
.PEN_UP
.PEN_DOWN
	25 63
	26 59
	28 53
	29 50
	29 46
	30 43
	30 39
	29 36
	29 33
	29 29
	29 26
	29 22
	29 19
	29 16
	27 9
	25 6
	25 3
	25 0
	28 0
	31 1
	34 1
	37 2
	40 2
	44 2
	51 2
	54 2
	57 2
	60 2
	63 2
	66 2
	69 2
	68 3
.PEN_UP
.PEN_DOWN
	27 31
	30 31
	36 31
	39 31
	43 31
	46 31
	52 31
	56 31
	60 30
	65 30
	68 30
	71 30
	72 30
.PEN_UP
.PEN_DOWN
0 0
.PEN_UP
.PEN_DOWN
0 0
.PEN_UP
.PEN_DOWN
0 0
.PEN_UP
.PEN_DOWN
0 0
.PEN_UP
.PEN_DOWN
0 0
.PEN_UP
.PEN_DOWN
0 0
.PEN_UP
.PEN_DOWN
	29 74
	29 71
	30 67
	30 63
	30 58
	30 53
	30 49
	29 45
	27 38
	27 35
	27 30
	25 26
	25 22
	24 18
	24 15
	24 11
	24 8
	24 5
	24 2
	27 0
.PEN_UP
.PEN_DOWN
	60 80
	59 77
	59 73
	59 70
	58 65
	58 60
	58 56
	57 53
	57 50
	56 46
	56 43
	56 39
	56 35
	55 31
	55 27
	55 23
	54 19
	54 16
	54 13
	54 10
	54 7
	54 4
	54 7
	54 9
.PEN_UP
.PEN_DOWN
	22 45
	27 44
	30 44
	34 43
	39 42
	43 41
	46 40
	50 40
	53 39
	56 39
	57 36
.PEN_UP
.PEN_DOWN
	29 75
	33 75
	36 75
	40 75
	44 75
	47 75
	54 77
	57 77
	60 77
.PEN_UP
.PEN_DOWN
	44 70
	44 67
	45 64
	45 61
	45 57
	46 52
	46 49
	47 45
	47 41
	47 37
	49 33
	49 29
	49 26
	49 22
	49 19
	49 16
	50 12
	50 8
	51 5
	51 2
	51 0
.PEN_UP
.PEN_DOWN
	23 1
	26 2
	31 3
	35 3
	38 4
	43 5
	46 5
	49 5
	52 5
	55 6
	60 6
	65 6
	69 6
	72 6
	75 6
	76 6
.PEN_UP
.PEN_DOWN
	21 72
	24 72
	28 73
	31 74
	34 74
	38 74
	42 74
	47 75
	52 76
	56 76
	57 76
.PEN_UP
.PEN_DOWN
	43 69
	43 66
	44 63
	44 59
	45 55
	45 50
	45 46
	45 42
	46 38
	46 34
	46 29
	46 26
	46 23
	45 19
	44 16
	43 12
	42 9
	41 6
	40 3
	37 2
	34 1
	31 0
	28 0
	25 0
	22 0
	19 3
	16 3
	13 4
	13 7
	15 10
.PEN_UP
.PEN_DOWN
0 0
.PEN_UP
.PEN_DOWN
0 0
.PEN_UP
.PEN_DOWN
	7 55
	10 57
	13 57
	16 58
	20 59
	24 62
	29 64
	32 65
	35 67
	38 69
	40 72
	42 76
	44 79
	46 82
	46 85
	46 88
	40 89
	34 86
	33 83
	32 80
	32 77
	31 74
	30 71
	29 67
	29 62
	29 59
	28 55
	28 52
	27 49
	27 44
	27 40
	26 37
	25 34
	25 30
	23 27
	23 24
	22 21
	21 18
	21 15
	19 12
	16 9
	15 6
	13 2
	9 0
	6 3
	4 6
	4 9
	4 12
	5 15
	8 17
	11 18
	15 18
	18 18
	22 18
	26 17
	29 17
	32 16
	36 15
	39 15
	43 15
	48 15
	52 15
	56 15
	59 16
	62 16
	65 16
	68 16
	68 17
.PEN_UP
.PEN_DOWN
0 0
.PEN_UP
.PEN_DOWN
0 0
.PEN_UP
.PEN_DOWN
0 0
.PEN_UP
.PEN_DOWN
0 0
.PEN_UP
.PEN_DOWN
0 0
.PEN_UP
.PEN_DOWN
	67 60
	64 63
	61 65
	58 65
	55 66
	52 67
	49 67
	46 67
	43 67
	40 65
	37 63
	34 60
	31 56
	29 53
	28 50
	27 47
	25 42
	25 39
	24 36
	23 33
	23 29
	23 25
	23 22
	23 19
	23 15
	24 12
	25 9
	28 8
	32 6
	35 4
	38 3
	41 2
	44 0
	48 1
	51 2
	54 4
	57 7
	60 11
	62 15
	63 18
	65 21
	67 26
	68 29
	69 34
	70 37
	70 40
	70 43
	69 46
	68 49
	67 54
	66 58
	64 61
	60 63
	57 64
	54 65
	55 62
.PEN_UP
.PEN_DOWN
0 0
.PEN_UP
.PEN_DOWN
0 0
.PEN_UP
.PEN_DOWN
	49 69
	46 71
	42 70
	40 67
	38 64
	37 60
	34 56
	33 53
	32 50
	32 47
	31 43
	31 40
	31 36
	30 33
	30 29
	30 26
	30 22
	31 18
	32 13
	33 10
	35 7
	37 4
	41 3
	44 1
	47 1
	50 0
	53 1
	58 1
	60 4
	63 7
	66 9
	69 12
	71 16
	73 19
	75 22
	78 26
	79 29
	79 32
	79 35
	79 38
	78 41
	77 44
	76 48
	75 51
	71 55
	68 57
	65 59
	62 62
	59 63
	56 64
	53 65
	50 65
	50 64
.PEN_UP
.PEN_DOWN
	68 19
	69 16
	72 13
	75 10
	78 8
	80 5
	83 3
	83 5
.PEN_UP
.PEN_DOWN
	32 77
	32 74
	32 71
	32 68
	33 65
	33 59
	33 54
	34 50
	34 47
	34 43
	34 40
	34 37
	34 32
	34 29
	34 25
	34 22
	34 18
	34 15
	34 12
	35 12
.PEN_UP
.PEN_DOWN
	32 66
	36 67
	40 68
	43 70
	46 70
	51 70
	55 71
	59 71
	63 70
	66 70
	70 68
	73 65
	73 62
	74 59
	72 55
	70 50
	67 49
	64 45
	61 43
	58 41
	55 38
	52 36
	49 34
	46 33
	42 33
	39 33
	36 34
	39 33
	42 31
	46 29
	49 25
	52 22
	55 20
	59 17
	61 14
	64 11
	66 8
	69 5
	70 2
	73 0
	75 1
.PEN_UP
.PEN_DOWN
	54 64
	51 66
	49 69
	46 70
	43 70
	39 70
	36 69
	33 66
	30 63
	29 60
	27 57
	27 53
	30 50
	33 50
	38 49
	41 48
	44 48
	48 46
	51 46
	54 46
	58 45
	61 44
	65 42
	68 40
	71 37
	74 36
	77 33
	78 30
	78 27
	79 24
	79 21
	78 17
	77 14
	76 11
	72 7
	68 6
	65 5
	61 5
	58 4
	55 4
	52 1
	49 1
	45 1
	42 0
	38 0
	35 1
	32 2
	29 3
	26 4
	23 8
	23 11
	23 14
	23 19
	26 21
	28 21
.PEN_UP
.PEN_DOWN
0 0
.PEN_UP
.PEN_DOWN
0 0
.PEN_UP
.PEN_DOWN
	25 76
	25 72
	24 69
	23 66
	23 63
	23 59
	23 56
	23 53
	23 48
	22 45
	22 42
	22 39
	22 35
	22 32
	21 28
	21 24
	21 19
	22 16
	22 13
	22 10
	22 7
	22 4
	24 1
	27 0
	30 1
	33 3
	36 5
	39 6
	41 9
	44 12
	47 15
	49 18
	49 21
	52 25
	53 28
	53 31
	54 35
	55 38
	55 41
	56 44
	56 48
	58 52
	58 55
	58 58
	58 62
	58 65
	58 68
	57 72
	57 75
	56 72
	56 69
	56 66
	56 60
	56 56
	56 52
	56 47
	56 44
	57 41
	57 37
	57 34
	57 31
	58 28
	58 24
	58 20
	58 17
	60 14
	62 11
	65 10
	68 8
	71 7
	72 9
.PEN_UP
.PEN_DOWN
0 0
.PEN_UP
.PEN_DOWN
0 0
.PEN_UP
.PEN_DOWN
	19 81
	20 78
	22 75
	24 72
	26 69
	28 66
	30 63
	31 60
	34 58
	36 54
	37 51
	38 48
	39 45
	40 42
	41 38
	42 34
	42 31
	44 28
	45 25
	46 22
	48 19
	49 16
	51 13
	52 10
	55 7
	58 5
	60 2
	63 0
	64 3
.PEN_UP
.PEN_DOWN
	71 81
	68 79
	65 75
	63 72
	62 69
	59 67
	58 64
	55 61
	53 58
	51 55
	49 51
	46 48
	44 45
	41 42
	39 39
	37 36
	35 32
	32 30
	29 27
	27 23
	24 21
	23 18
	21 15
	18 12
	17 9
	15 6
	12 4
	15 6
	18 7
.PEN_UP
.PEN_DOWN
	13 79
	16 77
	18 72
	20 69
	22 65
	24 60
	27 56
	30 53
	33 49
	36 46
	38 47
.PEN_UP
.PEN_DOWN
	62 84
	60 81
	57 80
	56 77
	53 73
	52 70
	50 67
	48 63
	45 61
	45 58
	44 55
	42 52
	41 49
	38 48
	37 45
	37 41
	38 36
	38 33
	38 29
	38 26
	39 22
	39 19
	40 15
	41 12
	41 9
	41 6
	42 3
	42 0
	43 2
.PEN_UP
.PEN_DOWN
0 0
.PEN_UP
.PEN_DOWN
0 0
.PEN_UP
.PEN_DOWN
0 0
.PEN_UP
.PEN_DOWN
0 0
.PEN_UP
.PEN_DOWN
0 0
.PEN_UP
.PEN_DOWN
	33 73
	34 69
	34 64
	34 61
	34 58
	34 53
	36 50
	36 47
	37 42
	37 38
	37 35
	38 32
	38 27
	38 24
	39 19
	39 15
	39 11
	39 8
	39 4
	40 1
	39 0
.PEN_UP
.PEN_DOWN
	27 70
	30 70
	33 71
	37 73
	42 73
	49 73
	52 73
	55 73
	58 72
	61 71
	64 70
	66 66
	67 63
	67 60
	67 56
	65 51
	63 48
	60 44
	57 43
	55 40
	50 39
	47 39
	44 38
	41 38
	37 37
	33 36
	30 36
	33 38
	36 38
	40 39
	45 39
	48 39
	54 39
	57 38
	60 38
	63 37
	66 35
	69 33
	72 33
	75 30
	76 27
	77 24
	77 21
	75 18
	73 15
	70 12
	67 9
	64 8
	59 6
	55 4
	52 3
	48 2
	45 1
	42 1
	39 1
	36 1
	32 1
	29 1
	26 1
	29 2
	30 2
.PEN_UP
.PEN_DOWN
0 0
.PEN_UP
.PEN_DOWN
	22 79
	22 76
	22 73
	22 70
	21 66
	21 62
	20 57
	20 54
	20 46
	19 42
	19 39
	18 35
	18 31
	18 28
	18 25
	17 22
	17 18
	17 15
	16 11
	16 7
	16 4
	16 0
	19 0
.PEN_UP
.PEN_DOWN
	16 60
	20 60
	23 62
	28 62
	32 62
	36 62
	40 62
	43 61
	46 60
	50 58
	53 55
	55 52
	55 49
	56 46
	56 43
	57 39
	56 36
	54 32
	52 29
	49 26
	47 23
	44 20
	43 17
	39 14
	34 12
	30 10
	27 10
	24 9
	20 9
	17 9
	14 10
	11 12
	14 12
.PEN_UP
.PEN_DOWN
0 0
.PEN_UP
.PEN_DOWN
0 0
.PEN_UP
.PEN_DOWN
0 0
.PEN_UP
.PEN_DOWN
0 0
.PEN_UP
.PEN_DOWN
0 0
.PEN_UP
.PEN_DOWN
0 0
.PEN_UP
.PEN_DOWN
0 0
.PEN_UP
.PEN_DOWN
0 0
.PEN_UP
.PEN_DOWN
0 0
.PEN_UP
.PEN_DOWN
	29 81
	29 77
	29 73
	29 68
	29 64
	29 61
	29 57
	29 53
	30 49
	30 46
	31 42
	31 37
	31 34
	31 31
	31 28
	31 24
	31 21
	31 18
	33 17
.PEN_UP
.PEN_DOWN
	62 83
	61 79
	61 75
	61 72
	61 67
	61 62
	61 59
	61 54
	61 51
	61 46
	61 42
	61 37
	62 34
	62 29
	62 23
	62 19
	62 16
	63 12
	63 9
	63 6
	62 3
	61 0
	61 4
.PEN_UP
.PEN_DOWN
	28 49
	31 49
	35 49
	38 49
	41 49
	45 50
	51 50
	54 50
	58 50
	62 50
	65 50
	68 50
	69 50
.PEN_UP
.PEN_DOWN
	35 77
	38 77
	42 77
	46 77
	50 77
	53 77
	51 77
.PEN_UP
.PEN_DOWN
	41 74
	42 70
	42 66
	42 63
	42 59
	42 55
	42 51
	43 48
	43 44
	43 40
	43 36
	44 32
	45 29
	46 26
	46 23
	46 20
	47 16
	47 13
	47 10
	47 7
	48 4
	48 1
	49 0
.PEN_UP
.PEN_DOWN
	26 8
	29 8
	32 8
	35 9
	38 9
	41 9
	44 10
	49 10
	52 10
	55 10
	58 10
	61 10
	64 10
	67 10
	70 10
	73 10
	76 10
	77 9
.PEN_UP
.PEN_DOWN
	27 74
	30 74
	33 74
	36 74
	40 74
	44 74
	47 74
	51 73
	54 73
	57 73
	60 73
	63 73
	66 73
.PEN_UP
.PEN_DOWN
	45 70
	45 66
	46 63
	46 60
	48 57
	48 53
	48 50
	48 46
	49 43
	50 39
	51 36
	51 33
	51 29
	51 26
	51 22
	51 19
	51 14
	50 10
	49 7
	47 4
	43 2
	40 0
	36 0
	33 0
	30 0
	27 2
	24 2
	21 3
	18 5
	16 8
	15 11
	15 14
	16 16
.PEN_UP
.PEN_DOWN
0 0
.PEN_UP
.PEN_DOWN
0 0
.PEN_UP
.PEN_DOWN
0 0
.PEN_UP
.PEN_DOWN
0 0
.PEN_UP
.PEN_DOWN
0 0
.PEN_UP
.PEN_DOWN
0 0
.PEN_UP
.PEN_DOWN
0 0
.PEN_UP
.PEN_DOWN
0 0
.PEN_UP
.PEN_DOWN
	42 73
	39 73
	36 73
	33 72
	30 71
	26 69
	23 68
	21 65
	19 62
	17 59
	15 55
	15 52
	14 49
	13 45
	13 42
	14 37
	15 33
	16 30
	16 26
	18 23
	19 20
	22 15
	24 12
	27 10
	28 7
	30 3
	33 3
	36 1
	40 0
	43 0
	46 0
	49 3
	52 6
	53 9
	54 13
	55 17
	57 22
	58 26
	60 31
	60 34
	60 37
	61 41
	61 46
	61 49
	61 52
	60 55
	59 59
	57 63
	55 67
	53 70
	50 71
	47 73
	44 73
	41 73
	38 74
	35 74
	31 73
	28 72
	28 70
.PEN_UP
.PEN_DOWN
	29 76
	28 73
	28 69
	28 66
	28 61
	28 58
	29 55
	29 52
	29 49
	30 46
	31 39
	31 35
	31 31
	32 26
	32 22
	33 18
	33 14
	33 10
	33 7
	33 4
	35 0
	35 2
.PEN_UP
.PEN_DOWN
	26 65
	30 67
	35 69
	38 70
	41 71
	45 71
	49 71
	52 70
	54 67
	56 64
	59 61
	60 57
	60 54
	59 51
	59 48
	57 45
	54 42
	51 40
	48 38
	44 37
	41 35
	37 34
	33 32
	30 32
	27 31
	31 30
.PEN_UP
.PEN_DOWN
	56 80
	53 80
	49 80
	46 80
	43 79
	40 78
	37 74
	34 71
	33 68
	31 65
	30 61
	28 57
	27 53
	26 50
	25 47
	24 44
	24 40
	23 37
	23 34
	23 31
	23 28
	23 25
	24 19
	25 15
	25 12
	27 9
	30 7
	35 6
	38 4
	41 2
	44 1
	48 0
	51 1
	53 4
	56 5
	59 8
	60 11
	62 14
	63 18
	65 21
	65 24
	67 29
	68 32
	68 35
	69 38
	69 42
	69 45
	69 49
	68 52
	66 56
	63 60
	61 63
	59 67
	56 69
	55 72
	53 76
	52 79
	52 82
	52 85
	49 87
	50 85
.PEN_UP
.PEN_DOWN
	50 32
	54 30
	57 28
	61 26
	64 24
	67 23
	69 20
	72 18
	75 16
	79 15
	79 16
.PEN_UP
.PEN_DOWN
0 0
.PEN_UP
.PEN_DOWN
0 0
.PEN_UP
.PEN_DOWN
0 0
.PEN_UP
.PEN_DOWN
0 0
.PEN_UP
.PEN_DOWN
0 0
.PEN_UP
.PEN_DOWN
	25 77
	25 73
	23 67
	22 63
	22 59
	20 55
	20 51
	20 48
	20 45
	20 41
	19 38
	19 34
	19 31
	19 28
	19 24
	20 21
	20 18
	21 15
	21 12
	22 9
	23 6
	25 3
	28 2
	31 0
	34 1
	37 5
	40 8
	43 12
	45 16
	45 19
	48 23
	49 27
	50 30
	51 33
	53 37
	53 40
	54 43
	55 46
	56 50
	56 53
	56 57
	57 60
	57 63
	57 66
	57 63
	57 60
	57 57
	57 54
	57 50
	57 46
	57 41
	55 37
	55 33
	55 29
	55 26
	55 23
	55 19
	56 16
	56 13
	57 10
	60 7
	62 9
.PEN_UP
.PEN_DOWN
0 0
.PEN_UP
.PEN_DOWN
0 0
.PEN_UP
.PEN_DOWN
0 0
.PEN_UP
.PEN_DOWN
0 0
.PEN_UP
.PEN_DOWN
	20 74
	23 70
	28 65
	29 62
	32 58
	36 55
	38 51
	41 48
	43 45
	45 44
.PEN_UP
.PEN_DOWN
	71 78
	67 75
	65 71
	62 69
	58 65
	54 62
	52 59
	48 56
	45 55
	41 51
	38 49
	40 46
	41 43
	41 38
	41 35
	41 32
	41 29
	41 26
	41 22
	41 18
	41 14
	41 10
	41 7
	41 4
	41 1
	41 0
.PEN_UP
.PEN_DOWN
0 0
.PEN_UP
.PEN_DOWN
0 0
.PEN_UP
