.COMMENT #################################################################
	 # 								   #
	 #    This is the Stanford University / Hewlett Packard dataset.   #
	 #    It was orginally collected by:				   #
	 #	        Prof. David Rumelhart				   #
	 #	        Psychology Department				   #
	 #	        Stanford					   #
	 #    With funding assistance and additional data cleaning from	   #
	 #    Hewlett Packard Laboratories. HP is named as the data 	   #
	 #    contact to reduce the work load on Stanford but we 	   #
	 #    gratefully acknowledge Prof. Rumelhart's willingness to 	   #
	 #    donate this data to the community.			   #
	 # 								   #
	 ################################################################


.COMMENT  ################ Writer information ##################
.WRITER_ID	hpb0-etb
.AGE		 23   
.SEX		 M
.COMMENT Country field has format 'state/country'  
.COUNTRY	 california/usa
.COMMENT Mother tongue: english   
.HAND		 R
.STYLE		 MIXED

.COMMENT  ################ Data ##################

.PEN_DOWN
908 5061
907 5060
904 5049
901 5031
901 5006
901 4974
903 4941
907 4908
909 4878
910 4850
910 4823
909 4801
910 4789
912 4789
910 4804
.PEN_UP
906 4832
891 4867
869 4907
843 4949
815 4988
790 5018
768 5036
749 5041
736 5036
730 5023
.PEN_DOWN
729 5007
735 4993
747 4981
764 4975
784 4978
811 4989
840 5010
872 5038
904 5071
931 5107
952 5144
967 5180
974 5212
978 5234
978 5246
976 5245
976 5229
977 5199
981 5154
987 5097
994 5035
1000 4976
1003 4902
1004 4865
1006 4840
1009 4823
1011 4815
1012 4813
1011 4814
1010 4822
1008 4837
1005 4856
1003 4878
1002 4894
1003 4903
1004 4907
1009 4905
1017 4900
1029 4894
1043 4888
1066 4882
1080 4882
1094 4884
1105 4887
1113 4893
1118 4900
1120 4909
1119 4919
1118 4928
1117 4935
1114 4936
1110 4930
1104 4915
1098 4894
1094 4870
1095 4848
1106 4822
1119 4811
1137 4803
1158 4802
1182 4805
1205 4813
1226 4825
1244 4842
1258 4863
1267 4886
.PEN_UP
1271 4910
1273 4930
1278 4946
1290 4956
1310 4960
1337 4957
1364 4952
1391 4944
1414 4935
1435 4926
1455 4915
1471 4903
1487 4890
1502 4876
1517 4865
1534 4856
1550 4851
1562 4850
1572 4853
1581 4859
1589 4868
1594 4877
1593 4888
1586 4898
1576 4907
.PEN_DOWN
1561 4913
1544 4913
1525 4905
1504 4888
1486 4865
1473 4841
1466 4819
1466 4802
1470 4793
1478 4789
1491 4792
1508 4800
1525 4813
1541 4830
1550 4848
1554 4864
1555 4879
1554 4890
1554 4895
1556 4894
1562 4885
1576 4851
1589 4817
1601 4775
1612 4728
1620 4683
1626 4639
1628 4603
1627 4576
1623 4557
1618 4546
1613 4542
1608 4545
1600 4555
1590 4575
1578 4606
1568 4648
1563 4692
1565 4737
1575 4778
1604 4825
1626 4849
1651 4864
1674 4870
1694 4867
1710 4857
1720 4843
1725 4826
1727 4808
1726 4792
1726 4780
1727 4770
1730 4763
1734 4759
1741 4756
1751 4756
1765 4759
1792 4773
1815 4788
1838 4807
1859 4827
1876 4848
1887 4866
1895 4881
1899 4891
1900 4895
1899 4893
1895 4884
1889 4870
1882 4851
1876 4830
1870 4809
1866 4791
1864 4776
1864 4766
1870 4760
1878 4763
1890 4773
1903 4788
1916 4805
1925 4826
1931 4847
1932 4867
1933 4883
1932 4892
1929 4892
1927 4882
1924 4865
1922 4842
1922 4818
1923 4796
1928 4779
1934 4767
1942 4760
1954 4758
1977 4767
1996 4780
2015 4799
2031 4821
2044 4846
2054 4871
2061 4894
2066 4911
2069 4921
2071 4923
2073 4916
2077 4904
2082 4886
2087 4866
2090 4845
2091 4826
2091 4810
2088 4796
2083 4781
2080 4773
2078 4768
2075 4765
2073 4764
2074 4763
2075 4763
2078 4764
2086 4768
2101 4776
2120 4788
2142 4803
2165 4821
2184 4838
2200 4856
2211 4874
2218 4892
2222 4908
2223 4923
2224 4923
2227 4916
2232 4902
2240 4882
2249 4858
2256 4834
2259 4813
2258 4797
2252 4784
2243 4775
2231 4772
2216 4773
2201 4780
2186 4795
2175 4819
2166 4849
.PEN_UP
2158 4896
2161 4921
2172 4939
2193 4952
2224 4964
2263 4977
2308 4992
2355 5014
2398 5038
2433 5067
2460 5099
2484 5129
2510 5158
2542 5181
2573 5194
2602 5198
2621 5191
2627 5175
2622 5137
2608 5106
2593 5076
2580 5050
2572 5033
2566 5027
2565 5029
2567 5040
2572 5056
2580 5076
2588 5099
2594 5121
2594 5140
2591 5151
2585 5154
.PEN_DOWN
2578 5145
2572 5122
2568 5086
2566 5036
2565 4982
2565 4928
2565 4881
2561 4844
2555 4818
2550 4801
2547 4792
2545 4789
2546 4793
2548 4805
2551 4826
2556 4853
2562 4884
2570 4911
2582 4929
2595 4937
2609 4933
2623 4918
2634 4896
2642 4872
2650 4838
2655 4819
2661 4805
2666 4796
2669 4793
2674 4794
2683 4802
2695 4815
2710 4834
2727 4858
2741 4883
2754 4907
2761 4927
2764 4941
2764 4950
2760 4952
2753 4946
2739 4920
2729 4896
2719 4869
2711 4844
2708 4825
2708 4812
2710 4806
2716 4805
2725 4811
2739 4822
2753 4838
2764 4858
2772 4878
2773 4897
2772 4913
2769 4922
2766 4926
2767 4916
2769 4902
2774 4884
2782 4865
2793 4848
2805 4832
2819 4821
2831 4813
2842 4808
2854 4808
2865 4811
2876 4819
2886 4830
2894 4845
2901 4864
2906 4883
2912 4899
2918 4912
2927 4914
2934 4905
2941 4890
2949 4870
2955 4847
2959 4826
2959 4807
2954 4790
2946 4776
2935 4765
2920 4756
2905 4752
2891 4753
2876 4762
2861 4779
2849 4805
.PEN_UP
2841 4840
2846 4880
2870 4920
2914 4958
2976 4992
3051 5021
3130 5047
3207 5069
3275 5089
3332 5108
3379 5129
3420 5156
3458 5188
3488 5219
3507 5241
3510 5246
3496 5230
3471 5193
3441 5143
3413 5085
3389 5024
3369 4968
3357 4919
3345 4865
3343 4843
3343 4831
3346 4828
3349 4833
3354 4842
3358 4857
3361 4875
3361 4895
3359 4916
3352 4936
.PEN_DOWN
3342 4951
3328 4958
3311 4955
3293 4942
3275 4920
3260 4895
3251 4870
3247 4848
3248 4832
3255 4820
3265 4814
3276 4813
3288 4817
3300 4827
3312 4841
3323 4858
3331 4874
3339 4888
3343 4897
3347 4898
3350 4889
3353 4872
3358 4851
3363 4829
3376 4804
3390 4796
3407 4795
3429 4803
3450 4819
3469 4839
.PEN_UP
3486 4863
3497 4887
3507 4911
3519 4932
3533 4946
3551 4953
3572 4952
3592 4945
3609 4935
3622 4922
3629 4906
3633 4888
3635 4870
3634 4851
3635 4826
.PEN_DOWN
3634 4812
3635 4805
3638 4802
3641 4805
3645 4812
3652 4825
3658 4843
3664 4866
3668 4893
3672 4919
3674 4942
3678 4959
3683 4967
3692 4966
3705 4954
3718 4935
3729 4909
3738 4866
3737 4840
3732 4817
3723 4800
3713 4787
3704 4778
3697 4773
3692 4773
3688 4776
3685 4782
3684 4789
3686 4797
3693 4804
3705 4811
3722 4820
3741 4832
3764 4846
3788 4863
3811 4881
3831 4898
3850 4919
3855 4929
3856 4933
3854 4932
3848 4922
3840 4906
3831 4885
3824 4862
3821 4840
3821 4821
3825 4806
3832 4796
3843 4791
3857 4791
3873 4795
3891 4805
3904 4817
3919 4839
3924 4854
3925 4869
3925 4881
3923 4888
3921 4888
3919 4881
3918 4867
3918 4850
3919 4832
3924 4816
3931 4803
3941 4795
3954 4790
3968 4790
3981 4794
4001 4805
4011 4814
4019 4825
4025 4837
4029 4848
4032 4857
4034 4864
4036 4868
4040 4869
4043 4870
4049 4871
4055 4873
4062 4877
4069 4881
4075 4886
4079 4892
4081 4898
4081 4905
4079 4913
4076 4920
4068 4926
4061 4926
4052 4919
4041 4905
4029 4886
4018 4865
4011 4844
4010 4826
4013 4812
4020 4802
4031 4796
4045 4793
4061 4793
4081 4798
4103 4807
4122 4820
4139 4836
4159 4862
4166 4879
4169 4895
4169 4908
4167 4915
4163 4914
4159 4903
4153 4885
4147 4862
4143 4838
4143 4817
4148 4800
4158 4788
4173 4780
4191 4776
4209 4778
4226 4786
4243 4800
4258 4819
4278 4857
4287 4887
4294 4923
4298 4962
4301 5001
4303 5032
4303 5051
4302 5054
4298 5040
4294 5013
4290 4976
4287 4934
4286 4894
4289 4859
4293 4831
4297 4809
4301 4796
4302 4790
4302 4792
4299 4806
4296 4824
4291 4844
4288 4865
4284 4878
4282 4886
4283 4888
4285 4886
4289 4886
4296 4886
4305 4889
4318 4896
4334 4906
4353 4923
4370 4947
4386 4976
.PEN_UP
4397 5012
4406 5054
4415 5102
4428 5153
4452 5207
4489 5266
4543 5324
4614 5383
4691 5440
4770 5490
4843 5534
4904 5572
4955 5610
4989 5650
5009 5691
5013 5725
4999 5745
4975 5745
4943 5726
4904 5691
4840 5617
4793 5557
4747 5491
4703 5417
4660 5336
4622 5253
4589 5172
4566 5101
4556 5042
4553 4996
4556 4957
4564 4926
4576 4902
4591 4882
4609 4867
4625 4854
4639 4842
4649 4831
4653 4820
4653 4804
4648 4792
4643 4780
4639 4770
.PEN_DOWN
4636 4763
4636 4760
4640 4759
4644 4761
4653 4764
4664 4771
4677 4784
4689 4804
4700 4828
4710 4857
4718 4885
4726 4907
4732 4922
4735 4927
4742 4917
4750 4901
4761 4880
4771 4856
4779 4833
4782 4814
4780 4797
4772 4782
4759 4771
4745 4763
4732 4761
4721 4765
4714 4777
4708 4796
4707 4821
4711 4848
4724 4873
4752 4898
4773 4908
4793 4915
4810 4919
4828 4920
4844 4914
4858 4901
4870 4881
4878 4855
4885 4830
4891 4808
4896 4792
4901 4783
4905 4781
4909 4785
4912 4795
4914 4813
4916 4837
4918 4865
4931 4911
4945 4934
4961 4948
4976 4950
4987 4941
4994 4922
4996 4895
4996 4864
4995 4833
4994 4807
4994 4787
4995 4776
4995 4771
4995 4770
4995 4776
4996 4787
4997 4804
4998 4828
4999 4855
5005 4890
5013 4905
5021 4910
5028 4907
5035 4897
5042 4883
5052 4870
5064 4859
5079 4853
5095 4852
5111 4853
5126 4859
5139 4865
5148 4873
5153 4882
5154 4893
5150 4913
5145 4923
5141 4930
5137 4929
5132 4921
5126 4906
5121 4885
5119 4862
5120 4840
5126 4822
5134 4810
5146 4803
5159 4802
5173 4806
5190 4816
5209 4833
5229 4856
5247 4881
5262 4909
5273 4940
5282 4975
5290 5029
5294 5060
5295 5079
5292 5084
5287 5073
5281 5046
5276 5008
5273 4962
5272 4916
5275 4876
5280 4845
5289 4822
5299 4809
5310 4804
5324 4808
5339 4820
5357 4842
5373 4873
5392 4936
5400 4985
5405 5035
5406 5079
5406 5111
5405 5126
5404 5125
5404 5107
5403 5075
5404 5032
5406 4983
5411 4936
5419 4894
5427 4860
5436 4834
5443 4816
5448 4805
5454 4803
5458 4812
5463 4827
5469 4847
.PEN_UP
5476 4866
5485 4879
5494 4885
5503 4882
5509 4873
5512 4861
5510 4848
5507 4837
5505 4830
.PEN_DOWN
5503 4826
5504 4823
5506 4821
5509 4819
5516 4818
5525 4820
5535 4824
5544 4829
5550 4833
5552 4835
5553 4836
5553 4835
5552 4833
5549 4830
5544 4825
5539 4817
5534 4809
5531 4802
5530 4797
5530 4794
5531 4795
5534 4800
5539 4808
5545 4818
5551 4830
5553 4834
5554 4835
5553 4832
5552 4826
5550 4820
5548 4814
5548 4810
5547 4809
5548 4809
5548 4811
5549 4815
5550 4820
5551 4826
5553 4831
5553 4833
5553 4834
5552 4833
5549 4830
5546 4826
5542 4826
5537 4828
5531 4833
.PEN_UP
5525 4843
5517 4856
5510 4874
5505 4895
5501 4920
5501 4947
5507 4973
.PEN_DOWN
1038 4307
1036 4303
1033 4287
1029 4256
1023 4210
1017 4151
1013 4087
1011 4025
1013 3972
1018 3930
1027 3903
1040 3889
1056 3889
1077 3902
1099 3927
1119 3960
1132 3995
1140 4025
1143 4046
1142 4058
1141 4058
1142 4044
1142 4021
1146 3993
1153 3967
1165 3948
1180 3938
1200 3937
1220 3945
1239 3963
1262 4004
1271 4038
1276 4075
1275 4114
1271 4158
1261 4205
1249 4256
1237 4304
1229 4340
1224 4362
1224 4366
1227 4350
1234 4318
1242 4272
1251 4214
1259 4152
1265 4088
1273 4002
1278 3952
1281 3915
1284 3891
1286 3877
1286 3872
1287 3878
1286 3894
1286 3920
1288 3952
1292 3984
1299 4010
1307 4026
1316 4031
1327 4025
1337 4010
1349 3989
1360 3963
1376 3927
1387 3907
1397 3894
1407 3888
1418 3889
1428 3897
1440 3913
1453 3935
1463 3960
1471 3985
1473 4007
1472 4023
1467 4031
1460 4031
1452 4020
1443 3999
1434 3971
1426 3924
1424 3898
1426 3881
1429 3871
1435 3870
1442 3875
1452 3886
1463 3903
1472 3922
1477 3943
1479 3964
1478 3979
1477 3989
1477 3991
1480 3981
1487 3963
1497 3941
1510 3917
1525 3897
1552 3877
1573 3874
1595 3880
1616 3895
1635 3918
1650 3945
1658 3977
1660 4013
1654 4051
1644 4092
1634 4129
1626 4156
1621 4170
1620 4166
1623 4150
1627 4124
1633 4091
1639 4056
1651 4003
1658 3973
1664 3950
1669 3937
1671 3932
1670 3936
1667 3946
.PEN_UP
1661 3959
1654 3973
1647 3987
1641 3998
1638 4005
1638 4009
.PEN_DOWN
1641 4011
1647 4013
1657 4014
1670 4018
1689 4026
1716 4040
1750 4056
1786 4070
.PEN_UP
1825 4081
1860 4086
1894 4086
1929 4083
1965 4079
2005 4072
2049 4064
2095 4057
2142 4050
2186 4043
2227 4034
2260 4024
2283 4011
2298 3999
2303 3987
2302 3978
2299 3974
2294 3973
2280 3979
2265 3989
2245 4001
.PEN_DOWN
2220 4015
2195 4027
2170 4032
2148 4029
2130 4015
2115 3993
2105 3965
2101 3937
2101 3914
2106 3898
2116 3890
2128 3891
2145 3899
2163 3913
2180 3932
2199 3962
2206 3979
2210 3990
2211 3993
2211 3988
2213 3975
2217 3956
2225 3934
2236 3914
2250 3898
2268 3888
2288 3884
2309 3888
2327 3896
2339 3909
.PEN_UP
2349 3925
2359 3940
2372 3957
2392 3973
2418 3987
2450 3997
2485 4003
2520 4003
2551 3998
2576 3992
2597 3986
2614 3983
2628 3983
2638 3984
2641 3989
2639 3998
2631 4010
.PEN_DOWN
2621 4023
2610 4032
2598 4032
2584 4020
2570 3996
2558 3964
2550 3929
2547 3899
2549 3874
2557 3859
2568 3853
2585 3858
2603 3875
2623 3902
2640 3936
2652 3975
2659 4017
2661 4060
2657 4106
2650 4153
2643 4193
2637 4223
2632 4241
2631 4232
2630 4207
2629 4169
2628 4120
2630 4064
2635 4011
2643 3962
2654 3924
2667 3898
2682 3880
2698 3872
2716 3874
2733 3885
2748 3903
2761 3926
2767 3950
2770 3976
2773 4010
2776 4027
2781 4038
2785 4038
2791 4029
2794 4012
2798 3989
2800 3965
2803 3943
2808 3924
2815 3909
2825 3898
2834 3893
2844 3892
2854 3897
2866 3906
2877 3916
2886 3926
2892 3932
2896 3937
2899 3944
2901 3949
2904 3954
2907 3959
2910 3964
2912 3967
2913 3969
2913 3969
2912 3966
2912 3964
2911 3961
2911 3960
2912 3959
2911 3959
2912 3959
2912 3959
2912 3959
2913 3959
2912 3960
2912 3961
2912 3962
2913 3963
2913 3964
2913 3965
2913 3965
2913 3965
2913 3965
2913 3966
2913 3966
2913 3968
2914 3970
2915 3973
2916 3976
2918 3980
2919 3984
2921 3990
2923 4000
2926 4007
2928 4013
2930 4017
2932 4017
2936 4012
2940 4000
2944 3982
2949 3958
2954 3935
2961 3915
2968 3899
2977 3891
2985 3887
2995 3890
3006 3900
3018 3919
3039 3961
3052 3998
3061 4038
3067 4080
3068 4125
3067 4172
3062 4218
3057 4261
3053 4292
3050 4309
3047 4309
3046 4290
3044 4254
3042 4203
3039 4144
3040 4083
3043 4028
3055 3964
3065 3934
3075 3913
3084 3901
3093 3895
3102 3897
3111 3905
3121 3918
3130 3937
3136 3959
3140 3980
3141 3997
3139 4005
3138 4004
3138 3993
3138 3974
3139 3953
3143 3934
3147 3921
3156 3913
3174 3914
3187 3922
3200 3934
3212 3950
3220 3968
3226 3988
3228 4010
3227 4031
3225 4046
3223 4053
3222 4046
3224 4026
3227 3995
3232 3954
3238 3909
3244 3864
3249 3822
3252 3784
3249 3750
3242 3721
3224 3691
3206 3681
3184 3682
3160 3692
3139 3712
3124 3740
3120 3775
3129 3815
3148 3855
3177 3892
3208 3924
3236 3949
3255 3967
3267 3980
3271 3988
3269 3993
3263 3997
3251 4003
3222 4012
.PEN_UP
3190 4021
3151 4030
3110 4043
3072 4059
3046 4074
3031 4085
3024 4092
3023 4095
3023 4096
.PEN_DOWN
3024 4098
3029 4099
3037 4102
3048 4107
3061 4115
3075 4123
3088 4130
3098 4134
3102 4136
3099 4136
3088 4133
.PEN_UP
3068 4127
3040 4119
3008 4111
2975 4103
2947 4097
2927 4093
2912 4092
2900 4093
2882 4098
2860 4107
2837 4121
.PEN_DOWN
2813 4139
2794 4160
2780 4187
2770 4215
2765 4244
.PEN_UP
2767 4276
2777 4303
2795 4326
2821 4340
2861 4342
2913 4339
2980 4334
3061 4335
3153 4344
3253 4353
3354 4362
3450 4367
3536 4362
3602 4352
3652 4338
3688 4325
3711 4323
3742 4350
3763 4386
3788 4426
3814 4458
3833 4475
3838 4476
3827 4463
3805 4439
3777 4408
3748 4372
3722 4330
3698 4284
3677 4233
3658 4179
3640 4128
3623 4085
3607 4052
3594 4032
3583 4024
3576 4034
3574 4052
3573 4078
3572 4107
3568 4139
3565 4167
3562 4186
.PEN_DOWN
3561 4194
3565 4183
3574 4155
3585 4113
3600 4061
3614 4006
3626 3952
3633 3905
3636 3868
3635 3843
3630 3829
3621 3827
3611 3835
3599 3851
3588 3874
3578 3902
3570 3932
3567 3960
3569 3983
3576 4000
3587 4011
3602 4015
3619 4013
3637 4007
3655 3998
3672 3987
3690 3972
3705 3955
3717 3935
3726 3912
3731 3880
3732 3864
3732 3855
3733 3851
3734 3852
3735 3857
3735 3866
3735 3877
3735 3889
3735 3900
3737 3912
3740 3924
3747 3937
3758 3951
3769 3963
3780 3972
3788 3975
3797 3967
3803 3956
3810 3940
3816 3921
3823 3903
3830 3888
3837 3875
3846 3869
3857 3867
3868 3871
3881 3883
3896 3901
3911 3922
3925 3946
3935 3968
3940 3987
3941 4001
3938 4012
3935 4012
3932 4005
3928 3991
3925 3972
3923 3949
3922 3929
3924 3913
3930 3901
3937 3894
3946 3892
3959 3895
3971 3901
3986 3912
3999 3925
4011 3940
4019 3954
4025 3969
4029 3984
4031 3995
4031 4002
4028 3997
4025 3985
4021 3969
4018 3952
4017 3938
4018 3927
4023 3919
4031 3913
4040 3910
4051 3909
4064 3912
4078 3918
4095 3930
4112 3948
4127 3972
4147 4018
4157 4055
4164 4095
4168 4138
4168 4182
4167 4222
4165 4253
4163 4270
4161 4271
4158 4254
4155 4225
4151 4184
4148 4132
4144 4073
4139 4012
4133 3956
4128 3910
4126 3879
4127 3862
4132 3857
4145 3872
4158 3895
4173 3925
4191 3958
4209 3990
4227 4020
4242 4046
4255 4066
4263 4081
4267 4091
4267 4096
4263 4099
4255 4097
4246 4091
4238 4079
.PEN_UP
4232 4060
4229 4029
4231 3993
4237 3955
.PEN_DOWN
4246 3919
4257 3892
4267 3873
4276 3860
4284 3853
4289 3852
4291 3855
4290 3866
4284 3880
4271 3898
.PEN_UP
4249 3920
4219 3941
4184 3967
4147 3998
4108 4033
4073 4066
4038 4092
4011 4110
3992 4118
.PEN_DOWN
3980 4120
3977 4117
3980 4111
3991 4101
4010 4089
4038 4077
.PEN_UP
4076 4065
4116 4056
4160 4049
4204 4045
4246 4042
4288 4041
4335 4045
4383 4051
4434 4058
4481 4065
4523 4069
4560 4069
4588 4067
4612 4062
4630 4055
4640 4045
4648 4036
4649 4023
4649 4010
4647 3996
4640 3980
4634 3966
4625 3952
4617 3939
4609 3928
4602 3917
4597 3908
4591 3901
4582 3896
4575 3892
4567 3890
4555 3887
4547 3886
4540 3886
4532 3886
4526 3889
4519 3891
4511 3895
4505 3901
4499 3909
4492 3918
4484 3928
4475 3936
4465 3941
4455 3941
4447 3938
4440 3932
4433 3924
4425 3915
4418 3907
4412 3895
4407 3889
4403 3882
4397 3875
4392 3870
4389 3866
4386 3864
4383 3864
4381 3865
4381 3869
4381 3875
4383 3882
4384 3890
4384 3898
4384 3905
4384 3916
4383 3924
4382 3934
4380 3944
4378 3954
4377 3963
4376 3973
4374 3985
4373 4000
4372 4021
4371 4046
4372 4078
4374 4113
4380 4151
4387 4187
4393 4217
4395 4236
4394 4244
.PEN_DOWN
4392 4238
4391 4219
4391 4190
4390 4154
4390 4119
4392 4086
4394 4058
4399 4035
4402 4015
4405 4001
.PEN_UP
4409 3989
4413 3979
4422 3968
4436 3953
4452 3934
4467 3913
4475 3892
4474 3875
4466 3863
4455 3859
.PEN_DOWN
4443 3861
4435 3868
4431 3884
4430 3900
4434 3915
.PEN_UP
4441 3926
4450 3934
4463 3941
.PEN_DOWN
1095 2915
1099 2904
1105 2900
1113 2902
1125 2913
1141 2932
1160 2961
1182 2998
1203 3042
1219 3086
1229 3129
1232 3170
1227 3207
1216 3240
1203 3265
1188 3278
1172 3276
1157 3257
1146 3224
1140 3187
1141 3151
1149 3124
1162 3107
1180 3097
1201 3098
1223 3107
1256 3134
1274 3158
1288 3184
1298 3211
1302 3239
1301 3266
1297 3289
1290 3307
1285 3316
1282 3316
1282 3306
1286 3283
1291 3251
1297 3211
1304 3168
1311 3124
1315 3083
1318 3046
1318 3015
1314 2988
1308 2967
1295 2949
1284 2945
1272 2946
1260 2951
1247 2960
1238 2970
1232 2981
1231 2992
1234 3004
1242 3018
1254 3032
1271 3048
1292 3067
1314 3087
1335 3106
1353 3122
1366 3131
1374 3136
1378 3132
1379 3120
1380 3099
1380 3072
1382 3042
1386 3014
1392 2992
1398 2976
1407 2968
1413 2964
1420 2966
1425 2972
1430 2982
1436 2997
1442 3016
1446 3037
1449 3058
1449 3075
1448 3088
1447 3087
1447 3077
1447 3060
1446 3039
1448 3017
1450 2997
1453 2982
1457 2970
1464 2963
1472 2960
1481 2960
1490 2963
1498 2970
1503 2979
1507 2990
1510 3004
1509 3021
1507 3038
1504 3057
1504 3063
1508 3061
1517 3055
1530 3046
1546 3036
1564 3030
1583 3028
1601 3031
1617 3039
1632 3050
1644 3066
1653 3082
1658 3097
1658 3111
1651 3121
1641 3127
1623 3122
1612 3109
1605 3088
1602 3062
1605 3036
1614 3013
1626 2995
1642 2983
1660 2976
1677 2974
1691 2977
1700 2985
1703 2998
1699 3016
1689 3038
1672 3062
.PEN_UP
1647 3089
1616 3115
1580 3143
1546 3168
1515 3188
1489 3199
1467 3203
1450 3202
1436 3198
.PEN_DOWN
1428 3192
1427 3185
1434 3175
1448 3165
1471 3158
.PEN_UP
1505 3152
1548 3149
1606 3148
1677 3146
1756 3144
1840 3139
1924 3133
2003 3125
2075 3116
2138 3107
2190 3097
2233 3087
2263 3080
2279 3074
2285 3072
2282 3075
2273 3083
2262 3096
2249 3111
2237 3125
2226 3134
2215 3138
2207 3134
2200 3121
.PEN_DOWN
2196 3099
2196 3067
2199 3033
2204 3001
2209 2976
2214 2958
2218 2946
2219 2940
2220 2939
2221 2946
2222 2960
2225 2983
2228 3014
2233 3049
2237 3085
2242 3115
2248 3135
2255 3143
2265 3139
2276 3124
2286 3099
2299 3051
2304 3018
2309 2991
2312 2970
2313 2957
2313 2951
2312 2950
2311 2953
2312 2961
2312 2974
2311 2992
2309 3012
2308 3029
2310 3043
2316 3050
2326 3050
2340 3045
2364 3032
2379 3022
2395 3015
2411 3011
2425 3012
2437 3016
2445 3025
2448 3035
2448 3046
2445 3058
2437 3069
2428 3079
2419 3086
2413 3087
2411 3079
2413 3062
2418 3041
2427 3017
2447 2990
2466 2979
2489 2972
2511 2970
2532 2972
2548 2978
2564 2988
2577 3001
2589 3015
.PEN_UP
2600 3032
2610 3048
2624 3065
2644 3082
2673 3099
2705 3114
2737 3127
2768 3136
2793 3140
2811 3140
2818 3128
2815 3108
2810 3080
.PEN_DOWN
2802 3046
2800 3013
2803 2985
2809 2964
2821 2954
2839 2955
2860 2964
2879 2982
2897 3007
2908 3033
2914 3061
2913 3087
2908 3110
2902 3129
2894 3142
2890 3136
2888 3118
2888 3089
2889 3051
2893 3008
2897 2964
2903 2920
2908 2881
2910 2844
2909 2812
2903 2784
2894 2762
2882 2748
2867 2743
2853 2746
2839 2760
2829 2783
2821 2816
2817 2857
2825 2927
2841 2972
2864 3013
2888 3046
2910 3072
2927 3091
2939 3103
2947 3107
2953 3102
2955 3088
2956 3064
2957 3033
2957 3002
2959 2976
2964 2957
2970 2946
2977 2944
2982 2950
2984 2961
2985 2975
2984 2992
2982 3011
2978 3033
2976 3055
2974 3074
2974 3089
2977 3097
2981 3098
2985 3092
2990 3079
2994 3062
2999 3041
3004 3019
3010 2998
3020 2971
3026 2960
3029 2953
3033 2951
3037 2956
3042 2965
3047 2978
3052 2996
3056 3016
3061 3035
3066 3052
3070 3064
3073 3070
3077 3068
3079 3057
3082 3041
3086 3021
3091 3001
3097 2986
3106 2975
3116 2969
3126 2967
3141 2973
3151 2983
3160 2997
3169 3013
3176 3032
3181 3050
3185 3063
3188 3070
3192 3066
3198 3054
3207 3035
3218 3012
3231 2991
3244 2974
3258 2963
3272 2959
3286 2961
3299 2970
3317 3000
3323 3028
.PEN_UP
3328 3064
3331 3103
3333 3150
3343 3206
3361 3271
3389 3345
3429 3422
3469 3495
3508 3557
3540 3603
3562 3634
3575 3651
3582 3660
3591 3671
3607 3686
3627 3709
3654 3739
3656 3739
3647 3714
3632 3662
3613 3593
3594 3516
3580 3440
3568 3369
3560 3306
3554 3248
3550 3195
3546 3145
3544 3098
3545 3058
3553 3027
3568 3007
3591 2997
3616 2995
3654 3000
3673 3006
3686 3016
3694 3029
3694 3044
3690 3061
3681 3077
.PEN_DOWN
3668 3089
3658 3095
3646 3092
3634 3078
3623 3056
3617 3028
3614 3001
3617 2978
3625 2962
3634 2953
3645 2951
3658 2957
3669 2968
3681 2986
3690 3007
3695 3029
3698 3051
3696 3068
3694 3080
3693 3084
3694 3078
3697 3063
3703 3044
3711 3019
3720 2997
3729 2978
3737 2962
3743 2952
3747 2944
3750 2940
3754 2942
3756 2948
3758 2957
3762 2969
3767 2982
3774 2995
3780 3006
3785 3014
3789 3016
3790 3012
3790 3000
3789 2985
3787 2969
3786 2956
3785 2948
3786 2945
3788 2950
3788 2959
3789 2976
3791 2997
3795 3023
3799 3051
3805 3076
3812 3097
3821 3111
3830 3116
3839 3114
3848 3107
3857 3096
3866 3085
3874 3076
3882 3070
3890 3070
3897 3072
3905 3078
.PEN_UP
3908 3084
3911 3091
3916 3099
3922 3108
3930 3117
3936 3126
3938 3133
3940 3139
3940 3142
3935 3140
3931 3132
3925 3115
.PEN_DOWN
3919 3091
3916 3061
3916 3029
3916 2999
3918 2976
3920 2960
3921 2952
3923 2951
3924 2954
3926 2963
3929 2978
3935 2999
3941 3026
3948 3057
3958 3088
3967 3112
3975 3128
3983 3132
3987 3122
3990 3102
3992 3073
3994 3038
3995 3005
3998 2960
3998 2940
3998 2927
3998 2922
3999 2927
4000 2940
4003 2960
4007 2988
4009 3020
4014 3053
4021 3081
4029 3101
4039 3107
4050 3102
4061 3085
4074 3062
4088 3037
4104 3014
4120 2996
4135 2985
4147 2979
4156 2979
4159 2985
4159 2996
4159 3008
4161 3018
.PEN_UP
4166 3025
4174 3025
4186 3020
4198 3009
4207 2996
4212 2983
4215 2975
4218 2970
.PEN_DOWN
4221 2970
4228 2972
4236 2975
4243 2981
4251 2987
4257 2994
4260 3000
4262 3003
4261 3003
4257 2998
4251 2990
4244 2982
4239 2975
4235 2970
4233 2968
4234 2969
4235 2971
4239 2976
4243 2981
4248 2987
4252 2991
4255 2993
4255 2992
4254 2986
4253 2980
4251 2973
4249 2968
4248 2965
4247 2964
4245 2967
4245 2972
4244 2981
4241 2991
4236 3002
.PEN_UP
4228 3012
4221 3023
4217 3035
4222 3048
.PEN_DOWN
1152 2193
1154 2172
1156 2153
1159 2137
1162 2124
1164 2116
1168 2116
1169 2122
1166 2134
.PEN_UP
1160 2151
1147 2169
1130 2188
1110 2207
1091 2224
1075 2238
1064 2247
1058 2252
1054 2253
1053 2254
1055 2256
.PEN_DOWN
1065 2260
1084 2267
1111 2276
1144 2286
1176 2294
1203 2301
1221 2304
1229 2303
1226 2296
1215 2282
.PEN_UP
1196 2261
1171 2234
1147 2204
1128 2171
1114 2139
1105 2106
1099 2077
1099 2055
.PEN_DOWN
1104 2039
1112 2034
1127 2035
1146 2047
1171 2065
1196 2089
1220 2115
1236 2140
1246 2160
1252 2175
1253 2184
1255 2187
1256 2186
1261 2180
1272 2168
1285 2150
1300 2131
1310 2111
1315 2094
1315 2080
1309 2068
1298 2059
1282 2052
1254 2049
1238 2052
1225 2056
1214 2070
1209 2087
1210 2106
.PEN_UP
1217 2125
1234 2135
1254 2142
1283 2148
1320 2154
1365 2163
1419 2174
1477 2189
1538 2206
1598 2226
1657 2246
1709 2268
1764 2299
1784 2321
1793 2344
1790 2368
1779 2392
1759 2415
1739 2431
1720 2437
.PEN_DOWN
1704 2429
1692 2404
1683 2365
1678 2317
1678 2266
1680 2216
1682 2172
1683 2135
1681 2107
1679 2089
1675 2081
1669 2083
1660 2092
.PEN_UP
1647 2105
1631 2120
1614 2139
1598 2157
1586 2172
1576 2180
1570 2181
1569 2174
.PEN_DOWN
1572 2164
1580 2154
1591 2148
1607 2147
1626 2155
1651 2171
1680 2195
1710 2224
1736 2256
1758 2289
1775 2323
1785 2358
1790 2392
1791 2421
1790 2440
1788 2448
1787 2439
1785 2416
1782 2380
1780 2334
1778 2286
1777 2241
1779 2202
1780 2170
1782 2144
1785 2125
1786 2113
1788 2108
1789 2113
1789 2125
1788 2143
1787 2164
1788 2185
1792 2200
1798 2208
1807 2209
1818 2203
1829 2189
1839 2171
1847 2150
1855 2130
1863 2115
1873 2103
1882 2098
1890 2097
1900 2101
1910 2112
1928 2136
1938 2155
1947 2174
1953 2190
1956 2203
1957 2211
1956 2216
1952 2215
1945 2209
1937 2198
1927 2179
1918 2155
1911 2131
1906 2108
1906 2091
1910 2080
1916 2076
1925 2078
1940 2091
1949 2106
1956 2122
1959 2139
1958 2156
1956 2170
1954 2181
1952 2185
1951 2183
1952 2172
1955 2155
1961 2134
1971 2112
1985 2095
2001 2082
2018 2076
2035 2077
2051 2085
2070 2110
2080 2132
2087 2156
2092 2182
2094 2210
2093 2240
2091 2272
2089 2299
2088 2315
2087 2317
2087 2302
2089 2276
2090 2244
2092 2208
2096 2172
2102 2139
2108 2109
2116 2085
2124 2066
2126 2064
2125 2070
.PEN_UP
2122 2082
2115 2099
2110 2118
2106 2138
2102 2154
2100 2166
2099 2173
2100 2175
.PEN_DOWN
2104 2174
2112 2172
2122 2169
2133 2166
2155 2167
2184 2169
2223 2176
.PEN_UP
2272 2184
2321 2193
2374 2203
2430 2211
2487 2217
2543 2220
2597 2219
2642 2214
2682 2206
2713 2198
2735 2189
2745 2183
2743 2178
2732 2175
2711 2175
2686 2178
2658 2182
.PEN_DOWN
2628 2187
2600 2189
2574 2183
2551 2169
2531 2145
2518 2115
2512 2085
2514 2060
2524 2044
2540 2037
2559 2038
2580 2048
2601 2063
2619 2083
2635 2106
2646 2126
2656 2145
2663 2158
2667 2163
2673 2153
2676 2136
2681 2114
2689 2090
2699 2071
2714 2058
2729 2051
2749 2056
2769 2068
2788 2087
.PEN_UP
2808 2112
2823 2138
2840 2165
2860 2198
2884 2235
2910 2276
2937 2320
2958 2365
2971 2409
2976 2447
2971 2481
2960 2509
2944 2535
2928 2561
2915 2589
2906 2615
2899 2634
2892 2643
2883 2639
2873 2624
2865 2604
2864 2582
2868 2562
2876 2545
2884 2533
2891 2524
2897 2515
2906 2502
2914 2494
2923 2488
2934 2486
2945 2486
2958 2488
2970 2491
2983 2494
2993 2497
3000 2500
3004 2502
3003 2500
3002 2493
.PEN_DOWN
3003 2475
3009 2442
3017 2394
3026 2335
3036 2271
3045 2209
3053 2153
3060 2105
3067 2066
3071 2038
3073 2020
3075 2014
3076 2019
3077 2038
3078 2067
3078 2106
3080 2146
3084 2182
3092 2209
3104 2224
3118 2227
3132 2218
3145 2201
3157 2177
3171 2140
3179 2117
3184 2097
3189 2082
3194 2072
3198 2065
3202 2064
3207 2067
3215 2073
3227 2086
3242 2104
3257 2127
3270 2151
3280 2174
3285 2193
3287 2206
3287 2215
3286 2219
3284 2220
3281 2217
3277 2204
3276 2186
3274 2162
3273 2134
3273 2107
3273 2084
3275 2069
3279 2062
3285 2061
3291 2066
3298 2076
3303 2091
3306 2109
3306 2129
3305 2152
3303 2175
3302 2195
3303 2211
3308 2220
3314 2218
3320 2209
3326 2193
3332 2173
3336 2150
3341 2126
3346 2102
3350 2082
3355 2068
3361 2060
3368 2061
3377 2066
3385 2078
3395 2095
3403 2114
3409 2135
3414 2154
3416 2173
3417 2177
3418 2173
3418 2161
3419 2143
3421 2123
3424 2105
3430 2089
3439 2077
3448 2070
3459 2067
3469 2070
3480 2078
3490 2090
3500 2106
3508 2124
3520 2153
3526 2170
3533 2182
3538 2187
3542 2186
3545 2179
3547 2166
3549 2149
3550 2130
3550 2112
3548 2095
3544 2084
3540 2077
3533 2074
3525 2072
3516 2071
3507 2072
3502 2072
3500 2073
3502 2073
3507 2072
3515 2072
3527 2076
3544 2082
3560 2093
3578 2107
3594 2123
3607 2141
3618 2157
3623 2170
3624 2181
3622 2187
3618 2189
3613 2185
3609 2173
3606 2156
3607 2135
3613 2114
3624 2095
3649 2078
3669 2075
3692 2082
3715 2096
3740 2122
3764 2153
3787 2191
.PEN_UP
3812 2235
3837 2282
3869 2335
3912 2395
3967 2459
4029 2527
4094 2591
4153 2648
4201 2693
4238 2729
4268 2754
4291 2774
4313 2793
4335 2814
4358 2835
4378 2845
4388 2831
4384 2791
4364 2730
4332 2661
4293 2591
4256 2525
4223 2464
4198 2408
4184 2360
4177 2318
4178 2283
4187 2242
4198 2222
4212 2207
4226 2194
4240 2185
4252 2177
4261 2172
4267 2171
4270 2172
4268 2178
4263 2185
4254 2192
.PEN_DOWN
4244 2199
4232 2203
4221 2202
4208 2195
4196 2180
4186 2157
4178 2129
4175 2098
4176 2070
4181 2049
4189 2035
4200 2029
4212 2031
4225 2039
4240 2055
4254 2075
4266 2097
4276 2123
4283 2147
4290 2168
4295 2184
4299 2191
4301 2190
4302 2182
4302 2168
4300 2151
4297 2126
4295 2115
4294 2108
4294 2107
4294 2109
4295 2115
4298 2127
4303 2143
4310 2160
4320 2174
4332 2182
4345 2181
4360 2173
4376 2160
4394 2143
4413 2125
4432 2111
4450 2100
4465 2095
4479 2096
4496 2108
4505 2123
.PEN_UP
4514 2143
4521 2167
4532 2197
4551 2232
4577 2273
4610 2317
4648 2362
4690 2405
4732 2444
4768 2476
4796 2498
4812 2512
4817 2517
4818 2515
4818 2505
4818 2486
4818 2442
4820 2408
4823 2378
4828 2357
4834 2348
4841 2350
4849 2363
4855 2383
4859 2403
4858 2423
4852 2439
4843 2447
.PEN_DOWN
4834 2444
4826 2423
4820 2385
4814 2332
4811 2273
4810 2215
4813 2165
4816 2126
4820 2100
4820 2088
4813 2087
4801 2095
.PEN_UP
4783 2109
4764 2126
4746 2145
4730 2165
4719 2181
4708 2190
4700 2191
4695 2183
.PEN_DOWN
4691 2171
4693 2158
4703 2145
4722 2137
4748 2135
4779 2139
4810 2151
4835 2167
4856 2184
4872 2204
4883 2226
4890 2253
4896 2285
4901 2320
4908 2354
4913 2379
4919 2391
4922 2388
4923 2369
4922 2336
4917 2293
4910 2244
4903 2193
4897 2145
4893 2084
4893 2054
4893 2035
4893 2025
4893 2024
4894 2031
4896 2043
4898 2061
4901 2078
4904 2091
4907 2098
4911 2097
4917 2093
4925 2087
4935 2082
4945 2079
4955 2079
4966 2083
4983 2094
4992 2104
4998 2115
4999 2125
4996 2136
4993 2145
4989 2151
4986 2152
4986 2145
4988 2129
4993 2109
5003 2089
5018 2070
5038 2058
5062 2053
5088 2055
5133 2087
5160 2119
5182 2159
.PEN_UP
5204 2209
5224 2264
5250 2328
5285 2399
5330 2470
5382 2540
5440 2602
5500 2650
5557 2681
5607 2694
5648 2696
5673 2695
5684 2698
5674 2706
5653 2717
5606 2737
5570 2746
5536 2744
5499 2729
5467 2699
5443 2658
5426 2613
5415 2566
5408 2518
5401 2468
5395 2418
5391 2368
5389 2322
5391 2282
5398 2250
5410 2227
5422 2212
5432 2203
5443 2197
5446 2196
5448 2199
5448 2203
5447 2208
5446 2210
5443 2208
5435 2199
5426 2183
5418 2160
.PEN_DOWN
5409 2133
5407 2106
5407 2080
5413 2058
5423 2042
5438 2033
5457 2032
5477 2038
5497 2052
5515 2071
5529 2095
5540 2121
5549 2148
5558 2174
5568 2196
5578 2209
5588 2212
5599 2204
5607 2184
5614 2157
5618 2126
5618 2098
5614 2074
5608 2056
5600 2044
5589 2037
5573 2038
5547 2051
5526 2070
5504 2095
5480 2126
.PEN_UP
5454 2159
5432 2189
5414 2212
5402 2228
5394 2238
5386 2243
5379 2246
5372 2246
5366 2246
5363 2245
5363 2243
5366 2240
5374 2238
5390 2239
5413 2245
5445 2258
5506 2289
5550 2314
5593 2341
5632 2369
5665 2395
5691 2419
5707 2439
5712 2452
5711 2458
5707 2453
.PEN_DOWN
5705 2438
5704 2409
5706 2369
5709 2320
5714 2270
5719 2223
5724 2180
5729 2145
5733 2117
5737 2096
5740 2084
5744 2080
5749 2083
5759 2095
5770 2113
5786 2135
.PEN_UP
5803 2159
5818 2181
5832 2203
5842 2224
5847 2242
5848 2254
5844 2258
5836 2255
5826 2243
.PEN_DOWN
5816 2224
5807 2200
5801 2172
5797 2144
5797 2120
5800 2102
5807 2092
5814 2088
5823 2091
5833 2100
5842 2115
5851 2133
5858 2154
5864 2177
5868 2200
5871 2221
5874 2237
5877 2245
5879 2242
5880 2227
5881 2206
5882 2164
5883 2135
5885 2109
5887 2087
5890 2071
5892 2061
5894 2057
5896 2061
5899 2072
5903 2089
5908 2112
5914 2139
5920 2165
5929 2189
5939 2208
5951 2217
5969 2213
5978 2200
5987 2181
5993 2159
5999 2137
6005 2118
6011 2103
6018 2093
6024 2087
6032 2088
6041 2094
6052 2106
6064 2123
6074 2144
6083 2167
6089 2192
6095 2213
6098 2228
6096 2235
6091 2229
6085 2215
6078 2194
6072 2168
6068 2141
6067 2117
6069 2101
6074 2091
6080 2089
6088 2094
6098 2107
6107 2126
6115 2150
6119 2176
6121 2206
6119 2240
6116 2279
6113 2323
6108 2390
6107 2424
6105 2445
6104 2446
6104 2427
6105 2391
6106 2341
6108 2285
6112 2229
6119 2179
6129 2139
6141 2109
6154 2090
6168 2083
6180 2086
6194 2102
6206 2126
6217 2158
.PEN_UP
6228 2198
6240 2244
6258 2298
6283 2359
6314 2421
6349 2481
6387 2535
6425 2579
6464 2610
6501 2628
6531 2631
6560 2621
6588 2608
6619 2592
6649 2578
6670 2563
6676 2548
6669 2533
6650 2525
6625 2528
6592 2543
6537 2588
6499 2622
6463 2649
6430 2654
6401 2633
6377 2590
6358 2537
6344 2486
6335 2444
6332 2411
6332 2387
6333 2371
6335 2362
6337 2358
6342 2360
6353 2370
6359 2379
6363 2392
6368 2406
.PEN_DOWN
6377 2422
6391 2437
6411 2449
6431 2459
6451 2462
6466 2455
6474 2436
6471 2406
6458 2369
6439 2331
6418 2298
6401 2272
6391 2255
6386 2245
6386 2240
6389 2239
6394 2235
.PEN_UP
6397 2229
6398 2217
6400 2203
6405 2186
6412 2171
6418 2157
6420 2145
6420 2135
.PEN_DOWN
6414 2125
6409 2117
6405 2109
6402 2103
6401 2099
6409 2103
6422 2114
6438 2129
.PEN_UP
6453 2148
6464 2162
6471 2175
6476 2187
6481 2197
6493 2209
6510 2220
6534 2232
6551 2238
.PEN_DOWN
780 1498
778 1502
777 1504
777 1503
778 1500
778 1489
781 1469
783 1436
786 1394
788 1348
789 1302
790 1263
793 1233
795 1213
798 1199
801 1191
802 1189
802 1190
801 1200
799 1214
796 1236
793 1266
790 1302
788 1342
787 1379
786 1411
785 1434
785 1444
786 1441
787 1421
790 1389
795 1349
802 1309
812 1276
826 1250
842 1232
857 1219
874 1212
891 1211
916 1216
933 1227
946 1242
956 1258
961 1275
961 1291
958 1307
951 1320
943 1329
937 1334
932 1331
928 1322
924 1309
922 1294
921 1279
924 1266
930 1253
938 1238
954 1212
967 1192
980 1175
995 1162
1012 1157
1026 1159
1037 1167
1046 1181
1050 1196
1049 1212
1045 1225
1034 1240
1019 1254
1004 1266
989 1277
980 1282
976 1283
980 1279
988 1273
.PEN_UP
1001 1267
1018 1261
1040 1257
1070 1257
1109 1259
1156 1264
1211 1270
1269 1277
1323 1284
1370 1290
1406 1295
1434 1298
1454 1300
1465 1301
1469 1302
1466 1303
1457 1303
1446 1301
1422 1295
1405 1286
.PEN_DOWN
1387 1271
1373 1253
1365 1230
1362 1207
1365 1184
1373 1164
1384 1148
1397 1138
1411 1133
1422 1133
1431 1138
1436 1146
1438 1160
1440 1177
1442 1197
1441 1232
1440 1255
1438 1279
1438 1299
1441 1312
1445 1319
1452 1319
1461 1312
1472 1300
1483 1282
1495 1260
1504 1237
1511 1210
1516 1183
1517 1159
1516 1140
1515 1127
1512 1122
1509 1122
1507 1129
1505 1143
1502 1165
1503 1189
1507 1211
1515 1227
1526 1234
1538 1234
1551 1229
1564 1222
1577 1213
1591 1206
1603 1203
1616 1203
1630 1208
1642 1215
1653 1224
1660 1233
1663 1244
1656 1258
1646 1266
1635 1269
1624 1267
1619 1258
1616 1243
1617 1223
1622 1201
1631 1182
1644 1165
1661 1155
1682 1150
1706 1150
1729 1154
1757 1164
1786 1178
1817 1193
.PEN_UP
1852 1213
1900 1240
1932 1259
1965 1279
2001 1298
2037 1314
2074 1327
2106 1336
2132 1341
2151 1345
2161 1347
2165 1349
2164 1350
2161 1348
2155 1343
2144 1332
2132 1313
2117 1288
.PEN_DOWN
2103 1259
2090 1214
2086 1190
2088 1171
2094 1157
2104 1149
2118 1146
2135 1149
2153 1159
2170 1172
2184 1187
2191 1200
2193 1210
2192 1216
2192 1218
2193 1216
2195 1210
2202 1200
2222 1181
2239 1170
2259 1163
2280 1161
2301 1164
2321 1172
2337 1183
2349 1196
2357 1210
2360 1222
2360 1233
2358 1242
2354 1248
2351 1251
2349 1251
2346 1249
2346 1245
2347 1242
2350 1241
.PEN_UP
2367 1247
2384 1255
2406 1265
2429 1276
2450 1282
2465 1283
2470 1277
2468 1265
2461 1249
.PEN_DOWN
2454 1231
2449 1212
2447 1193
2448 1177
2450 1165
2454 1156
2459 1155
2465 1160
2470 1171
2474 1187
.PEN_UP
2477 1205
2478 1223
2478 1242
2474 1262
2467 1281
2453 1298
2439 1310
2427 1316
.PEN_DOWN
2418 1320
2416 1321
2416 1321
2423 1326
2433 1334
2448 1346
.PEN_UP
2468 1364
2490 1383
2513 1405
2537 1426
2558 1443
2573 1454
2577 1455
2573 1446
2565 1427
.PEN_DOWN
2555 1400
2548 1366
2543 1329
2541 1291
2541 1256
2545 1225
2550 1201
2556 1184
2562 1173
2570 1171
2582 1181
2598 1200
2613 1228
.PEN_UP
2628 1265
2638 1304
2644 1347
2652 1387
2659 1419
2668 1437
2674 1437
2675 1423
2673 1398
.PEN_DOWN
2667 1366
2661 1331
2655 1296
2651 1263
2649 1235
2653 1213
2659 1197
2669 1190
2678 1189
2685 1195
.PEN_UP
2691 1204
2691 1216
2691 1230
2694 1246
2702 1262
2715 1274
2734 1283
2757 1285
2782 1283
2810 1277
2837 1268
2865 1257
2895 1244
2924 1228
2953 1209
2976 1187
2990 1167
.PEN_DOWN
3002 1143
3005 1134
3006 1132
3008 1135
3009 1143
3012 1156
3016 1173
3019 1194
3021 1215
3021 1235
3021 1251
3022 1263
3025 1268
3031 1265
3042 1254
3054 1234
3067 1208
3077 1179
3083 1152
3082 1128
3073 1103
3064 1092
3053 1087
3045 1087
3037 1090
3032 1096
3030 1104
3030 1115
3033 1127
3041 1140
3056 1153
3075 1167
3099 1181
3123 1197
3146 1213
3163 1229
3175 1243
3181 1260
3179 1268
3172 1269
3160 1262
3148 1248
3137 1226
3132 1201
3134 1175
3141 1154
3152 1138
3167 1130
3185 1129
3204 1133
3224 1143
3242 1157
3258 1174
3269 1192
3276 1207
3279 1220
3279 1230
3276 1235
3273 1232
3269 1221
3264 1205
3262 1186
3263 1168
3269 1154
3277 1145
3286 1140
3297 1140
3309 1144
3322 1150
3331 1157
3339 1161
3343 1164
3346 1165
3347 1165
3348 1165
3348 1165
3350 1167
3352 1170
3354 1174
3355 1179
3355 1185
3356 1190
3356 1196
3357 1202
3357 1209
3356 1216
3356 1222
3356 1226
3356 1228
3356 1228
3355 1225
3353 1221
3350 1219
3345 1222
3344 1232
.PEN_UP
3348 1248
3358 1271
3377 1301
3406 1337
3449 1378
3503 1425
3569 1473
3672 1673
3671 1645
3673 1613
3676 1590
3682 1579
3691 1578
3699 1586
3706 1598
3709 1608
3706 1613
3700 1607
3694 1584
.PEN_DOWN
3688 1544
3687 1486
3686 1415
3685 1342
3685 1275
3687 1221
3688 1182
3689 1160
3690 1151
3687 1157
3681 1173
3671 1200
3656 1233
3637 1272
3617 1308
3599 1334
3588 1349
3584 1349
3586 1339
3593 1324
3613 1301
3630 1293
3651 1291
3674 1298
3697 1313
3720 1334
3743 1362
3762 1394
3776 1429
3785 1466
3789 1505
3790 1542
3791 1570
3791 1588
3791 1594
3792 1585
3791 1549
3791 1510
3789 1462
3787 1411
3785 1360
3783 1314
3782 1272
3781 1237
3779 1209
3777 1189
3774 1179
3773 1176
3774 1181
3776 1193
3781 1208
3787 1223
3793 1234
3802 1238
3810 1235
3825 1224
3835 1215
3846 1207
3859 1203
3873 1204
3887 1209
3901 1218
3913 1231
3922 1246
3928 1262
3929 1277
3925 1292
3919 1303
3911 1308
3901 1306
3890 1296
3881 1279
3872 1247
3873 1223
3877 1203
3885 1188
3895 1178
3907 1175
3922 1178
3938 1187
3954 1200
3971 1218
3984 1236
3996 1253
4006 1269
4012 1280
4016 1287
4018 1286
4018 1277
4018 1261
4018 1231
4017 1209
4017 1189
4016 1173
4016 1162
4017 1157
4019 1157
4022 1162
4028 1174
4035 1191
4042 1211
4050 1233
4058 1254
4066 1271
4073 1282
4078 1285
4080 1280
4081 1269
4082 1254
4083 1238
4083 1216
4084 1206
4084 1200
4085 1199
4085 1199
4084 1202
4085 1207
4086 1216
4088 1228
4092 1242
4101 1257
4112 1268
4126 1271
4140 1266
4152 1253
4162 1233
4175 1200
4182 1184
4188 1172
4194 1167
4200 1167
4209 1175
4219 1188
4231 1204
.PEN_UP
4246 1219
4260 1227
4274 1228
4283 1220
4287 1208
4287 1196
4287 1185
.PEN_DOWN
4288 1178
4292 1174
4296 1173
4300 1177
4305 1189
4311 1205
4316 1228
.PEN_UP
4322 1257
4329 1288
4340 1327
4358 1372
.PEN_DOWN
0 0
.PEN_UP
0 0
.PEN_DOWN
0 0
.PEN_UP
0 0
.PEN_DOWN
0 0
.PEN_UP
0 0
.PEN_DOWN
0 0
.PEN_UP
0 0
.PEN_DOWN
0 0
.PEN_UP
0 0
.PEN_DOWN
0 0
.PEN_UP
0 0
.PEN_DOWN
0 0
.PEN_UP
0 0
.PEN_DOWN
0 0
.PEN_UP
0 0
.PEN_DOWN
0 0
.PEN_UP
0 0
.PEN_DOWN
0 0
.PEN_UP
0 0
.PEN_DOWN
0 0
.PEN_UP
0 0
.PEN_DOWN
0 0
.PEN_UP
0 0
.PEN_DOWN
0 0
.PEN_UP
0 0
.PEN_DOWN
0 0
.PEN_UP
0 0
.PEN_DOWN
0 0
.PEN_UP
0 0
.PEN_DOWN
0 0
.PEN_UP
0 0
.PEN_DOWN
0 0
.PEN_UP
0 0
.PEN_DOWN
0 0
.PEN_UP
0 0
.PEN_DOWN
0 0
.PEN_UP
0 0
.PEN_DOWN
0 0
.PEN_UP
0 0
.PEN_DOWN
0 0
.PEN_UP
0 0
.PEN_DOWN
0 0
.PEN_UP
0 0
.PEN_DOWN
0 0
.PEN_UP
0 0
.PEN_DOWN
865 4778
867 4750
868 4731
869 4714
872 4698
875 4685
878 4675
880 4664
881 4656
879 4651
871 4650
859 4656
.PEN_UP
840 4667
818 4684
796 4705
776 4727
762 4749
755 4766
748 4777
744 4782
744 4784
.PEN_DOWN
744 4785
755 4787
774 4790
803 4794
842 4799
885 4804
928 4810
964 4814
987 4815
1001 4814
1002 4809
990 4802
.PEN_UP
965 4792
928 4777
888 4761
852 4742
825 4722
809 4699
802 4677
798 4657
797 4641
799 4631
.PEN_DOWN
804 4625
817 4624
839 4626
871 4632
909 4641
947 4652
983 4664
1011 4676
1031 4688
.PEN_UP
1050 4698
1063 4708
1081 4718
1103 4729
1129 4741
1156 4754
1180 4766
1200 4777
1211 4786
1214 4794
1213 4799
1208 4804
1201 4806
1196 4808
1192 4808
1190 4805
1188 4800
1184 4793
1179 4781
1173 4765
.PEN_DOWN
1166 4744
1162 4719
1161 4695
1165 4671
1174 4651
1187 4634
1200 4620
1211 4613
1222 4608
1232 4609
1243 4614
1254 4622
1262 4632
1269 4644
1272 4655
1275 4664
1277 4668
1280 4668
1284 4665
1291 4659
1303 4654
1326 4650
1345 4652
1361 4658
1374 4665
1383 4673
1386 4681
1386 4689
1383 4698
1378 4706
1369 4716
1357 4726
1347 4733
1337 4737
1334 4736
1336 4730
1346 4721
1362 4711
1382 4703
1404 4699
1436 4701
1455 4708
1471 4716
1482 4724
1488 4731
1489 4737
1483 4742
1473 4745
1460 4746
1447 4743
1434 4735
1423 4722
1413 4705
1405 4689
1401 4674
1404 4661
1416 4647
1427 4640
1440 4636
1455 4635
1471 4635
1490 4635
1507 4634
1521 4632
1532 4630
1537 4627
1539 4622
1539 4617
1537 4613
1535 4610
1535 4609
1534 4610
1534 4615
1533 4624
1530 4648
1529 4669
1532 4690
1541 4708
1556 4720
1576 4723
1595 4716
1612 4702
1627 4681
1637 4659
1646 4639
1652 4623
1657 4613
1660 4607
1663 4606
1667 4610
1674 4621
1681 4638
1689 4663
.PEN_UP
1697 4695
1702 4752
1706 4797
1712 4836
1718 4863
1723 4872
1726 4863
1725 4841
.PEN_DOWN
1723 4810
1724 4776
1726 4741
1730 4706
1735 4675
1738 4649
1741 4629
1742 4619
1740 4616
1735 4622
.PEN_UP
1729 4634
1720 4649
1714 4667
1712 4684
1712 4696
1712 4703
1713 4706
1715 4708
.PEN_DOWN
1720 4710
1731 4714
1749 4717
1773 4721
1813 4727
1862 4734
1916 4741
.PEN_UP
1971 4747
2014 4750
2049 4752
2076 4753
2097 4753
2114 4754
2127 4755
2137 4758
2143 4762
2143 4767
2135 4772
2123 4774
2110 4773
.PEN_DOWN
2096 4765
2083 4751
2072 4731
2061 4709
2054 4687
2051 4669
2051 4655
2055 4647
2062 4643
2070 4643
2080 4647
2090 4654
2101 4665
2110 4678
2116 4694
2118 4712
2117 4730
2115 4745
2112 4754
2109 4754
2107 4744
2105 4727
2105 4706
2107 4684
2111 4664
2120 4646
2131 4630
2145 4620
2162 4614
2179 4612
2205 4621
2220 4631
2232 4644
2239 4659
2241 4676
2240 4694
2237 4710
2234 4722
2231 4727
2230 4724
2228 4715
2227 4701
2228 4682
2230 4664
2235 4648
2242 4635
2250 4625
2258 4619
2272 4615
2280 4616
2288 4620
2294 4625
2298 4632
2301 4640
2303 4649
2306 4658
2310 4665
2315 4665
2322 4660
2330 4649
2343 4635
2356 4622
2369 4612
2382 4605
2390 4603
2397 4602
2406 4606
2410 4611
2412 4620
2411 4633
2408 4650
2402 4672
2393 4697
2385 4720
2378 4739
2373 4750
2375 4753
.PEN_UP
2383 4752
2398 4747
2422 4742
2453 4738
2488 4736
2523 4735
2554 4734
2577 4735
2590 4736
2589 4736
2579 4736
2564 4734
.PEN_DOWN
2544 4731
2527 4724
2511 4714
2498 4698
2491 4679
2488 4658
2489 4639
2495 4623
2505 4613
2516 4608
2529 4608
2540 4612
2552 4619
2564 4628
2579 4648
2586 4662
2588 4678
2587 4692
2585 4701
2582 4703
2578 4698
2577 4686
2577 4671
2579 4655
2584 4642
2591 4633
2598 4626
2607 4623
2618 4623
2629 4627
2642 4637
2650 4649
2656 4661
2660 4674
2663 4689
2664 4703
2663 4714
2660 4721
2655 4718
2650 4705
2645 4685
2644 4663
2647 4642
2654 4627
2663 4617
2673 4612
2685 4613
2697 4620
2707 4632
2715 4649
2720 4669
2727 4705
2730 4732
2732 4757
2734 4774
2736 4781
2741 4771
2748 4746
2755 4711
2762 4667
2766 4617
2768 4568
2771 4521
2771 4479
2771 4446
2768 4419
2760 4401
2750 4391
2737 4388
2707 4398
2679 4413
2648 4435
2616 4463
2594 4495
2582 4525
2582 4551
2595 4570
2619 4585
.PEN_UP
2650 4599
2687 4610
2728 4621
2773 4630
2820 4634
2863 4628
2894 4617
2908 4595
2909 4572
2902 4550
.PEN_DOWN
2893 4528
2886 4513
2880 4501
2875 4492
2871 4489
2868 4493
2868 4506
2873 4528
.PEN_UP
2883 4558
2899 4595
2922 4640
2953 4692
2996 4751
3053 4818
3260 4672
3266 4662
3273 4650
3278 4642
3283 4637
3291 4637
3303 4639
3317 4644
3330 4654
3342 4667
3348 4683
.PEN_DOWN
3351 4702
3350 4721
3344 4738
3335 4750
3322 4754
3307 4746
3290 4728
3274 4701
3261 4669
3253 4639
3251 4613
3256 4594
3265 4585
3277 4584
3292 4590
3308 4604
3325 4622
3339 4642
3349 4664
3354 4683
3357 4698
3358 4706
3359 4706
3361 4698
3364 4683
3368 4664
3375 4645
3383 4627
3392 4615
3402 4608
3415 4610
3423 4621
3431 4637
.PEN_UP
3440 4658
3449 4679
3456 4701
3463 4722
3469 4740
3471 4751
3471 4752
3469 4743
3464 4727
.PEN_DOWN
3460 4707
3456 4685
3455 4664
3455 4645
3454 4631
3454 4622
3454 4618
3454 4619
3455 4622
3459 4630
3465 4642
3473 4660
3483 4680
3494 4699
3505 4714
3513 4720
3520 4719
3525 4710
3532 4696
3539 4681
3546 4667
3554 4656
3562 4649
3572 4647
3591 4654
3608 4667
3625 4682
.PEN_UP
3641 4700
3650 4714
3653 4727
3650 4733
3642 4734
3633 4727
.PEN_DOWN
3625 4712
3622 4692
3623 4667
3629 4639
3640 4615
3655 4596
3670 4586
3688 4585
3705 4591
3718 4605
3729 4624
3733 4646
3730 4672
3722 4703
3711 4741
3698 4786
3685 4834
3674 4873
3667 4897
3662 4899
3661 4879
3665 4848
3673 4808
3688 4766
3712 4726
3743 4690
3780 4663
3816 4643
3859 4633
3878 4639
3893 4656
.PEN_UP
3906 4684
3917 4720
3932 4767
3963 4824
4011 4891
4079 4971
4161 5061
4245 5159
4329 5257
4406 5347
4471 5422
4517 5477
4537 5513
4530 5542
4502 5565
4466 5585
4414 5600
4392 5590
4372 5560
4350 5509
4323 5439
4297 5356
4277 5267
4264 5181
4258 5102
4253 5033
4249 4971
4244 4918
4239 4869
4236 4827
4233 4791
4229 4762
4222 4734
4217 4725
4212 4723
4205 4726
4195 4736
4183 4750
4171 4771
4159 4795
4151 4818
4143 4836
4136 4845
4130 4840
.PEN_DOWN
4124 4822
4119 4792
4118 4753
4121 4712
4129 4676
4141 4646
4158 4624
4176 4611
4195 4606
4212 4608
4227 4618
4240 4632
4249 4650
4252 4669
4251 4685
4248 4696
4246 4702
4247 4701
4250 4693
4255 4681
4265 4667
4277 4656
4290 4647
4306 4644
4323 4645
4344 4652
4367 4664
4393 4683
4430 4716
4450 4739
4466 4763
4477 4784
4484 4799
4487 4805
4485 4799
4476 4783
4464 4757
4448 4725
4433 4692
4422 4663
4416 4640
4415 4625
4418 4617
4426 4615
4438 4621
4461 4643
4475 4665
4486 4689
4493 4715
4495 4740
4494 4759
4493 4769
4493 4768
4493 4755
4494 4736
4497 4714
4501 4693
4508 4677
4517 4665
4530 4658
4543 4656
4566 4666
4582 4678
4599 4695
4614 4712
4626 4730
4633 4746
4638 4757
4641 4763
4643 4762
4647 4751
4648 4735
4649 4713
4648 4691
4645 4672
4640 4654
4632 4641
4624 4633
4616 4628
4608 4627
4596 4631
4590 4640
4584 4654
4581 4669
.PEN_UP
4584 4687
4597 4702
4623 4717
4664 4733
4716 4751
4772 4769
4829 4787
4879 4805
4915 4818
4937 4824
4942 4821
4935 4807
.PEN_DOWN
4923 4782
4910 4753
4899 4721
4894 4691
4895 4667
4901 4649
4910 4639
4921 4636
4931 4639
4940 4648
4946 4661
4950 4678
4953 4698
4954 4722
4954 4749
4955 4776
4955 4797
4955 4807
4956 4804
4957 4787
4961 4761
4967 4727
4974 4691
4984 4632
4988 4593
4989 4556
4987 4522
4981 4493
4972 4471
4962 4457
4949 4451
4938 4453
4927 4464
4917 4482
4909 4507
4904 4536
4905 4566
4912 4597
4934 4640
4953 4666
4975 4690
4997 4710
5020 4727
5038 4740
5050 4749
5057 4753
5056 4750
5050 4736
5044 4714
5038 4686
5037 4658
5041 4633
5047 4617
5054 4607
5062 4603
5069 4604
5075 4611
5081 4622
5085 4635
5090 4663
5091 4684
5092 4706
5095 4728
5100 4746
5108 4758
5118 4763
5128 4761
5136 4751
5143 4733
5146 4713
5148 4688
5148 4664
5146 4643
5144 4624
5141 4612
5139 4606
5138 4604
5140 4613
5143 4626
5147 4645
5151 4666
5158 4687
5167 4703
5178 4712
5191 4710
5205 4701
5219 4686
5231 4672
5245 4660
5257 4652
5269 4649
5280 4650
5287 4655
5293 4668
5294 4678
5293 4690
5289 4702
5282 4712
5276 4719
5272 4720
5270 4712
5270 4697
5272 4678
5277 4658
5283 4643
5295 4635
5308 4632
5329 4640
5356 4655
5386 4676
.PEN_UP
5422 4705
5456 4737
5489 4773
5524 4815
5562 4861
5606 4913
5653 4969
5701 5029
5742 5089
5773 5147
5789 5200
5795 5246
5796 5286
5797 5324
5804 5361
5814 5399
5826 5431
5834 5450
5832 5448
5820 5420
5798 5367
5772 5296
5741 5181
5726 5110
5714 5044
5703 4977
5692 4908
5686 4842
5685 4784
5692 4740
5701 4708
5710 4686
5717 4672
5722 4665
5728 4666
5734 4671
5741 4681
5747 4694
5752 4709
5755 4726
5757 4744
5753 4769
5747 4779
5734 4780
5717 4773
5698 4752
.PEN_DOWN
5677 4720
5661 4683
5649 4643
5643 4606
5643 4577
5651 4556
5666 4545
5684 4545
5704 4555
5722 4571
5738 4593
5748 4618
5752 4644
5754 4671
5755 4693
5755 4708
5756 4710
5757 4698
5757 4677
5758 4651
5761 4624
5767 4602
5775 4587
5786 4578
5800 4579
5814 4587
5829 4602
5844 4623
5856 4648
5866 4677
5872 4713
5879 4779
5881 4828
5883 4872
5885 4905
5886 4920
5885 4916
5883 4898
5879 4870
5875 4835
5875 4794
5877 4750
5880 4707
5885 4664
5891 4625
5895 4594
5899 4570
5902 4556
5904 4550
5907 4550
5910 4563
5912 4577
5914 4596
5916 4617
5921 4637
5928 4655
5937 4669
5948 4677
5957 4682
5966 4684
5974 4684
5980 4683
5983 4681
5982 4676
5979 4670
5974 4660
5968 4649
5959 4633
5951 4625
5943 4624
.PEN_UP
5937 4634
5934 4658
5939 4695
5955 4739
5983 4783
6027 4822
6086 4858
6162 4895
6256 4934
6364 4977
6477 5014
6584 5039
6676 5044
6742 5027
6779 4999
6778 4959
6749 4953
6711 4975
6675 5025
6643 5097
6613 5175
6585 5237
6556 5269
6531 5270
6511 5249
6499 5219
6491 5188
6482 5159
6468 5133
6446 5109
6419 5088
6392 5068
6361 5047
6318 5009
6288 4977
6260 4940
6234 4898
6209 4853
6190 4806
6175 4762
6164 4725
6158 4695
6155 4672
6155 4656
6158 4644
6161 4636
6162 4631
6161 4626
6156 4621
6150 4617
6143 4614
6134 4614
6114 4619
6098 4626
6079 4635
6061 4643
6042 4649
6023 4654
6006 4657
5988 4662
5974 4666
5960 4673
5949 4679
5943 4684
5941 4687
5943 4689
5949 4689
5957 4689
5964 4690
5968 4693
5972 4701
.PEN_DOWN
5973 4708
5978 4715
5988 4722
6003 4727
6021 4730
6041 4729
6058 4725
6069 4716
6073 4705
6070 4691
6058 4676
6039 4662
6015 4650
5991 4641
5971 4637
5948 4635
5937 4636
5931 4638
5929 4640
5929 4643
5933 4647
5940 4653
5952 4659
5969 4665
5993 4672
6021 4681
6051 4694
6081 4709
6108 4727
6128 4745
6142 4760
6149 4770
6150 4776
6146 4776
6140 4769
6126 4743
6116 4719
6108 4695
6106 4675
6107 4662
6111 4654
6117 4653
6123 4654
6129 4660
6136 4670
6142 4683
6149 4698
6156 4715
6163 4731
6171 4745
6177 4756
6181 4761
6183 4759
6183 4742
6184 4725
6186 4708
6190 4693
6198 4680
6207 4671
6217 4667
6228 4667
6241 4673
6255 4683
6271 4696
6285 4711
6296 4727
6304 4745
6309 4765
6312 4786
6313 4804
6313 4819
6312 4817
6312 4804
6314 4782
6317 4755
6324 4728
6334 4705
6344 4688
6354 4677
6360 4671
6363 4670
6363 4672
6362 4678
6359 4686
6356 4696
.PEN_UP
6350 4707
6343 4718
6337 4729
6332 4738
6330 4744
6329 4747
6326 4747
6322 4745
6314 4742
6306 4740
6297 4740
6291 4739
6284 4740
6279 4742
6278 4743
.PEN_DOWN
6278 4745
6284 4746
6294 4748
6310 4750
6330 4754
6361 4765
6395 4778
6427 4793
.PEN_UP
6459 4810
6486 4823
6513 4834
6543 4843
6577 4848
6612 4849
6649 4848
6686 4846
6720 4843
6751 4840
6776 4838
6793 4834
6801 4829
6800 4821
6792 4809
6779 4794
6765 4778
6751 4765
6740 4754
6727 4744
6720 4743
6714 4744
6711 4747
6710 4752
6710 4757
6710 4759
6709 4757
6705 4751
6697 4741
6688 4728
6678 4714
6671 4703
6665 4694
6662 4688
6661 4685
6661 4682
.PEN_DOWN
6661 4681
6663 4682
6667 4685
6674 4691
6684 4702
6700 4718
6718 4738
6737 4761
6756 4785
6771 4806
6782 4822
6788 4829
6792 4824
6791 4810
6788 4787
6782 4760
6772 4734
6760 4711
6747 4692
6734 4678
6723 4670
6709 4666
6703 4668
6700 4672
6701 4679
6705 4688
6712 4696
6724 4704
6738 4710
6756 4716
6777 4722
6799 4729
6822 4737
6844 4747
6863 4758
6876 4768
6885 4777
6889 4783
6890 4787
6889 4784
6886 4776
6882 4763
6880 4746
6880 4726
6883 4707
6888 4692
6894 4682
6899 4678
6903 4679
6903 4685
6898 4694
6892 4706
.PEN_UP
6883 4720
6876 4734
6871 4750
6867 4769
6865 4786
6862 4799
6858 4807
6855 4810
6853 4808
.PEN_DOWN
6853 4803
6857 4796
6863 4787
6872 4779
6886 4775
6902 4776
6919 4781
.PEN_UP
6938 4789
6956 4798
6974 4807
6994 4815
7012 4822
7025 4827
7030 4831
7030 4833
7026 4830
7024 4822
.PEN_DOWN
7023 4806
7028 4785
7038 4759
7050 4734
7066 4711
7080 4693
7091 4682
7100 4677
7105 4676
7112 4684
7118 4696
7123 4714
.PEN_UP
7129 4736
7131 4759
7134 4782
7138 4801
7139 4811
7138 4811
7130 4799
7116 4781
7099 4758
.PEN_DOWN
7079 4734
7060 4710
7043 4688
7031 4670
7025 4656
7024 4648
7028 4647
7037 4651
7051 4663
.PEN_UP
7069 4679
7090 4699
7114 4721
7143 4744
7174 4767
7208 4790
7243 4811
7282 4831
7322 4847
7360 4859
7395 4867
7423 4872
7442 4874
7452 4873
7454 4868
7449 4857
.PEN_DOWN
7441 4835
7432 4804
7425 4766
7421 4727
7423 4693
7429 4664
7439 4642
7450 4627
7460 4618
7468 4616
7478 4620
7487 4629
7495 4642
7500 4658
7500 4677
7498 4694
7494 4707
7493 4714
7492 4712
7494 4703
7498 4688
7504 4673
7511 4662
7520 4654
7533 4652
7549 4652
7566 4656
7589 4668
7599 4679
7606 4691
7609 4702
7608 4715
7604 4729
7599 4741
7595 4750
7593 4756
7593 4758
7597 4757
7603 4754
7612 4753
7624 4752
7639 4754
7654 4759
7675 4770
7686 4778
7692 4785
7695 4792
7695 4798
7691 4805
7685 4810
7680 4812
7673 4808
7664 4799
7655 4782
7645 4760
7637 4736
7634 4711
7633 4690
7638 4672
7646 4661
7658 4654
7683 4654
7700 4659
7719 4668
7738 4680
7755 4696
7770 4716
7781 4736
7788 4758
7791 4775
7791 4786
7788 4790
7782 4786
7774 4776
7765 4759
7757 4738
7754 4715
7754 4692
7757 4671
7768 4649
7777 4640
7790 4635
7804 4637
7818 4646
7833 4661
7846 4681
7860 4704
7872 4732
7883 4766
7893 4807
7902 4853
7912 4901
7921 4942
7928 4971
7931 4985
7930 4983
7923 4967
7914 4938
7899 4877
7889 4830
7881 4783
7875 4742
7871 4709
7870 4686
7869 4672
7870 4664
7870 4661
7871 4664
7875 4672
7883 4685
7895 4704
7910 4726
7928 4750
7946 4773
7963 4793
7984 4815
7992 4826
7997 4833
7996 4837
7992 4836
7983 4827
7972 4809
7959 4784
7949 4755
7942 4727
7941 4704
7945 4685
7951 4671
7959 4663
7969 4657
7982 4656
7996 4660
8013 4667
8029 4678
8045 4693
8059 4711
8075 4742
8084 4761
8089 4776
8093 4783
8097 4780
8100 4768
8103 4749
8104 4725
8104 4701
8102 4680
8098 4664
8091 4653
8083 4646
8073 4644
8063 4645
8053 4651
8045 4664
8042 4681
.PEN_UP
8048 4711
8056 4727
8068 4739
8084 4746
8104 4746
8127 4741
8150 4731
8169 4719
8182 4707
8188 4697
8192 4689
.PEN_DOWN
8196 4683
8199 4679
8203 4675
8205 4671
8204 4668
8203 4665
8202 4663
8202 4663
8202 4667
8204 4672
8206 4678
.PEN_UP
8209 4685
8212 4689
8215 4693
8217 4694
8220 4693
8223 4691
8225 4689
8226 4686
8226 4684
8224 4681
8222 4677
8219 4673
8211 4665
8204 4662
8198 4661
.PEN_DOWN
8193 4660
8190 4661
8190 4663
8190 4666
8191 4670
.PEN_UP
8193 4675
8194 4680
8197 4688
8199 4697
8203 4708
8208 4721
8217 4736
8223 4745
8174 4621
8176 4625
8179 4630
8183 4634
8188 4637
8193 4639
8196 4641
8199 4642
8200 4645
8200 4648
8203 4651
8208 4655
8212 4658
8216 4660
8217 4660
.PEN_DOWN
8217 4659
8215 4658
8212 4657
8208 4656
8205 4656
8203 4657
8201 4658
8201 4659
8199 4661
8194 4663
8184 4662
8172 4661
8160 4658
8151 4655
8148 4654
8148 4655
8154 4659
8163 4665
8174 4672
8185 4678
8190 4681
8191 4682
8183 4684
8175 4686
.PEN_UP
8168 4691
8169 4698
8183 4708
8212 4720
8232 4727
.PEN_DOWN
0 0
.PEN_UP
0 0
.PEN_DOWN
0 0
.PEN_UP
0 0
.PEN_DOWN
0 0
.PEN_UP
0 0
.PEN_DOWN
0 0
.PEN_UP
0 0
.PEN_DOWN
0 0
.PEN_UP
0 0
.PEN_DOWN
0 0
.PEN_UP
0 0
.PEN_DOWN
0 0
.PEN_UP
0 0
.PEN_DOWN
0 0
.PEN_UP
0 0
.PEN_DOWN
0 0
.PEN_UP
0 0
.PEN_DOWN
0 0
.PEN_UP
0 0
.PEN_DOWN
0 0
.PEN_UP
0 0
.PEN_DOWN
0 0
.PEN_UP
0 0
.PEN_DOWN
0 0
.PEN_UP
0 0
.PEN_DOWN
0 0
.PEN_UP
0 0
.PEN_DOWN
0 0
.PEN_UP
0 0
.PEN_DOWN
0 0
.PEN_UP
0 0
.PEN_DOWN
0 0
.PEN_UP
0 0
.PEN_DOWN
0 0
.PEN_UP
0 0
.PEN_DOWN
0 0
.PEN_UP
0 0
.PEN_DOWN
0 0
.PEN_UP
0 0
.PEN_DOWN
0 0
.PEN_UP
0 0
.PEN_DOWN
823 2455
816 2462
807 2465
795 2460
779 2446
764 2424
750 2396
740 2367
735 2340
734 2319
737 2304
742 2296
749 2296
758 2303
768 2315
777 2331
785 2351
792 2373
795 2395
799 2415
802 2430
805 2435
811 2427
817 2404
830 2345
839 2294
848 2241
857 2191
861 2147
860 2107
855 2074
843 2045
829 2023
815 2010
802 2006
790 2012
779 2030
767 2059
755 2095
749 2138
752 2182
765 2225
801 2285
833 2320
868 2351
906 2376
941 2396
968 2407
985 2412
992 2408
989 2393
978 2368
961 2335
942 2300
927 2269
917 2245
913 2228
913 2220
915 2215
925 2223
937 2239
952 2260
965 2286
975 2314
980 2340
983 2359
984 2368
983 2364
981 2346
977 2320
974 2288
973 2259
974 2235
980 2217
987 2207
997 2201
1008 2200
1022 2205
1045 2222
1060 2239
1074 2261
1085 2286
1091 2313
1094 2335
1095 2351
1094 2357
1092 2352
1091 2340
1090 2322
1090 2303
1093 2286
1096 2273
1101 2265
1107 2261
1114 2261
1123 2263
1133 2268
1156 2283
1172 2296
1188 2312
1203 2328
1213 2342
1218 2353
1220 2358
1218 2359
1215 2352
1208 2340
1199 2322
1189 2300
1182 2280
1179 2263
1184 2251
1195 2244
1221 2240
1245 2242
1273 2247
1300 2256
1330 2271
1360 2290
1388 2313
.PEN_UP
1422 2341
1460 2368
1508 2396
1564 2422
1623 2446
1681 2467
1731 2482
1771 2491
1797 2491
1807 2483
1804 2473
1790 2462
1759 2452
1738 2455
1723 2465
1713 2484
1707 2511
1703 2541
1698 2567
1689 2584
1678 2584
1665 2566
.PEN_DOWN
1650 2536
1639 2497
1629 2452
1625 2407
1624 2363
1622 2325
1621 2298
1618 2280
1615 2273
1610 2275
1602 2284
1594 2298
.PEN_UP
1585 2316
1575 2334
1565 2355
1557 2376
1552 2394
.PEN_DOWN
1553 2411
1563 2423
1581 2431
1602 2433
1624 2429
1644 2416
1659 2396
1668 2369
1674 2340
1678 2314
1686 2292
1700 2278
1718 2273
1740 2274
1760 2282
1776 2293
1786 2306
1787 2320
1777 2332
1759 2344
1734 2352
1712 2358
1690 2363
1674 2368
1668 2374
.PEN_UP
1666 2382
1675 2386
1693 2388
1719 2388
1760 2386
1815 2383
1881 2379
1950 2377
2012 2376
2066 2376
2112 2378
2151 2384
2181 2393
2201 2407
2211 2424
2212 2446
2209 2474
2204 2508
2200 2544
2195 2577
2192 2602
2187 2610
.PEN_DOWN
2184 2594
2182 2559
2180 2512
2179 2457
2179 2400
2177 2348
2176 2303
2172 2271
2168 2252
2162 2242
2156 2243
2146 2253
2135 2272
2122 2297
.PEN_UP
2105 2326
2090 2355
2074 2381
2060 2401
2050 2412
.PEN_DOWN
2044 2411
2044 2401
2046 2386
2051 2370
2058 2358
2066 2351
2076 2351
2090 2359
2106 2372
2127 2392
2149 2415
2170 2441
2189 2469
2204 2499
2216 2533
2227 2567
2236 2596
2243 2616
2249 2625
2253 2608
2253 2579
2252 2538
2249 2489
2246 2435
2242 2381
2240 2333
2240 2294
2241 2266
2242 2249
2242 2241
2243 2240
2244 2245
2246 2257
2249 2277
2254 2302
2262 2329
2276 2358
2284 2365
2289 2361
2294 2348
2299 2329
2303 2305
2308 2282
2313 2263
2319 2246
2328 2234
2339 2226
2351 2222
2363 2222
2373 2228
2384 2239
2391 2252
2397 2268
2400 2285
2400 2309
2399 2322
2398 2329
2398 2328
2400 2320
2403 2307
2409 2293
2416 2282
2426 2274
2439 2271
2449 2271
2461 2274
2472 2281
2482 2292
2494 2305
2505 2320
2514 2334
2527 2351
2533 2355
2538 2352
2541 2340
2543 2323
2545 2303
2545 2281
2542 2262
2537 2247
2528 2235
2514 2228
2496 2225
2477 2226
2457 2235
2438 2250
2422 2271
.PEN_UP
2407 2298
2395 2328
2383 2362
2372 2394
2361 2425
2353 2451
2349 2470
2348 2488
2353 2503
2361 2519
2371 2533
2386 2550
2405 2571
2431 2595
2465 2620
2509 2648
2562 2673
2620 2698
2679 2720
2739 2738
2797 2753
2853 2764
2934 2788
2976 2815
3003 2849
3015 2883
3011 2906
2989 2905
2954 2877
2917 2825
2883 2759
2858 2689
2845 2625
2840 2572
2840 2530
2843 2501
2851 2484
2860 2477
2870 2479
2879 2488
2888 2502
2896 2521
2907 2555
2914 2581
2921 2609
2930 2635
2939 2655
2944 2665
2945 2659
2941 2638
.PEN_DOWN
2935 2605
2929 2561
2926 2515
2925 2468
2928 2423
2933 2384
2940 2349
2946 2322
2952 2304
2955 2292
2957 2286
2958 2284
2959 2288
2962 2298
2968 2311
2978 2333
2993 2358
3008 2385
.PEN_UP
3025 2411
3040 2431
3051 2445
3058 2455
3060 2460
3056 2462
.PEN_DOWN
3049 2459
3040 2448
3030 2428
3021 2398
3013 2363
3009 2328
3009 2298
3013 2277
3019 2264
3025 2260
3030 2263
3037 2272
3045 2286
3055 2305
3065 2327
3070 2352
3073 2379
3074 2405
3076 2426
3078 2440
3081 2446
3084 2441
3086 2429
3090 2408
3094 2367
3096 2339
3096 2313
3097 2289
3097 2272
3098 2259
3099 2253
3101 2252
3102 2255
3105 2264
3109 2278
3114 2299
3120 2323
3127 2347
3135 2365
3143 2375
3152 2375
3165 2359
3173 2341
3182 2322
3191 2304
3200 2290
3210 2281
3221 2276
3234 2277
3249 2284
3265 2296
3280 2312
3291 2329
3297 2346
3298 2363
3294 2377
3289 2386
3282 2384
3274 2371
3266 2348
3258 2305
3257 2281
3261 2263
3269 2252
3280 2248
3293 2250
3307 2256
3321 2268
3331 2283
3340 2301
3344 2323
3344 2350
3342 2383
3337 2420
3330 2460
3324 2495
3318 2521
3313 2534
3306 2519
3303 2490
3304 2449
3310 2403
3324 2357
3346 2315
3378 2283
3415 2258
3453 2243
3489 2239
3523 2248
3556 2270
3587 2303
.PEN_UP
3621 2346
3654 2395
3694 2451
3745 2512
3807 2580
3876 2656
3948 2735
4018 2815
4079 2889
4133 2950
4171 3002
4196 3043
4204 3077
4195 3107
4176 3135
4149 3162
4122 3189
4099 3210
4079 3218
4062 3210
4049 3186
4037 3146
4022 3094
4003 3029
3961 2909
3924 2820
3886 2730
3847 2650
3813 2583
3788 2530
3773 2489
3765 2457
3762 2430
3761 2407
3759 2386
3757 2369
3756 2354
3756 2345
3759 2341
3766 2342
3784 2354
3802 2369
3817 2385
3828 2404
3833 2422
3829 2435
.PEN_DOWN
3823 2446
3812 2449
3798 2444
3780 2431
3760 2407
3740 2378
3725 2346
3717 2318
3713 2297
3715 2285
3720 2281
3728 2284
3746 2303
3762 2323
3778 2347
3791 2373
3801 2397
3807 2417
3812 2430
3814 2434
3816 2426
3818 2407
3820 2380
3825 2348
3833 2317
3843 2291
3857 2274
3873 2267
3895 2270
3920 2282
3948 2302
.PEN_UP
3979 2326
4025 2369
4053 2398
4077 2428
4100 2453
4123 2472
4149 2480
4172 2475
4186 2456
4192 2426
4188 2389
.PEN_DOWN
4180 2348
4173 2309
4168 2270
4166 2237
4168 2212
4172 2195
4176 2188
4179 2190
4182 2201
4186 2221
4191 2249
4196 2284
4201 2323
4206 2359
4213 2389
4222 2408
4232 2414
4242 2408
4252 2390
4260 2364
4267 2335
4272 2306
4275 2283
4279 2264
4283 2252
4287 2244
4291 2241
4301 2245
4309 2254
4319 2268
4327 2285
4334 2304
4342 2323
4348 2340
4355 2354
4360 2366
4363 2373
4364 2378
4365 2380
4365 2381
4364 2382
4363 2381
4362 2381
4361 2380
4360 2379
4360 2379
4360 2381
4361 2384
4363 2391
4366 2401
4368 2412
4369 2421
4369 2426
4368 2427
4364 2424
4358 2415
4351 2399
4344 2377
4339 2351
4338 2325
4341 2304
4346 2287
4350 2276
4361 2270
4371 2272
4384 2279
4401 2291
4418 2307
4434 2327
4448 2348
4458 2371
4463 2393
4463 2410
4462 2421
4458 2420
4454 2408
4451 2387
4447 2358
4445 2328
4446 2300
4448 2279
4452 2265
4464 2253
4473 2250
4483 2253
4493 2260
4503 2272
4512 2287
4519 2302
4524 2317
4526 2329
4527 2336
4527 2337
4529 2332
4533 2323
4540 2312
4549 2303
4560 2297
4573 2295
4587 2297
4609 2303
4621 2310
4630 2319
4636 2330
4639 2344
4640 2359
4639 2374
4635 2391
4628 2407
4616 2422
4602 2440
4585 2461
4567 2489
.PEN_UP
4550 2525
4540 2567
4544 2611
4562 2651
4597 2683
4651 2706
4726 2727
4818 2748
4921 2772
5025 2799
5120 2822
5196 2842
5247 2867
5268 2903
5261 2952
5226 3004
5175 3056
5119 3105
5066 3151
5027 3196
5001 3227
4982 3229
4959 3176
4946 3111
4932 3036
4917 2956
4902 2878
4887 2803
4876 2735
4869 2673
4867 2617
4866 2567
4868 2523
4870 2485
4874 2454
4879 2430
4882 2411
4886 2396
4887 2382
4886 2368
4885 2354
4884 2340
4883 2324
4883 2318
4882 2316
4883 2317
4882 2319
4882 2321
4880 2323
4880 2324
4880 2324
4881 2324
4884 2325
4887 2329
4891 2335
4894 2343
4898 2353
4900 2363
4902 2374
4903 2385
4904 2402
4908 2415
4912 2427
4916 2439
4920 2450
4922 2458
.PEN_DOWN
4924 2461
4923 2456
4921 2441
4917 2417
4914 2385
4911 2352
4911 2322
4912 2299
4914 2284
4915 2275
4916 2272
4916 2273
4916 2279
4914 2292
4913 2312
4912 2341
4914 2376
4919 2409
4928 2437
4940 2455
4952 2459
4966 2451
4976 2432
4983 2403
4987 2372
4990 2341
4993 2313
4997 2292
5001 2277
5004 2269
5007 2267
5011 2271
5026 2292
5039 2312
5060 2342
5082 2372
5103 2401
5123 2427
5135 2444
5142 2456
5145 2461
5144 2462
5138 2454
5130 2435
5118 2408
5107 2375
5097 2342
5092 2313
5091 2292
5096 2272
5101 2267
5109 2269
5119 2278
5130 2293
5141 2315
5151 2343
5158 2374
5164 2406
5170 2435
5175 2456
5179 2465
5182 2463
5182 2448
5182 2425
5182 2396
5183 2365
5186 2338
5192 2306
5198 2294
5204 2289
5213 2292
5223 2306
5237 2331
5252 2365
5266 2404
.PEN_UP
5277 2447
5283 2491
5288 2539
5290 2581
5291 2607
5291 2619
5291 2611
.PEN_DOWN
5289 2592
5287 2568
5285 2539
5283 2508
5283 2477
5284 2448
5285 2421
5285 2396
5284 2374
5282 2358
5279 2346
5275 2340
5271 2343
5266 2349
5263 2360
.PEN_UP
5259 2373
5256 2386
5255 2397
5254 2408
5255 2417
5258 2425
.PEN_DOWN
5263 2433
5271 2441
5282 2447
5297 2451
5317 2453
5338 2453
5358 2449
5375 2442
5389 2431
5399 2418
5405 2402
5407 2385
5407 2368
5405 2352
5404 2340
5404 2332
5404 2327
5403 2327
5404 2335
5404 2348
5403 2384
.PEN_UP
5402 2413
5402 2444
5405 2472
5408 2495
5410 2510
5408 2518
5402 2522
5396 2524
5390 2525
.PEN_DOWN
5387 2525
5389 2524
5393 2522
5401 2518
5413 2513
5428 2508
.PEN_UP
5444 2503
5460 2501
5477 2499
5492 2498
5505 2496
5511 2492
5511 2485
5506 2478
5501 2467
.PEN_DOWN
5495 2452
5492 2431
5489 2405
5489 2375
5491 2347
5496 2324
5503 2307
5511 2298
5520 2295
5528 2299
5536 2310
5543 2325
5546 2345
5547 2368
5544 2393
5540 2418
5536 2442
5532 2463
5530 2479
5530 2490
5531 2495
5534 2496
5537 2493
5543 2490
5550 2484
5561 2476
5572 2467
5583 2454
5592 2437
5599 2416
5604 2392
5606 2356
5607 2339
5608 2329
5608 2324
5609 2325
5609 2329
5609 2341
5608 2360
5608 2387
5612 2416
5619 2441
5629 2459
5641 2467
5654 2466
5668 2457
5680 2441
5692 2420
5703 2397
5721 2366
5735 2351
5749 2344
5761 2342
5772 2345
5780 2353
5785 2362
5790 2378
5793 2396
5793 2417
.PEN_UP
5792 2440
5788 2461
5786 2480
5784 2497
5784 2510
5785 2519
5786 2525
5792 2530
5799 2534
5810 2538
5822 2544
5834 2548
5843 2554
5852 2560
5859 2565
5863 2569
5868 2570
5871 2571
5869 2571
5868 2571
5867 2571
5864 2572
5863 2572
5860 2571
5854 2570
5848 2569
5847 2570
6022 1934
6028 1937
6035 1944
6043 1952
6051 1961
6063 1971
6075 1981
6087 1989
6096 1997
6102 2005
6104 2014
6102 2024
6096 2037
6087 2053
6073 2072
6057 2093
6037 2115
6018 2136
6003 2154
5994 2168
5989 2178
5986 2187
5984 2196
5982 2206
5979 2216
5976 2228
5973 2242
5967 2258
5959 2275
5949 2292
5939 2307
5928 2326
5924 2336
5921 2345
5918 2351
5914 2353
5907 2350
5897 2345
5886 2338
.PEN_DOWN
5874 2333
5866 2330
5861 2328
5860 2328
5860 2328
5863 2331
5868 2334
5875 2337
5883 2339
5888 2338
5890 2330
5886 2316
5879 2299
5872 2283
5866 2270
5863 2262
5863 2258
5867 2259
5874 2267
5883 2277
5891 2292
5896 2309
5897 2326
.PEN_UP
5894 2343
5890 2358
5890 2371
5895 2381
5907 2389
5929 2393
5939 2394
.PEN_DOWN
818 1578
816 1575
814 1571
813 1565
814 1555
814 1544
815 1528
815 1507
813 1480
810 1449
806 1418
802 1390
800 1369
800 1357
801 1351
801 1350
801 1354
799 1361
796 1373
789 1392
778 1414
764 1438
.PEN_UP
748 1463
734 1485
722 1503
712 1518
705 1529
695 1535
686 1538
676 1539
662 1539
650 1538
641 1537
.PEN_DOWN
636 1535
639 1533
650 1532
670 1532
701 1535
739 1542
782 1550
824 1560
861 1568
892 1573
914 1576
930 1575
940 1570
944 1560
942 1544
934 1524
924 1499
915 1473
909 1448
907 1424
909 1404
914 1389
923 1380
936 1377
952 1380
977 1393
987 1406
991 1420
987 1434
976 1448
960 1459
940 1468
922 1473
909 1475
904 1472
904 1467
909 1461
.PEN_UP
920 1455
937 1453
962 1453
997 1458
1037 1466
1081 1475
1126 1488
1168 1504
1207 1522
1240 1543
1266 1563
1285 1584
1297 1602
1304 1616
1307 1627
1308 1632
1307 1635
1302 1638
1297 1639
1292 1640
.PEN_DOWN
1289 1640
1289 1639
1289 1638
1289 1636
1290 1633
1290 1631
1291 1630
1291 1629
1291 1628
1291 1628
1291 1628
1291 1629
1291 1628
1290 1624
1290 1612
1289 1592
1290 1563
1293 1531
1296 1498
1300 1468
1302 1442
1303 1421
1301 1404
1298 1393
1295 1386
1292 1383
1291 1387
1289 1396
1288 1411
1289 1431
1294 1453
1303 1471
1314 1483
1326 1487
1339 1483
1350 1472
1360 1453
1367 1427
1369 1399
1367 1372
1361 1347
1353 1328
1343 1314
1327 1302
1317 1299
1307 1301
1299 1305
1292 1309
1287 1315
1287 1322
1296 1330
1312 1341
1335 1354
1363 1368
1390 1385
1417 1402
1440 1418
1456 1432
1465 1442
1466 1450
1460 1454
1451 1454
1435 1445
1426 1432
1421 1416
1421 1398
1425 1380
1433 1363
1444 1350
1462 1342
1485 1337
1513 1336
1545 1342
1575 1353
1605 1367
.PEN_UP
1637 1386
1670 1403
1706 1419
1748 1436
1794 1452
1845 1467
1896 1480
1946 1488
1987 1491
2017 1489
2032 1483
2030 1475
2014 1467
1988 1461
1959 1457
1932 1455
1908 1456
1890 1459
1880 1463
1874 1468
1871 1474
1869 1477
.PEN_DOWN
1865 1479
1860 1478
1844 1467
1830 1450
1817 1427
1808 1400
1804 1373
1803 1348
1806 1330
1813 1319
1820 1313
1829 1312
1837 1318
1843 1329
1848 1346
1853 1368
1858 1390
1863 1415
1869 1440
1876 1462
1890 1483
1901 1488
1913 1486
1925 1477
1936 1463
1946 1444
1952 1422
1955 1400
1956 1380
1956 1365
1956 1354
1957 1348
1960 1347
1964 1347
1971 1349
1981 1351
1999 1356
2011 1360
2021 1363
2029 1367
2034 1371
2039 1376
2044 1385
2048 1396
2051 1410
.PEN_UP
2054 1427
2055 1443
2060 1459
2070 1473
2088 1483
2115 1489
2149 1492
2187 1491
2228 1489
2268 1484
2305 1475
2336 1463
2358 1448
2368 1431
2366 1416
2355 1402
2335 1391
2314 1383
2293 1379
2274 1379
2261 1386
2255 1397
2255 1412
2258 1428
2263 1443
2267 1456
2270 1462
.PEN_DOWN
2272 1461
2274 1447
2275 1424
2276 1395
2277 1366
2278 1340
2278 1322
2278 1310
2278 1303
2278 1302
2278 1304
2279 1312
2280 1327
2282 1348
2285 1375
2287 1404
2291 1431
2296 1453
2301 1467
2307 1472
2313 1466
2319 1450
2330 1414
2337 1385
2344 1356
2351 1333
2357 1313
2363 1300
2369 1292
2376 1290
2384 1294
2397 1304
2414 1319
2431 1339
2446 1363
2456 1389
2461 1412
2463 1430
2461 1441
2456 1441
2442 1423
2432 1401
2425 1375
2424 1348
2430 1325
2441 1307
2457 1294
2475 1288
2494 1286
2510 1289
2523 1297
2531 1307
2535 1322
2536 1339
2530 1360
2521 1385
2509 1415
2494 1448
.PEN_UP
2478 1506
2473 1549
2477 1594
2489 1635
2508 1664
2531 1676
2549 1672
2562 1649
2570 1614
2575 1572
.PEN_DOWN
2581 1526
2586 1483
2593 1442
2599 1406
2606 1376
2612 1354
2615 1342
2617 1338
2615 1341
2611 1353
2603 1369
.PEN_UP
2593 1390
2583 1411
2576 1428
2572 1439
2572 1443
2575 1442
.PEN_DOWN
2581 1438
2592 1433
2607 1429
2630 1430
2656 1435
2689 1446
.PEN_UP
2731 1463
2781 1483
2845 1508
2919 1534
2998 1561
3075 1588
3142 1609
3198 1627
3238 1639
3257 1644
3252 1645
3228 1642
3191 1638
3148 1633
3104 1628
3063 1626
3025 1628
2992 1634
2967 1645
2948 1657
2936 1666
2929 1669
2926 1665
2918 1642
2912 1615
.PEN_DOWN
2906 1580
2904 1539
2903 1494
2904 1450
2906 1410
2909 1376
2913 1353
2918 1339
2921 1331
2924 1330
2924 1335
2921 1346
2913 1361
.PEN_UP
2901 1379
2885 1399
2869 1418
2855 1433
2844 1442
2837 1447
2832 1448
2829 1448
.PEN_DOWN
2830 1449
2837 1450
2851 1453
2873 1457
2903 1460
2934 1459
2959 1452
2976 1439
2984 1421
2987 1401
2989 1383
2993 1368
3001 1359
3013 1357
3040 1367
3061 1381
3079 1399
3092 1415
3094 1432
3085 1446
3067 1457
3045 1464
3022 1465
3004 1464
2994 1464
2990 1466
2994 1474
.PEN_UP
3003 1487
3018 1503
3040 1524
3067 1550
3100 1578
3135 1609
3170 1641
3203 1668
3228 1688
3247 1698
3260 1696
3268 1681
.PEN_DOWN
3275 1655
3282 1620
3289 1578
3293 1533
3296 1490
3297 1449
3297 1415
3296 1389
3295 1370
3295 1359
3295 1355
3295 1359
3296 1370
3297 1390
3299 1416
3305 1444
3317 1469
3332 1486
3350 1494
3368 1493
3381 1485
3391 1471
3394 1452
3390 1431
3380 1409
3367 1387
3350 1368
3332 1354
3308 1341
3294 1340
3284 1342
3277 1347
3274 1353
3279 1358
3290 1363
3308 1369
3331 1377
3358 1386
3388 1399
3419 1414
3450 1431
3474 1450
3489 1464
3498 1477
3498 1486
3493 1491
3477 1491
3462 1481
3447 1463
3437 1441
3435 1418
3440 1398
3455 1383
3475 1372
3499 1366
3523 1365
3546 1367
3566 1373
3582 1380
3597 1387
3608 1396
3618 1403
3626 1410
.PEN_UP
3633 1415
3640 1417
3649 1416
3663 1414
3684 1410
3714 1405
3751 1401
3789 1394
3823 1387
3850 1379
3867 1370
3877 1362
3880 1353
3875 1345
3868 1337
3858 1329
3847 1322
3837 1315
3827 1311
3817 1307
3800 1303
3792 1301
3784 1300
3775 1300
3767 1299
3758 1298
3750 1297
3741 1296
3731 1293
3719 1289
3706 1283
3692 1278
3677 1274
3664 1269
3653 1266
3644 1263
3639 1260
3634 1258
3632 1257
3631 1258
3630 1260
3630 1262
3630 1266
3629 1269
3629 1271
3628 1272
3627 1272
3627 1273
3626 1273
3626 1274
3626 1275
3626 1276
3625 1277
3624 1279
3623 1281
3622 1283
3618 1287
3614 1290
3609 1294
3607 1297
3603 1299
3600 1300
3598 1301
3596 1301
3596 1302
3597 1302
3599 1304
3600 1306
3601 1307
3602 1309
3602 1311
3601 1312
3600 1313
3599 1313
3595 1314
3593 1315
3591 1317
3589 1320
3589 1322
3588 1324
3587 1327
3587 1330
3587 1334
3585 1337
3585 1341
3583 1344
3584 1345
3586 1346
3589 1345
3592 1344
3596 1342
3599 1340
3600 1340
3599 1340
3594 1340
3591 1340
3589 1341
3590 1344
3589 1346
3590 1349
3590 1351
3591 1353
3593 1357
3596 1361
3598 1366
3600 1369
3603 1373
3602 1373
3602 1373
3602 1373
.PEN_DOWN
3601 1373
3603 1374
3606 1375
3609 1376
3610 1375
3612 1371
3612 1358
3611 1337
3608 1309
3603 1279
3596 1251
3589 1227
3581 1208
3573 1194
3566 1185
3558 1182
3546 1182
3535 1186
3522 1193
3510 1202
3501 1212
.PEN_UP
3493 1222
3487 1237
3487 1248
3490 1262
3498 1276
3509 1290
3523 1303
3540 1316
3560 1326
3582 1337
3604 1345
3626 1352
3644 1359
3659 1362
3673 1365
3682 1367
3691 1369
3691 1371
.PEN_DOWN
768 719
764 694
762 660
763 620
766 577
773 536
780 498
785 466
788 441
790 424
789 417
786 423
780 439
.PEN_UP
767 464
747 491
724 519
699 544
679 561
663 569
655 565
654 554
.PEN_DOWN
657 539
667 524
679 514
696 511
717 514
742 527
767 548
791 576
811 609
826 644
837 682
842 721
841 763
837 801
833 829
829 844
827 840
826 817
823 776
822 721
822 660
824 600
827 546
832 499
838 460
842 433
846 415
848 407
850 406
851 410
852 423
853 444
859 488
865 515
874 534
883 544
891 548
901 546
910 542
921 537
935 534
950 534
965 538
980 543
991 550
999 557
1002 564
1000 575
995 581
989 582
981 575
972 561
961 541
950 514
941 487
934 463
931 445
932 433
936 428
942 429
951 436
960 449
969 467
977 487
981 507
982 526
981 543
977 553
975 553
977 540
982 519
988 492
995 465
1004 441
1014 424
1027 414
1042 412
1058 418
1075 431
1091 451
1104 477
1112 505
1116 536
1116 570
1113 608
1109 646
1102 689
1099 700
1098 693
1100 672
1102 639
1107 600
1111 563
1116 527
1123 496
1127 472
1134 456
1138 448
1140 449
.PEN_UP
1140 459
1139 474
1137 492
1135 510
1134 526
1133 536
1133 543
1133 547
1133 549
.PEN_DOWN
1137 551
1147 554
1167 560
1198 568
1237 578
.PEN_UP
1283 590
1327 600
1367 611
1404 620
1435 627
1460 629
1476 625
1484 615
1478 595
1464 571
1451 542
.PEN_DOWN
1439 508
1437 477
1440 449
1448 428
1462 415
1483 410
1508 412
1532 422
1554 438
1572 460
1584 485
1591 509
1598 531
1604 547
1612 557
1622 558
1633 549
1642 531
1651 496
1652 471
1648 448
1642 428
1630 412
1613 401
1596 397
1573 399
1551 409
1531 428
.PEN_UP
1510 454
1492 486
1475 518
1458 550
1442 577
1430 598
.PEN_DOWN
1422 614
1420 624
1425 633
1436 643
1455 654
.PEN_UP
1479 668
1508 681
1543 695
1590 708
1659 723
1747 738
1848 753
1951 766
2042 776
2115 786
2164 793
2191 797
2197 799
2181 797
2154 793
2118 787
2061 773
2023 760
1987 747
1957 736
1933 730
1918 726
1912 726
1913 727
1917 730
1925 734
1934 740
1943 748
1952 758
1962 769
1969 779
1975 788
1976 793
1974 793
.PEN_DOWN
1966 775
1963 747
1961 705
1961 654
1963 602
1967 554
1972 515
1977 488
1980 470
1981 461
1981 462
1975 472
1967 487
.PEN_UP
1954 508
1938 527
1920 546
1904 562
1887 568
1875 564
1871 552
1874 532
.PEN_DOWN
1885 514
1899 498
1918 489
1939 488
1962 496
1984 510
2005 532
2023 560
2038 592
2052 631
2063 675
2068 725
2071 776
2071 823
2070 857
2070 875
2068 862
2067 826
2068 774
2069 714
2071 653
2072 600
2073 555
2075 515
2077 485
2079 463
2079 449
2079 444
2079 446
2079 455
2080 468
2081 481
2081 491
2082 495
2088 492
2097 486
2109 478
2125 473
2144 472
2164 477
2185 486
2202 498
2214 509
2218 521
2214 533
2206 541
2194 546
2183 545
2175 536
2174 523
2185 499
2204 485
2229 476
2262 473
2298 477
2333 487
2368 504
2398 524
2427 548
.PEN_UP
2463 576
2502 606
2548 641
2600 682
2650 729
2697 783
2739 842
2776 905
2806 966
2830 1019
2847 1061
2852 1089
2843 1104
2825 1110
2800 1111
2774 1111
2751 1110
2728 1100
2706 1079
2684 1044
2666 998
2654 943
2647 882
2645 818
2645 755
2647 697
2651 649
2657 609
2670 561
2678 536
2687 518
2695 505
2705 499
2714 498
2722 501
2731 508
2736 518
2740 532
2740 549
2736 570
.PEN_DOWN
2729 593
2721 613
2709 626
2697 628
2681 618
2667 596
2653 564
2643 526
2640 488
2641 455
2647 428
2658 410
2671 400
2686 399
2702 409
2720 428
2735 452
2746 478
2750 503
2746 526
2737 545
2728 556
2718 555
2709 536
2702 503
2697 458
2697 385
2700 340
2705 303
2713 275
2726 257
2738 247
2752 247
2768 257
2783 276
2799 304
2813 339
2822 379
2826 423
2828 467
2831 504
2833 530
2834 544
2833 541
2830 523
2828 497
2826 466
2828 435
2833 410
2841 392
2852 380
2864 375
2878 375
2891 381
2903 390
2914 404
2923 419
2928 436
2930 457
2930 476
2928 492
2927 501
2926 495
2925 478
2924 455
2925 431
2928 409
2935 394
2946 384
2961 381
2979 383
2998 391
3014 403
3027 421
3037 441
3043 464
3046 487
3047 509
3044 527
3040 539
3037 542
3033 536
3028 507
3025 482
3026 455
3030 432
3038 416
3051 407
3065 403
3081 406
3095 414
3111 428
3125 446
3139 469
3152 492
3163 514
3174 535
3186 551
3197 561
3210 563
3225 550
3231 532
3233 509
3231 483
3225 458
3215 437
3204 421
3190 412
3175 408
3159 409
3143 417
3131 429
3122 450
3118 478
3116 511
.PEN_UP
3117 552
3124 597
3137 647
3158 699
3186 749
3221 792
3257 823
3287 840
3312 837
3330 815
3341 774
.PEN_DOWN
3352 721
3359 662
3363 607
3365 557
3365 515
3362 480
3359 454
3354 438
3351 435
3347 443
.PEN_UP
3344 461
3342 484
3338 512
3333 542
3329 569
3326 590
3323 603
3321 609
3321 611
.PEN_DOWN
3326 612
3336 614
3351 617
3375 620
3404 622
3434 623
3462 621
3482 617
3494 609
3499 600
3500 590
3498 580
3496 570
3495 560
3493 548
3490 535
3486 518
3482 498
3482 478
3484 458
3488 443
3495 434
3502 429
3508 430
3515 435
3520 444
3525 459
3527 478
3528 512
.PEN_UP
3525 542
3522 574
3518 608
3516 638
3512 661
3506 674
3499 681
3489 683
3478 683
3469 684
.PEN_DOWN
3462 685
3461 686
3465 688
3475 688
3490 685
3511 681
.PEN_UP
3536 673
3561 664
3583 655
3599 647
3606 637
3606 625
3601 609
.PEN_DOWN
3596 588
3592 563
3589 534
3590 505
3594 479
3603 460
3614 448
3625 445
3635 449
3640 459
3644 474
3645 492
3641 512
3636 531
3626 563
3623 585
3626 604
3633 619
3644 625
3658 624
3672 616
3687 603
3698 586
3707 564
3713 540
3713 515
3712 489
3708 467
3705 449
3703 439
3702 438
3704 445
3706 472
3706 497
3706 523
3707 546
3710 561
3718 567
3728 565
3745 555
3767 542
3792 528
3819 516
3843 508
3864 505
3882 505
3895 511
3905 520
3911 540
3914 558
3915 576
3916 591
.PEN_UP
3917 601
3921 602
3932 595
3944 583
3958 568
3968 553
3973 540
3974 526
3977 514
3979 504
.PEN_DOWN
3984 494
3991 488
3997 482
4003 478
4007 475
4011 475
4013 477
4015 481
4016 486
4016 493
4015 499
4014 503
.PEN_UP
4014 505
4011 502
4009 498
4007 494
.PEN_DOWN
4004 488
4003 484
4002 479
4000 475
3999 474
3999 473
3999 475
3999 477
4000 480
4000 482
4000 483
3999 481
3998 478
3996 473
3994 468
3992 464
3991 462
3992 464
3996 469
4000 477
4007 487
4013 497
4018 507
4021 512
4021 515
4019 513
4015 507
4006 493
3999 482
3993 472
3987 467
3983 468
3979 475
3978 488
.PEN_UP
3979 507
3986 533
4001 566
4026 613
