.COMMENT #################################################################
	 # 								   #
	 #    This is the Stanford University / Hewlett Packard dataset.   #
	 #    It was orginally collected by:				   #
	 #	        Prof. David Rumelhart				   #
	 #	        Psychology Department				   #
	 #	        Stanford					   #
	 #    With funding assistance and additional data cleaning from	   #
	 #    Hewlett Packard Laboratories. HP is named as the data 	   #
	 #    contact to reduce the work load on Stanford but we 	   #
	 #    gratefully acknowledge Prof. Rumelhart's willingness to 	   #
	 #    donate this data to the community.			   #
	 # 								   #
	 ################################################################


.COMMENT  ################ Writer information ##################
.WRITER_ID	hpb0-asl
.AGE		 18   
.SEX		 F
.COMMENT Country field has format 'state/country'  
.COUNTRY	 New_York/usa
.COMMENT Mother tongue: english   
.HAND		 R
.STYLE		 CURSIVE

.COMMENT  ################ Data ##################

.PEN_DOWN
0 0
.PEN_UP
0 0
.PEN_DOWN
0 0
.PEN_UP
0 0
.PEN_DOWN
0 0
.PEN_UP
0 0
.PEN_DOWN
0 0
.PEN_UP
0 0
.PEN_DOWN
0 0
.PEN_UP
0 0
.PEN_DOWN
0 0
.PEN_UP
0 0
.PEN_DOWN
0 0
.PEN_UP
0 0
.PEN_DOWN
0 0
.PEN_UP
0 0
.PEN_DOWN
0 0
.PEN_UP
0 0
.PEN_DOWN
319 4035
322 4038
324 4039
324 4036
325 4028
327 4012
332 3987
338 3955
343 3919
348 3882
351 3847
353 3818
355 3797
358 3783
360 3777
363 3776
366 3779
370 3788
375 3802
383 3825
391 3856
401 3891
410 3926
419 3953
425 3970
428 3974
429 3966
428 3938
427 3910
427 3879
426 3848
425 3820
425 3799
426 3787
429 3781
434 3781
442 3787
451 3800
462 3821
474 3849
486 3887
498 3931
511 3977
522 4020
532 4052
539 4072
543 4084
544 4086
544 4083
544 4078
.PEN_UP
547 4071
550 4061
556 4053
564 4047
574 4045
585 4046
597 4050
607 4059
614 4069
617 4079
618 4089
618 4097
614 4102
611 4105
608 4105
.PEN_DOWN
605 4103
606 4090
604 4073
600 4046
593 4008
581 3963
565 3914
547 3866
530 3825
518 3795
511 3777
508 3770
510 3770
514 3775
521 3787
532 3806
546 3832
561 3863
576 3894
595 3932
604 3946
610 3951
612 3946
610 3936
606 3919
601 3899
595 3876
588 3851
581 3827
576 3806
575 3790
576 3780
581 3775
588 3774
598 3779
610 3788
623 3801
645 3832
659 3857
676 3886
693 3913
708 3932
720 3941
729 3941
735 3933
739 3918
741 3901
743 3882
743 3866
742 3852
742 3841
741 3835
741 3832
742 3833
742 3839
743 3848
744 3861
745 3877
746 3894
746 3911
746 3924
744 3932
739 3933
733 3927
723 3914
710 3895
697 3871
683 3845
669 3820
658 3798
651 3782
649 3769
654 3767
663 3770
676 3777
689 3787
701 3799
712 3813
721 3824
727 3833
731 3836
731 3835
729 3828
725 3818
722 3807
721 3796
721 3788
724 3782
729 3780
735 3778
744 3778
753 3778
762 3780
778 3789
788 3798
801 3811
814 3828
828 3851
842 3881
857 3918
870 3961
884 4004
895 4041
902 4067
906 4081
907 4085
907 4084
906 4075
903 4059
899 4034
893 3999
881 3935
870 3890
858 3848
845 3814
835 3787
829 3768
827 3757
827 3752
829 3752
832 3760
835 3774
837 3795
.PEN_UP
837 3824
834 3857
828 3889
823 3916
818 3934
815 3943
814 3946
815 3946
818 3948
826 3951
.PEN_DOWN
839 3956
856 3962
874 3968
890 3972
901 3975
908 3977
909 3978
908 3978
.PEN_UP
909 3977
914 3973
929 3967
956 3959
993 3947
1037 3931
1082 3913
1123 3893
1155 3875
1175 3859
1183 3846
1180 3837
1170 3830
1157 3826
1144 3822
1130 3821
1118 3820
1106 3820
1097 3822
1092 3826
1088 3833
1088 3841
1091 3849
1096 3856
1101 3863
1109 3873
1114 3879
1118 3884
1121 3888
1124 3892
1126 3897
1128 3901
1130 3905
1128 3907
1128 3905
1126 3900
1126 3892
.PEN_DOWN
1129 3883
1129 3874
1130 3864
1131 3856
1130 3849
1130 3846
1131 3845
1130 3846
1131 3848
1132 3851
1133 3858
1135 3869
1139 3884
1142 3903
1146 3920
1148 3933
1148 3939
1144 3939
1138 3932
1129 3920
1117 3904
1103 3884
1089 3863
1068 3829
1058 3809
1051 3794
1050 3784
1054 3779
1061 3779
1072 3782
1083 3789
1095 3798
1107 3811
1118 3826
1129 3843
1140 3859
1151 3872
1156 3879
1159 3881
1157 3876
1151 3867
1144 3854
1139 3838
1133 3812
1131 3795
1131 3780
1133 3768
1139 3758
1149 3753
1160 3751
1173 3755
1184 3761
1192 3770
1196 3780
1196 3788
.PEN_UP
1195 3796
1191 3805
1192 3814
1199 3824
1213 3834
1239 3840
1273 3845
1316 3845
1361 3841
1401 3836
1432 3829
1449 3823
1455 3817
1451 3814
1443 3812
1435 3814
1428 3819
1423 3823
1420 3827
1418 3829
1419 3829
1421 3831
1424 3833
1429 3837
1434 3841
1440 3846
1444 3850
1447 3854
1450 3858
1454 3863
1459 3869
1465 3875
1472 3881
1478 3888
1488 3892
1491 3894
1492 3895
1492 3894
.PEN_DOWN
1487 3892
1487 3889
1487 3882
1486 3872
1484 3861
1483 3851
1482 3843
1480 3837
1480 3834
1481 3834
1482 3837
1484 3842
1486 3851
1488 3863
1490 3879
1494 3899
1498 3922
1502 3945
1506 3964
1508 3976
1506 3980
1502 3978
1493 3969
1473 3946
1457 3922
1440 3894
1427 3863
1416 3833
1408 3808
1406 3792
1407 3782
1414 3777
1423 3778
1433 3781
1445 3788
1458 3799
1474 3814
1490 3833
1509 3857
1529 3888
1548 3924
1574 3985
1588 4024
1598 4056
1604 4077
1607 4088
1606 4087
1603 4078
1596 4061
1585 4035
1572 4003
1556 3964
1540 3922
1524 3882
1510 3846
1499 3818
1494 3801
1493 3791
1497 3788
1506 3790
1525 3801
1540 3815
1554 3831
1569 3852
1583 3875
1596 3894
1605 3908
1610 3913
1609 3909
1604 3899
1596 3883
1587 3865
1579 3845
1573 3828
1570 3813
1570 3800
1573 3791
1580 3784
1588 3786
1598 3791
1611 3802
1625 3817
1639 3836
1654 3861
1667 3886
1681 3909
1691 3926
1699 3935
1704 3937
1705 3936
1705 3934
1706 3928
1708 3922
1709 3913
1712 3902
1714 3891
1714 3871
1713 3858
1709 3845
1703 3830
1695 3817
1687 3804
1682 3794
1679 3787
1679 3782
1681 3780
1684 3779
1688 3778
1695 3779
1704 3783
1714 3789
1725 3799
1736 3813
1748 3830
1763 3852
1789 3898
1809 3935
1830 3974
1849 4009
1865 4037
1876 4056
1882 4067
1884 4071
1883 4069
1878 4060
1870 4045
1859 4022
1845 3992
1829 3957
1812 3920
1795 3884
1783 3853
1775 3828
1772 3803
1776 3792
1782 3787
1789 3788
1798 3792
1808 3801
1820 3813
1835 3830
1850 3851
1865 3872
1877 3890
1885 3901
1887 3902
1883 3894
1875 3881
1865 3863
1854 3844
1844 3817
1842 3802
1843 3789
1848 3781
1856 3775
1866 3775
1879 3777
1894 3784
1910 3795
1927 3810
1941 3830
1953 3854
1963 3879
1971 3899
1976 3913
1978 3917
1977 3912
1973 3901
1969 3884
1965 3863
1963 3824
1967 3792
1974 3755
1983 3716
1992 3679
1998 3645
2000 3620
2000 3603
1997 3592
1992 3587
1987 3585
1980 3589
1973 3600
1965 3621
1953 3653
1940 3695
.PEN_UP
1922 3742
1900 3789
1875 3831
1848 3863
1819 3887
1790 3902
1765 3913
1745 3920
1734 3926
1732 3932
1734 3935
1740 3938
1751 3940
1768 3940
.PEN_DOWN
1793 3940
1821 3941
1849 3942
1871 3944
1886 3947
1894 3949
1898 3955
1898 3961
1896 3970
.PEN_UP
1892 3980
1889 3990
1893 3998
1906 4005
1933 4008
1977 4005
2037 3997
2110 3985
2186 3970
2258 3953
2318 3934
2360 3914
2385 3894
2391 3877
2384 3862
2361 3847
2338 3840
2314 3834
2288 3827
2265 3819
2245 3811
2229 3806
2220 3804
2216 3806
2218 3812
2224 3820
2230 3831
2237 3844
2241 3859
2242 3877
2242 3897
2242 3920
2244 3956
2249 3979
2257 4000
2266 4018
2276 4033
2285 4046
2292 4056
2296 4065
2298 4070
2299 4073
2299 4076
2299 4077
.PEN_DOWN
2300 4079
2302 4079
2302 4077
2301 4070
2296 4056
2286 4034
2274 4003
2258 3964
2240 3920
2223 3875
2208 3834
2197 3803
2193 3780
2195 3767
2201 3760
2210 3759
2224 3766
2241 3779
2261 3797
2282 3819
2301 3843
2318 3867
2332 3889
2344 3907
2353 3919
2360 3926
2364 3928
2367 3927
2369 3923
2372 3919
2375 3913
2377 3907
2377 3899
2375 3888
2370 3872
2363 3855
2354 3836
2345 3818
2337 3802
2333 3789
2331 3781
2331 3776
2338 3774
2346 3775
2355 3778
2366 3784
2378 3793
2391 3806
2403 3822
2416 3842
2429 3863
2441 3883
2452 3899
2459 3908
2463 3912
2463 3911
2461 3906
2456 3898
2450 3884
2443 3867
2436 3849
2429 3830
2424 3813
2422 3800
2424 3789
2430 3787
2439 3789
2451 3795
2466 3806
2483 3820
2500 3839
2518 3862
2538 3887
2557 3911
2574 3930
2589 3941
2597 3945
2602 3944
2604 3938
2604 3928
2604 3916
2605 3903
2604 3885
2604 3877
2605 3872
2605 3870
2605 3870
2605 3872
2605 3876
2606 3883
2606 3893
2607 3907
2608 3922
2610 3937
2611 3949
2610 3957
2607 3958
2599 3952
2589 3940
2577 3922
2556 3886
2543 3861
2534 3837
2530 3815
2531 3799
2537 3789
2547 3784
2560 3783
2576 3788
2594 3797
2615 3811
2635 3828
2654 3850
2674 3878
2693 3914
2713 3956
2742 4020
2758 4054
2769 4076
2774 4088
2775 4090
2773 4086
2769 4075
2763 4057
2756 4033
2746 4001
2736 3963
2723 3922
2709 3880
2694 3843
2681 3814
2671 3795
2665 3785
2663 3781
2664 3781
2668 3787
2678 3805
2689 3825
2704 3850
2722 3876
2742 3901
2763 3922
2783 3935
2798 3942
2809 3944
2816 3943
2820 3940
2821 3936
2816 3930
2808 3922
2796 3911
2779 3897
2758 3881
2740 3864
2715 3839
2707 3825
2706 3813
2707 3803
2711 3796
2716 3790
2723 3787
2729 3786
2735 3788
2741 3794
2747 3804
2752 3819
2753 3836
.PEN_UP
2751 3855
2742 3875
2729 3896
2712 3919
2690 3939
2666 3959
2638 3977
2609 3990
2584 4000
2565 4005
2555 4005
2552 4005
2554 4004
2560 4003
2567 4003
2573 4001
2579 4000
2580 3998
2580 3997
2581 3999
2578 4002
2573 4006
2564 4012
2550 4017
2517 4027
2489 4030
2454 4029
2416 4024
2377 4015
2338 4005
2302 3994
2270 3983
2246 3973
2230 3965
2222 3959
2221 3955
2226 3953
2239 3953
.PEN_DOWN
2260 3955
2291 3960
2326 3967
2359 3974
2387 3983
2408 3991
2423 4000
2433 4008
2440 4016
.PEN_UP
2451 4022
2468 4025
2501 4025
2553 4023
2619 4017
2698 4006
2778 3992
2850 3978
2909 3965
2950 3956
2972 3952
2981 3950
2982 3950
2979 3951
2975 3953
2974 3957
2975 3962
2981 3970
2990 3979
3000 3991
3011 4003
3019 4016
3027 4030
3034 4046
3039 4066
3045 4088
3051 4111
3057 4133
3061 4150
3064 4160
3067 4161
.PEN_DOWN
3068 4155
3073 4144
3076 4130
3076 4114
3076 4096
3074 4075
3069 4054
3063 4032
3055 4010
3046 3991
3037 3974
3029 3960
3021 3946
.PEN_UP
3012 3931
3003 3914
2996 3897
2991 3880
2989 3866
2989 3854
2987 3843
2986 3836
2984 3833
.PEN_DOWN
2982 3831
2983 3834
2984 3835
2984 3835
2984 3836
2984 3838
2983 3843
2981 3850
2977 3859
.PEN_UP
2972 3869
2969 3876
2970 3883
2975 3888
.PEN_DOWN
287 2873
289 2873
295 2874
303 2875
312 2878
322 2883
333 2888
346 2897
362 2909
381 2925
402 2944
425 2967
446 2993
465 3023
482 3058
502 3111
514 3145
523 3172
529 3191
531 3203
531 3207
528 3206
524 3201
517 3189
506 3172
494 3149
482 3119
472 3089
465 3059
461 3035
462 3019
467 3011
477 3012
492 3020
512 3035
549 3070
576 3099
601 3131
624 3166
643 3198
657 3225
665 3243
669 3252
670 3252
668 3246
665 3232
659 3210
651 3177
640 3133
626 3079
608 3021
586 2963
561 2912
521 2853
497 2828
478 2815
462 2811
450 2816
439 2829
429 2848
422 2870
420 2895
424 2918
431 2935
441 2946
452 2964
463 2966
473 2965
482 2962
.PEN_UP
490 2946
497 2940
507 2935
521 2929
539 2923
561 2919
585 2918
607 2919
626 2922
640 2926
649 2931
653 2935
654 2940
653 2945
650 2951
648 2957
648 2964
649 2971
652 2977
656 2984
660 2991
666 2999
668 3002
668 3003
666 3003
664 3004
662 3004
662 3005
663 3007
665 3002
666 3002
667 3002
668 3001
.PEN_DOWN
669 3006
671 3008
673 3008
675 3009
675 3008
674 3008
674 3007
674 3007
673 3005
673 3003
671 2997
668 2989
664 2977
658 2961
653 2943
649 2923
644 2902
640 2884
638 2871
638 2864
639 2862
642 2861
646 2862
653 2863
667 2868
679 2875
691 2886
706 2900
720 2917
734 2937
747 2959
757 2979
765 2996
771 3007
773 3013
774 3014
773 3009
769 3001
764 2988
759 2971
752 2953
744 2924
740 2905
738 2889
740 2877
744 2869
750 2865
757 2865
764 2866
772 2869
781 2876
789 2885
797 2899
807 2916
816 2937
826 2961
835 2985
842 3007
846 3020
848 3027
849 3029
850 3028
852 3025
855 3023
861 3019
870 3015
881 3011
892 3008
904 3007
914 3008
926 3013
938 3020
948 3028
956 3036
960 3043
961 3048
959 3049
955 3047
947 3041
928 3021
912 3001
895 2976
880 2949
867 2924
859 2901
857 2883
858 2869
863 2861
869 2857
875 2856
882 2861
887 2870
890 2883
.PEN_UP
891 2904
890 2930
887 2965
882 3008
873 3056
863 3099
852 3131
843 3150
837 3154
832 3151
828 3145
827 3136
828 3139
832 3132
839 3125
846 3120
855 3102
869 3094
889 3084
915 3068
946 3046
979 3021
1010 2994
1050 2960
1070 2942
1083 2928
1088 2915
1085 2905
1078 2897
1068 2891
1057 2888
1049 2887
1042 2884
1036 2881
1031 2877
1026 2871
1020 2865
1016 2860
1011 2855
1007 2850
1005 2847
1002 2843
.PEN_DOWN
1002 2843
1006 2844
1012 2847
1021 2853
1032 2862
1047 2875
1064 2890
1081 2906
1098 2926
1115 2944
1128 2962
1140 2976
1150 2986
1157 2991
1162 2992
1161 2988
1158 2972
1153 2955
1147 2934
1140 2912
1131 2890
1123 2870
1115 2855
1109 2846
1108 2842
1109 2846
1114 2855
1121 2869
1131 2887
1143 2908
1157 2931
1174 2954
1192 2974
1209 2990
1224 2997
1234 2999
1239 2989
1236 2974
1231 2955
1222 2933
1211 2911
1200 2892
1191 2878
1186 2869
1185 2866
1188 2870
1195 2878
1205 2890
1217 2906
1230 2927
1245 2952
1260 2977
1285 3012
1300 3027
1310 3034
1317 3034
1319 3028
1316 3016
1309 2999
1300 2978
1291 2954
1282 2931
1276 2911
1273 2895
1271 2883
1273 2876
1280 2874
1291 2876
1307 2882
1324 2892
1341 2906
1357 2923
1378 2956
1390 2981
1399 3003
1403 3018
1402 3026
1399 3025
1394 3018
1386 3006
1376 2990
1367 2971
1357 2951
1350 2932
1346 2916
1342 2903
1341 2895
1343 2892
1344 2893
1346 2901
.PEN_UP
1346 2910
1347 2919
1359 2930
1384 2939
1422 2944
1473 2944
1528 2937
1580 2927
1624 2915
1654 2903
1670 2895
1672 2891
1663 2889
1648 2889
1630 2889
1612 2891
1597 2894
1585 2899
1577 2904
1573 2914
1575 2922
1580 2929
1585 2938
1588 2946
1592 2955
1594 2964
1597 2975
1598 2986
1599 2997
1600 3007
1600 3015
1601 3021
1601 3023
1600 3023
1599 3022
1598 3019
.PEN_DOWN
1599 3016
1600 3008
1599 2996
1595 2979
1588 2959
1580 2935
1572 2912
1566 2892
1564 2878
1565 2869
1569 2865
1579 2866
1591 2869
1609 2876
1629 2887
1648 2902
1668 2921
1692 2956
1704 2980
1713 3002
1719 3019
1722 3028
1723 3031
1722 3024
1719 3009
1715 2987
1712 2956
1708 2920
1704 2882
1698 2839
1691 2795
1683 2752
1674 2712
1665 2679
1658 2656
1651 2643
1645 2635
1636 2634
1631 2637
1627 2644
1624 2655
1624 2676
1628 2705
1639 2742
1655 2785
1677 2830
1700 2873
1723 2910
1742 2941
1759 2965
1774 2982
1787 2993
1801 3001
1820 3006
1831 3006
1841 3003
1849 2998
1855 2991
1857 2981
1857 2971
1857 2962
1855 2954
1854 2950
1853 2948
1853 2948
1853 2949
1854 2953
1853 2959
1853 2968
1853 2979
1852 2989
1851 2998
1847 3001
1836 2997
1825 2988
1812 2973
1797 2953
1783 2931
1771 2909
1763 2889
1759 2875
1760 2867
1764 2864
1772 2865
1784 2870
1799 2878
1815 2889
1831 2902
1846 2918
1860 2936
1873 2954
1884 2969
1893 2980
1893 2978
1889 2969
1881 2957
1872 2941
1863 2922
1855 2903
1849 2885
1846 2870
1847 2860
1850 2855
1856 2853
1865 2856
1878 2864
1891 2875
1906 2889
1920 2908
1934 2930
1956 2963
1968 2981
1975 2990
1978 2992
1976 2988
1970 2980
1962 2966
1951 2949
1939 2929
1930 2909
1925 2891
1923 2879
1925 2871
1931 2867
1938 2868
1948 2872
1960 2879
1973 2890
1993 2916
2008 2938
2024 2965
2041 2991
2057 3011
2069 3025
2077 3030
2080 3028
2081 3022
2081 3014
2079 3002
2075 2987
2069 2970
2061 2952
2053 2933
2045 2916
2038 2902
2033 2890
2029 2880
2029 2875
2032 2874
2038 2877
2048 2882
2064 2891
.PEN_UP
2086 2901
2115 2915
2150 2932
2188 2950
2223 2966
2252 2978
2274 2987
2290 2995
2300 3001
2305 3007
2308 3013
2309 3019
2310 3023
2310 3025
2310 3025
.PEN_DOWN
2310 3023
2309 3018
2307 3010
2304 2998
2300 2986
2297 2974
2294 2967
2293 2962
2293 2961
2294 2962
2295 2965
2296 2969
2298 2976
2302 2987
2310 3009
2314 3026
2316 3040
2316 3049
2312 3051
2304 3044
2292 3031
2275 3011
2254 2985
2234 2956
2214 2927
2197 2902
2186 2881
2181 2867
2182 2859
2189 2858
2200 2861
2214 2869
2229 2880
2251 2902
2264 2921
2278 2941
2288 2958
2296 2970
2300 2975
2298 2973
2295 2966
2288 2955
2279 2940
2270 2924
2261 2907
2256 2890
2254 2877
2258 2869
2265 2865
2276 2865
2289 2869
2309 2883
2322 2897
2336 2915
2350 2939
2367 2965
2383 2989
2398 3010
2410 3023
2417 3028
2421 3030
2421 3028
2420 3023
2418 3015
2416 3005
2413 2992
2410 2977
2406 2961
2400 2943
2389 2918
2382 2902
2375 2889
2371 2879
2371 2871
2373 2867
2376 2865
2381 2865
2387 2867
2394 2872
2403 2880
2414 2892
2428 2908
2446 2929
2467 2953
2491 2977
2514 2995
2532 3006
2544 3009
2549 2998
2548 2985
2543 2969
2535 2950
2525 2930
2512 2910
2500 2892
2489 2878
2482 2869
2477 2865
2476 2864
2478 2866
2483 2872
2490 2882
2501 2895
2516 2913
2536 2935
2560 2958
2585 2979
2620 3000
2635 3002
2644 2996
2644 2983
2637 2964
2625 2944
2611 2925
2597 2908
2585 2896
2578 2887
2576 2884
2578 2884
2583 2888
2591 2897
2602 2909
2616 2926
2634 2948
2667 2987
2691 3013
2714 3033
2732 3045
2742 3049
2744 3044
2739 3031
2730 3013
2716 2989
2702 2964
2688 2938
2675 2915
2666 2897
2659 2883
2655 2875
2657 2872
2662 2874
2677 2885
.PEN_UP
2694 2895
2717 2906
2744 2916
2770 2924
2790 2927
2802 2928
2802 2925
2795 2922
2785 2919
2774 2917
2767 2914
2764 2911
.PEN_DOWN
2763 2909
2765 2908
2766 2907
2766 2907
2767 2907
2770 2910
2772 2915
2774 2922
.PEN_UP
2780 2931
2789 2942
2804 2952
2827 2963
.PEN_DOWN
0 0
.PEN_UP
0 0
.PEN_DOWN
0 0
.PEN_UP
0 0
.PEN_DOWN
0 0
.PEN_UP
0 0
.PEN_DOWN
0 0
.PEN_UP
0 0
.PEN_DOWN
0 0
.PEN_UP
0 0
.PEN_DOWN
0 0
.PEN_UP
0 0
.PEN_DOWN
0 0
.PEN_UP
0 0
.PEN_DOWN
0 0
.PEN_UP
0 0
.PEN_DOWN
0 0
.PEN_UP
0 0
.PEN_DOWN
0 0
.PEN_UP
0 0
.PEN_DOWN
0 0
.PEN_UP
0 0
.PEN_DOWN
0 0
.PEN_UP
0 0
.PEN_DOWN
0 0
.PEN_UP
0 0
.PEN_DOWN
0 0
.PEN_UP
0 0
.PEN_DOWN
0 0
.PEN_UP
0 0
.PEN_DOWN
0 0
.PEN_UP
0 0
.PEN_DOWN
0 0
.PEN_UP
0 0
.PEN_DOWN
0 0
.PEN_UP
0 0
.PEN_DOWN
0 0
.PEN_UP
0 0
.PEN_DOWN
0 0
.PEN_UP
0 0
.PEN_DOWN
0 0
.PEN_UP
0 0
.PEN_DOWN
0 0
.PEN_UP
0 0
.PEN_DOWN
0 0
.PEN_UP
0 0
.PEN_DOWN
0 0
.PEN_UP
0 0
.PEN_DOWN
0 0
.PEN_UP
0 0
.PEN_DOWN
0 0
.PEN_UP
0 0
.PEN_DOWN
0 0
.PEN_UP
0 0
.PEN_DOWN
0 0
.PEN_UP
0 0
.PEN_DOWN
0 0
.PEN_UP
0 0
.PEN_DOWN
0 0
.PEN_UP
0 0
.PEN_DOWN
0 0
.PEN_UP
0 0
.PEN_DOWN
0 0
.PEN_UP
0 0
.PEN_DOWN
0 0
.PEN_UP
0 0
.PEN_DOWN
0 0
.PEN_UP
0 0
.PEN_DOWN
0 0
.PEN_UP
0 0
.PEN_DOWN
0 0
.PEN_UP
0 0
.PEN_DOWN
0 0
.PEN_UP
0 0
.PEN_DOWN
0 0
.PEN_UP
0 0
.PEN_DOWN
0 0
.PEN_UP
0 0
.PEN_DOWN
0 0
.PEN_UP
0 0
.PEN_DOWN
0 0
.PEN_UP
0 0
.PEN_DOWN
0 0
.PEN_UP
0 0
.PEN_DOWN
0 0
.PEN_UP
0 0
.PEN_DOWN
0 0
.PEN_UP
0 0
.PEN_DOWN
0 0
.PEN_UP
0 0
.PEN_DOWN
0 0
.PEN_UP
0 0
.PEN_DOWN
0 0
.PEN_UP
0 0
.PEN_DOWN
0 0
.PEN_UP
0 0
.PEN_DOWN
0 0
.PEN_UP
0 0
.PEN_DOWN
0 0
.PEN_UP
0 0
.PEN_DOWN
0 0
.PEN_UP
0 0
.PEN_DOWN
0 0
.PEN_UP
0 0
.PEN_DOWN
0 0
.PEN_UP
0 0
.PEN_DOWN
0 0
.PEN_UP
0 0
.PEN_DOWN
0 0
.PEN_UP
0 0
.PEN_DOWN
269 3968
273 3967
279 3966
286 3967
292 3970
302 3979
318 3995
340 4015
369 4041
400 4069
429 4097
454 4128
477 4158
496 4187
511 4215
525 4240
540 4267
546 4276
551 4277
554 4273
556 4261
558 4240
559 4212
558 4178
554 4141
545 4104
533 4069
518 4039
503 4015
490 3997
478 3987
467 3984
458 3987
443 3998
435 4008
427 4016
422 4022
421 4024
423 4024
427 4021
434 4015
445 4011
458 4007
474 4006
493 4010
513 4018
535 4028
556 4040
573 4053
588 4067
599 4082
610 4107
613 4122
613 4135
611 4142
606 4142
599 4136
590 4123
581 4106
572 4085
564 4064
559 4044
557 4028
558 4017
564 4011
574 4011
587 4016
601 4025
625 4043
641 4057
655 4073
668 4089
677 4102
683 4109
685 4110
682 4104
675 4091
667 4076
659 4057
653 4039
650 4023
651 4010
654 4001
659 3998
666 3999
676 4004
687 4013
700 4025
713 4038
729 4065
738 4085
744 4103
746 4115
747 4120
746 4119
745 4112
745 4105
746 4097
749 4092
753 4089
761 4089
771 4091
783 4095
794 4101
803 4109
810 4119
815 4131
820 4148
820 4157
818 4160
812 4156
804 4145
794 4128
782 4107
771 4084
761 4061
754 4041
751 4022
753 4008
758 3999
768 3995
780 3997
795 4004
813 4015
831 4028
863 4056
883 4080
902 4104
917 4124
927 4136
931 4138
929 4130
924 4116
917 4097
908 4076
899 4054
890 4034
881 4016
876 4004
874 3998
877 4000
891 4015
904 4030
921 4047
939 4069
958 4095
978 4122
997 4146
1012 4161
1020 4167
1023 4162
1021 4147
1014 4127
1006 4102
997 4078
988 4055
981 4036
974 4020
969 4007
967 3999
970 3998
984 4007
.PEN_UP
1002 4019
1026 4033
1057 4051
1092 4072
1129 4095
1167 4115
1202 4128
1231 4135
1252 4138
1265 4141
1273 4144
1279 4147
1283 4149
1285 4147
1286 4143
1286 4136
.PEN_DOWN
1286 4122
1286 4111
1284 4103
1283 4096
1282 4092
1282 4091
1282 4091
1281 4092
1281 4096
1281 4102
1282 4111
1284 4124
1284 4138
1283 4150
1278 4157
1270 4156
1260 4149
1247 4135
1224 4105
1207 4082
1192 4059
1178 4040
1169 4025
1165 4015
1166 4009
1171 4009
1179 4013
1191 4020
1207 4030
1223 4042
1238 4058
1252 4074
1262 4089
1268 4099
1270 4104
1268 4100
1259 4085
1252 4071
1246 4057
1241 4044
1238 4032
1238 4021
1240 4012
1244 4006
1251 4004
1260 4008
1271 4015
1283 4025
1296 4037
1310 4053
1326 4074
1343 4098
1361 4122
1377 4139
1389 4148
1396 4147
1397 4132
1393 4115
1387 4096
1381 4075
1374 4054
1368 4035
1362 4021
1358 4011
1357 4007
1358 4009
1362 4015
1368 4024
1377 4037
1388 4054
1402 4074
1416 4099
1432 4123
1445 4142
1454 4153
1458 4151
1454 4139
1447 4122
1440 4101
1432 4079
1427 4057
1423 4038
1423 4022
1425 4009
1429 4002
1434 3999
1441 4000
1450 4007
1461 4017
1474 4030
1498 4059
1517 4083
1538 4110
1561 4133
1581 4150
1595 4157
1604 4158
1606 4151
1606 4140
1605 4127
1603 4112
1603 4099
1604 4087
1605 4078
1606 4072
1606 4071
1606 4071
1606 4074
1607 4084
1608 4096
1609 4113
1611 4133
1613 4153
1614 4168
1614 4176
1609 4175
1601 4167
1589 4151
1573 4128
1554 4101
1535 4072
1520 4046
1508 4023
1503 4007
1505 3996
1513 3992
1527 3996
1552 4013
1570 4029
1587 4050
1602 4074
1617 4106
1632 4145
1649 4189
1666 4234
1681 4271
1692 4295
1697 4305
1696 4303
1691 4290
1682 4266
1671 4233
1657 4193
1643 4154
1630 4116
1618 4085
1610 4059
1606 4033
1609 4023
1614 4019
1623 4022
1632 4032
1641 4048
.PEN_UP
1648 4070
1652 4096
1660 4125
1671 4153
1691 4176
1721 4193
1760 4201
1807 4201
1861 4196
1916 4187
1968 4178
2013 4168
2049 4159
2080 4145
2107 4129
2129 4113
2147 4095
2155 4078
2149 4060
2131 4040
2101 4025
2071 4016
2047 4014
2031 4016
2020 4019
2005 4020
1987 4017
1969 4014
1952 4010
1949 4012
1949 4017
1947 4025
1941 4032
1930 4037
1915 4039
1896 4038
1877 4035
1859 4033
1845 4031
1836 4031
1832 4031
1830 4031
1830 4031
1829 4029
1826 4025
1820 4020
1815 4016
1810 4013
1806 4012
1800 4008
1802 4004
1808 3999
.PEN_DOWN
1819 3996
1829 3997
1841 4000
1853 4006
1868 4017
1884 4032
1899 4048
1912 4068
1923 4090
1930 4114
1936 4139
1938 4159
1938 4172
1931 4171
1921 4157
1906 4136
1890 4109
1874 4080
1862 4053
1855 4030
1853 4012
1855 3998
1862 3989
1874 3988
1891 3992
1911 4005
1932 4020
1953 4037
1971 4057
1987 4078
2000 4100
2012 4128
2016 4138
2017 4139
2015 4132
2011 4119
2005 4100
1997 4079
1991 4056
1987 4034
1985 4015
1987 4001
1990 3992
1994 3989
2002 3994
2014 4005
2029 4020
2045 4039
2060 4060
2072 4082
2084 4106
2096 4127
2113 4148
2121 4152
2126 4150
2130 4143
2132 4130
2133 4113
2133 4094
2134 4077
2135 4064
2136 4055
2138 4050
2140 4049
2140 4050
2140 4053
2139 4060
2138 4069
2137 4094
2136 4112
2134 4127
2131 4136
2125 4135
2113 4125
2099 4108
2083 4084
2068 4058
2055 4032
2046 4009
2044 3992
2046 3982
2054 3980
2066 3987
2079 3999
2092 4014
2104 4030
2120 4049
2128 4056
2134 4058
2139 4053
2142 4040
2144 4020
2145 3996
2146 3968
2148 3938
2150 3908
2153 3878
2153 3848
2151 3820
2147 3797
2141 3779
2135 3768
2127 3762
2121 3763
2112 3775
2107 3790
2104 3812
2102 3839
2102 3872
2106 3910
2113 3950
2121 3991
2133 4030
2146 4067
2162 4104
2181 4143
2202 4182
2220 4221
2236 4255
2247 4281
2255 4297
2259 4305
2259 4301
2257 4290
2253 4273
2248 4249
2241 4218
2234 4184
2224 4147
2213 4112
2203 4082
2196 4060
2193 4048
2194 4043
2198 4044
2206 4049
2216 4058
2228 4072
2240 4090
2252 4112
2266 4136
2278 4158
2292 4177
2295 4178
2293 4169
2285 4152
2275 4130
2265 4106
2256 4082
2251 4061
2250 4044
2251 4031
2257 4023
2266 4019
2278 4020
2293 4025
2309 4033
2324 4045
2340 4062
2355 4083
2376 4129
2388 4169
2402 4213
2417 4254
2429 4286
2439 4307
2443 4314
2441 4311
2437 4297
2429 4275
2418 4246
2408 4211
2396 4175
2385 4138
2373 4102
2361 4072
2353 4048
2350 4027
2354 4022
2361 4021
2372 4026
2384 4034
2397 4046
2411 4063
2426 4081
2438 4097
2448 4107
2451 4108
2448 4100
2441 4086
2433 4070
2425 4054
2422 4041
2423 4030
2426 4022
2434 4014
2443 4010
2460 4008
2471 4012
2484 4020
2496 4031
2509 4046
2523 4065
2535 4086
2546 4104
2553 4116
2557 4117
2557 4108
2554 4090
2552 4065
2551 4033
2553 3997
2559 3959
2566 3920
2574 3884
2582 3841
2586 3823
2587 3812
2587 3808
2585 3810
2581 3816
2576 3825
2568 3840
2559 3860
2547 3883
.PEN_UP
2533 3910
2520 3938
2508 3967
2496 3994
2483 4016
2468 4034
2451 4047
2435 4056
2422 4063
2411 4069
2405 4075
2402 4083
2400 4091
2399 4098
2396 4106
2393 4113
2388 4120
2379 4127
2370 4135
2359 4143
2348 4152
2342 4158
2338 4162
2337 4165
2341 4165
2344 4165
2347 4163
2355 4164
2363 4167
.PEN_DOWN
2375 4172
2389 4178
2404 4183
2421 4188
2437 4191
2452 4193
2464 4196
2473 4198
2478 4199
2481 4203
2477 4206
2470 4212
.PEN_UP
2458 4218
2443 4225
2427 4232
2409 4240
2387 4249
2358 4258
2323 4266
2283 4274
2244 4281
2207 4287
2178 4290
2158 4291
2147 4290
2143 4287
2143 4285
2142 4281
2141 4278
2139 4276
2137 4274
2137 4275
2137 4277
2135 4280
2133 4284
2127 4289
2126 4295
2127 4304
2132 4314
2141 4327
2153 4346
2170 4369
2192 4398
2223 4433
2264 4472
2317 4516
2349 4536
2897 4298
2889 4280
2879 4255
2871 4227
2869 4200
2872 4174
2875 4151
2877 4128
2875 4106
2871 4083
2865 4061
2860 4043
2856 4030
2852 4022
2849 4019
2843 4017
2835 4015
2825 4013
2816 4013
2808 4016
2804 4023
2802 4033
2801 4054
2800 4069
2800 4085
2799 4098
2795 4107
2790 4111
2786 4113
2784 4114
2786 4115
2790 4119
2796 4125
2801 4131
2806 4137
2809 4143
2812 4146
.PEN_DOWN
2814 4148
2815 4148
2814 4146
2811 4141
2806 4133
2801 4119
2795 4102
2787 4083
2781 4062
2776 4043
2772 4026
2771 4015
2775 4008
2781 4007
2791 4011
2802 4019
2815 4030
2828 4044
2841 4061
2861 4093
2873 4116
2884 4135
2891 4145
2895 4147
2896 4138
2895 4122
2895 4099
2896 4071
2898 4039
2899 4002
2900 3960
2899 3916
2896 3875
2891 3838
2887 3811
2882 3793
2877 3784
2873 3782
2868 3793
2863 3810
2858 3834
2854 3864
2853 3896
2856 3929
2865 3961
2879 3991
2895 4017
2913 4039
2932 4058
2949 4074
2965 4092
2979 4110
2989 4128
2996 4146
3001 4160
3003 4172
3002 4181
3000 4183
2997 4180
2991 4174
2983 4164
2974 4148
2963 4128
2952 4106
2944 4082
2938 4063
2938 4048
2942 4040
2950 4038
2962 4038
2977 4042
2993 4050
3009 4062
3025 4079
3040 4099
3055 4123
3078 4157
3092 4173
3100 4183
3105 4185
3106 4179
3105 4168
3104 4153
3102 4136
3100 4119
3098 4103
3097 4090
3097 4082
3098 4078
3098 4078
3098 4079
3098 4083
3098 4093
3099 4106
3100 4123
3100 4143
3099 4161
3097 4172
3092 4176
3086 4172
3077 4163
3066 4146
3054 4125
3044 4099
3035 4073
3029 4049
3026 4028
3026 4013
3028 4004
3033 4001
3047 4008
3058 4019
3071 4033
3082 4050
3092 4068
3101 4090
3109 4112
3114 4127
3116 4136
3116 4138
3114 4131
3111 4120
3107 4103
3103 4084
3100 4064
3099 4045
3100 4030
3103 4019
3109 4012
3120 4012
3130 4016
3140 4024
3149 4036
3159 4052
3167 4072
3176 4096
3187 4121
3198 4142
3209 4158
3217 4166
3223 4168
3225 4166
3227 4162
3227 4157
3227 4150
3226 4142
3224 4132
3221 4121
3218 4103
3214 4090
3210 4078
3207 4067
3204 4057
3202 4048
3202 4039
3201 4031
3201 4025
3203 4020
3208 4019
3215 4022
3227 4028
3242 4036
3258 4047
3275 4063
3292 4082
3307 4104
3320 4124
3333 4146
3337 4154
3339 4156
3341 4157
3341 4155
3343 4150
3346 4141
3348 4127
3350 4109
3350 4089
3348 4070
3344 4055
3340 4043
3334 4035
3327 4030
3317 4025
3309 4024
3301 4027
3292 4031
3284 4037
3278 4047
3277 4059
3281 4070
3291 4080
3306 4086
.PEN_UP
3325 4089
3349 4091
3377 4093
3406 4093
3436 4094
3463 4094
3485 4093
3502 4090
3514 4086
3522 4083
3526 4080
3526 4078
3524 4077
3520 4077
3515 4075
3512 4073
3507 4068
3502 4062
3496 4054
3489 4045
3482 4038
3477 4031
3474 4026
3474 4022
3478 4019
.PEN_DOWN
3485 4017
3497 4020
3511 4025
3528 4033
3547 4044
3565 4060
3583 4081
3599 4107
3614 4140
3629 4180
3645 4225
3659 4273
3674 4315
3686 4348
3694 4367
3699 4374
3700 4371
3697 4357
3691 4334
3685 4300
3679 4259
3670 4212
3660 4165
3648 4120
3630 4069
3620 4048
3614 4037
3613 4035
3615 4037
3620 4045
3629 4057
3640 4075
3653 4099
3669 4126
3685 4154
3701 4178
3714 4193
3722 4200
3725 4196
3723 4185
3718 4166
3712 4144
3699 4106
3692 4082
3686 4061
3683 4045
3683 4033
3687 4028
3694 4029
3705 4032
3718 4039
3733 4050
3749 4065
3768 4087
3789 4114
3809 4142
3830 4167
3848 4185
3864 4194
3870 4192
3871 4183
3869 4170
3867 4154
3864 4135
3861 4118
3859 4106
3858 4097
3857 4092
3857 4091
3857 4092
3858 4095
3858 4102
3860 4113
3861 4129
3863 4147
3865 4165
3864 4178
3862 4184
3849 4176
3837 4159
3822 4137
3807 4112
3793 4087
3782 4066
3777 4050
3777 4041
3782 4037
3791 4037
3802 4040
3814 4047
3828 4057
3841 4071
3854 4090
3866 4110
3878 4130
3888 4144
3893 4153
3894 4148
3890 4137
3886 4122
3881 4104
3875 4085
3871 4068
3869 4054
3869 4043
3871 4036
3876 4034
3882 4034
3890 4038
3897 4044
3906 4054
3915 4066
3923 4083
3932 4101
3940 4117
3947 4132
3949 4136
3948 4135
3946 4133
3944 4127
3941 4118
3939 4105
3937 4090
3935 4074
3934 4060
3934 4050
3936 4043
3940 4039
3946 4038
3952 4039
3961 4043
3971 4050
3980 4061
3994 4085
4002 4105
4010 4129
4017 4152
4022 4173
4025 4187
4027 4195
4029 4197
4029 4197
4030 4195
4031 4193
4033 4190
4036 4187
4042 4185
4050 4183
4062 4183
4084 4186
4098 4190
4109 4194
4116 4199
4119 4204
4121 4209
4119 4213
4116 4216
4112 4216
4106 4211
4096 4201
4084 4185
4070 4165
4058 4145
4049 4123
4043 4103
4042 4085
4044 4069
4051 4056
4056 4052
4061 4053
4067 4057
4072 4068
4077 4083
4079 4103
.PEN_UP
4079 4125
4077 4148
4075 4170
4074 4191
4077 4207
4085 4219
4100 4226
4120 4227
4147 4224
4178 4219
4212 4209
4244 4198
4272 4183
4301 4154
4311 4133
4314 4115
4313 4103
4310 4096
4310 4096
4312 4097
4315 4096
4314 4093
4309 4090
4305 4089
4303 4091
4306 4096
4315 4102
4328 4110
4341 4118
4351 4124
4362 4130
4365 4132
4369 4133
4374 4135
4380 4138
4386 4143
4391 4149
4394 4156
4397 4162
4398 4168
4399 4174
4401 4177
4402 4177
4404 4174
.PEN_DOWN
4406 4166
4408 4157
4408 4148
4409 4141
4409 4136
4409 4135
4411 4135
4412 4136
4412 4140
4413 4145
4412 4153
4411 4162
4408 4170
4405 4178
4399 4182
4391 4180
4378 4171
4362 4156
4342 4134
4323 4108
4305 4082
4291 4058
4284 4038
4284 4025
4298 4018
4311 4021
4327 4029
4342 4041
4357 4056
4369 4072
4380 4091
4389 4110
4398 4126
4404 4135
4408 4138
4411 4133
4410 4122
4409 4106
4408 4085
4407 4059
4405 4029
4403 3994
4400 3956
4394 3900
4390 3870
4387 3849
4383 3836
4381 3830
4378 3830
4375 3833
4370 3841
4366 3852
4362 3870
4360 3892
4364 3920
4373 3952
4386 3987
4404 4022
4423 4056
4443 4089
4475 4133
4496 4159
4515 4178
4531 4189
4543 4194
4552 4193
4558 4185
4562 4171
4565 4154
4567 4137
4568 4122
4570 4114
4571 4109
4572 4107
4572 4106
4571 4107
4571 4110
4569 4117
4567 4132
4565 4146
4562 4159
4560 4168
4557 4173
4552 4171
4545 4166
4536 4157
4525 4145
4513 4129
4500 4110
4487 4091
4478 4074
4472 4060
4471 4051
4475 4045
4482 4043
4491 4043
4503 4044
4520 4050
4533 4057
4545 4066
4557 4080
4567 4095
4575 4113
4583 4132
4590 4149
4597 4160
4605 4168
4612 4173
4618 4175
4624 4177
4630 4179
4635 4181
4642 4183
4650 4183
4655 4182
4659 4178
4660 4173
4661 4165
4659 4155
4656 4141
4652 4126
4647 4108
4642 4089
4634 4070
4625 4053
4616 4039
4608 4030
4603 4026
4602 4025
4604 4029
4609 4034
4615 4042
4624 4053
4640 4079
4655 4103
4673 4132
4695 4161
4719 4186
4738 4203
4751 4210
4756 4208
4755 4200
4750 4186
4742 4168
4733 4147
4723 4124
4713 4102
4705 4081
4699 4064
4696 4050
4698 4041
4704 4037
4723 4037
4741 4042
4762 4050
4785 4061
4808 4076
4830 4096
4849 4119
4864 4146
4875 4171
4880 4189
4880 4199
4874 4198
4862 4189
4847 4172
4830 4150
4814 4126
4802 4101
4792 4080
4785 4057
4786 4047
4788 4042
4792 4039
4801 4039
4814 4043
4831 4052
.PEN_UP
4853 4066
4878 4086
4906 4113
4938 4148
4972 4190
5003 4234
5031 4275
5054 4310
5073 4338
5086 4358
5096 4372
5102 4380
5105 4383
5107 4383
5108 4379
5109 4373
.PEN_DOWN
5109 4361
5107 4341
5100 4311
5088 4272
5073 4228
5055 4183
5037 4141
5021 4105
5008 4076
4999 4055
4994 4043
4992 4036
4992 4037
4996 4039
5007 4052
5020 4069
5035 4093
5052 4123
5071 4154
5089 4180
5105 4198
5116 4206
5123 4207
5128 4202
5130 4192
5132 4177
5132 4157
5132 4136
5129 4113
5124 4093
5116 4074
5101 4053
5089 4045
5078 4040
5066 4039
5054 4039
5043 4042
5035 4048
5030 4056
5028 4063
5028 4069
5031 4070
5035 4069
5042 4065
5051 4061
5063 4058
5078 4056
5095 4057
5114 4061
5135 4068
5164 4085
5183 4101
5199 4120
5211 4140
5220 4155
5225 4166
5225 4169
5221 4166
5216 4158
5211 4146
5205 4131
5200 4116
5197 4101
5195 4088
5197 4077
5201 4068
5208 4061
5216 4057
5231 4061
5242 4068
5254 4080
5265 4097
5276 4118
5287 4142
5299 4165
5309 4181
5316 4190
5319 4189
5318 4179
5316 4162
5313 4139
5312 4110
5312 4076
5313 4035
5316 3992
5319 3946
5321 3904
5323 3869
5321 3836
5319 3824
5315 3818
5309 3815
5302 3813
5294 3814
5286 3820
5279 3828
5271 3840
.PEN_UP
5265 3854
5261 3867
5258 3880
5256 3894
5253 3907
5249 3921
5245 3937
5244 3954
5247 3971
5255 3988
5269 4006
5289 4024
5302 4035
.PEN_DOWN
360 3088
366 3091
377 3096
391 3105
409 3120
429 3137
448 3158
466 3180
483 3206
499 3235
513 3265
526 3297
537 3324
543 3344
547 3356
549 3360
548 3358
546 3351
541 3334
533 3308
521 3269
507 3222
492 3167
468 3074
450 3009
432 2948
418 2898
410 2860
407 2837
409 2825
413 2823
421 2828
429 2840
439 2858
450 2882
459 2913
467 2948
474 2986
478 3023
480 3053
481 3075
484 3093
484 3099
484 3102
485 3103
487 3105
491 3111
499 3118
509 3129
522 3143
535 3158
547 3175
560 3191
571 3204
579 3214
585 3221
588 3224
590 3226
591 3224
592 3222
592 3216
593 3207
593 3193
591 3176
587 3156
582 3136
576 3117
572 3101
570 3090
570 3084
575 3082
583 3084
593 3090
606 3098
620 3110
634 3127
650 3147
676 3183
693 3205
708 3221
719 3230
725 3232
729 3229
730 3222
731 3212
732 3201
734 3187
735 3176
736 3165
736 3158
736 3155
737 3153
736 3155
735 3163
734 3173
733 3190
731 3209
728 3226
723 3240
717 3246
708 3243
697 3232
685 3213
672 3189
661 3164
653 3139
648 3119
647 3104
648 3094
653 3089
661 3089
672 3094
694 3110
709 3126
725 3145
739 3168
754 3190
767 3208
777 3219
783 3222
783 3217
781 3205
776 3189
770 3169
764 3149
758 3129
752 3114
749 3103
747 3098
749 3101
752 3108
758 3120
766 3136
777 3156
789 3178
802 3202
816 3222
829 3236
840 3242
846 3239
845 3226
840 3208
833 3185
825 3160
818 3138
814 3120
812 3109
811 3105
813 3106
817 3113
827 3130
838 3147
851 3168
865 3192
881 3215
895 3235
905 3247
911 3251
912 3247
908 3235
901 3217
893 3194
884 3168
874 3142
864 3118
856 3099
848 3087
849 3089
856 3095
868 3106
886 3119
.PEN_UP
910 3138
940 3167
975 3204
1015 3247
1057 3291
1097 3332
1133 3365
1162 3390
1182 3405
1193 3413
1193 3414
1186 3410
1175 3401
.PEN_DOWN
1162 3382
1151 3356
1140 3319
1129 3276
1118 3233
1105 3193
1094 3159
1084 3133
1076 3114
1073 3102
1073 3096
1076 3094
1082 3098
1091 3107
1103 3122
1118 3143
1134 3171
1152 3206
1171 3247
1201 3319
1220 3366
1238 3409
1254 3444
1266 3465
1273 3476
1273 3471
1267 3454
1256 3425
1241 3384
1224 3336
1208 3285
1191 3233
1174 3186
1158 3147
1146 3117
1138 3097
1134 3088
1134 3086
1141 3094
1151 3107
1165 3127
1183 3153
1204 3186
1224 3219
1244 3249
1258 3270
1266 3280
1268 3280
1264 3269
1257 3250
1249 3226
1239 3197
1230 3168
1222 3141
1216 3118
1215 3101
1218 3090
1224 3086
1243 3090
1260 3099
1280 3113
1301 3131
1322 3155
1341 3183
1357 3211
1368 3234
1375 3248
1375 3249
1370 3240
1361 3225
1352 3206
1344 3185
1336 3165
1331 3145
1327 3125
1325 3102
1326 3092
1328 3087
1330 3088
1335 3096
1337 3109
1336 3126
.PEN_UP
1329 3148
1313 3171
1289 3196
1261 3223
1227 3247
1191 3265
1155 3277
1122 3282
1097 3282
1082 3280
1076 3278
1077 3277
1084 3279
1097 3284
1114 3290
.PEN_DOWN
1133 3297
1151 3302
1164 3307
1175 3313
1183 3320
1186 3327
.PEN_UP
1187 3334
1183 3338
1178 3339
1176 3336
1177 3329
1182 3318
1192 3303
1214 3287
1247 3271
1296 3257
1354 3248
1414 3242
1471 3238
1518 3236
1554 3235
1579 3233
1597 3231
1611 3229
1624 3226
1639 3221
1652 3216
1660 3207
1658 3196
1650 3185
1638 3176
1629 3171
1628 3170
1634 3172
1649 3176
1658 3179
1661 3181
1660 3183
1656 3185
1651 3187
1647 3192
1645 3198
1642 3205
1639 3212
1635 3217
1629 3221
1622 3223
1616 3223
1610 3222
1606 3221
1605 3220
1606 3220
1607 3219
1607 3216
1608 3210
.PEN_DOWN
1608 3202
1609 3193
1611 3182
1612 3173
1613 3166
1614 3162
1615 3162
1616 3164
1617 3168
1619 3176
1621 3186
1623 3200
1624 3216
1621 3235
1618 3243
1612 3244
1604 3240
1594 3230
1581 3215
1567 3197
1553 3176
1540 3154
1531 3132
1524 3113
1521 3098
1521 3089
1523 3086
1529 3088
1539 3093
1551 3103
1567 3119
1585 3142
1617 3188
1639 3226
1658 3269
1674 3312
1687 3352
1696 3383
1701 3401
1704 3410
1703 3410
1700 3401
1693 3382
1684 3353
1672 3315
1657 3269
1640 3222
1623 3179
1611 3143
1603 3107
1605 3096
1613 3091
1624 3092
1639 3100
1658 3114
1679 3132
1701 3156
1722 3183
1740 3211
1755 3236
1767 3255
1775 3266
1781 3268
1785 3261
1787 3248
1787 3230
1786 3211
1785 3193
1783 3174
1782 3167
1782 3164
1781 3164
1781 3166
1782 3170
1782 3176
1782 3185
1783 3198
1782 3216
1779 3234
1774 3249
1769 3257
1762 3255
1753 3244
1743 3223
1730 3198
1717 3169
1707 3141
1697 3108
1696 3093
1697 3082
1703 3077
1711 3076
1723 3080
1737 3090
1750 3104
1764 3123
1776 3145
1787 3168
1797 3190
1804 3205
1808 3212
1809 3213
1805 3205
1799 3192
1793 3176
1784 3148
1781 3129
1780 3111
1780 3096
1781 3085
1784 3079
1788 3077
1795 3080
1807 3086
1821 3096
1838 3110
1853 3127
1866 3147
1878 3167
1885 3181
1888 3188
1886 3183
1881 3171
1873 3155
1860 3128
1853 3113
1851 3102
1853 3094
1859 3090
1869 3089
1880 3091
1892 3096
1905 3105
1916 3119
1928 3137
1940 3160
1951 3187
1963 3215
1973 3239
1980 3252
1983 3254
1984 3244
1983 3213
1981 3184
1977 3148
1972 3110
1966 3069
1959 3027
1951 2986
1943 2952
1936 2927
1929 2911
1926 2905
1924 2905
1923 2911
1922 2928
1923 2953
1926 2987
.PEN_UP
1935 3027
1952 3066
1978 3103
2009 3134
2043 3159
2074 3177
2097 3192
2113 3203
2122 3213
2126 3221
2128 3225
2127 3225
2125 3222
2122 3212
2119 3204
2116 3192
2112 3178
2109 3165
.PEN_DOWN
2105 3148
2102 3134
2100 3123
2098 3115
2098 3111
2099 3110
2103 3112
2107 3115
2113 3121
2121 3131
2129 3144
2138 3158
2145 3170
2148 3176
2150 3176
2148 3170
2146 3161
2144 3149
2142 3135
2142 3122
2143 3110
2148 3096
2155 3092
2164 3091
2175 3094
2188 3101
2201 3112
2215 3127
2229 3148
2243 3175
2259 3209
2278 3249
2297 3295
2316 3339
2331 3374
2341 3398
2346 3410
2348 3413
2347 3412
2342 3397
2338 3377
2331 3347
2322 3310
2312 3267
2298 3223
2283 3183
2266 3149
2253 3124
2245 3108
2241 3100
2241 3099
2244 3103
2250 3113
2260 3129
2273 3151
2289 3180
2308 3213
2326 3246
2344 3274
2364 3294
2371 3294
2372 3282
2367 3262
2360 3237
2351 3207
2341 3178
2335 3151
2330 3129
2330 3112
2333 3101
2340 3096
2350 3095
2363 3101
2376 3111
2390 3126
2407 3161
2417 3192
2426 3224
2432 3250
2435 3267
2435 3272
2430 3266
2422 3252
2413 3233
2404 3208
2395 3181
2388 3155
2384 3130
2382 3111
2383 3098
2387 3091
2394 3089
2405 3091
2426 3104
2444 3117
2463 3138
2481 3163
2501 3191
2518 3215
2532 3232
2541 3239
2545 3236
2544 3226
2541 3210
2535 3189
2528 3167
2520 3147
2512 3129
2507 3117
2504 3110
2503 3107
2506 3109
2512 3115
2527 3134
2541 3155
2557 3180
2575 3210
2593 3239
2608 3261
2619 3274
2623 3277
2620 3271
2614 3258
2605 3241
2596 3218
2587 3195
2580 3172
2575 3150
2573 3132
2573 3116
2576 3105
2584 3096
2591 3093
2599 3093
2605 3094
2611 3100
2616 3107
2618 3118
.PEN_UP
2617 3135
2613 3153
2610 3177
2607 3204
2606 3234
2607 3264
2612 3292
2620 3316
2630 3334
2640 3346
2650 3354
2663 3357
2683 3357
2712 3355
2746 3348
2780 3338
2808 3323
2825 3305
2830 3284
2826 3258
2820 3234
2816 3214
2819 3200
2826 3192
2833 3185
2834 3177
2829 3168
2821 3161
2815 3158
2814 3160
2817 3165
2831 3177
2840 3184
2847 3189
2851 3192
2855 3192
2858 3191
2862 3189
2868 3186
2876 3186
2885 3187
2895 3191
2903 3196
2907 3202
2909 3209
2910 3217
2907 3224
2906 3231
2904 3236
.PEN_DOWN
2902 3239
2901 3242
2898 3244
2894 3244
2886 3244
2877 3242
2864 3234
2849 3221
2833 3201
2816 3175
2800 3149
2788 3125
2779 3107
2776 3096
2778 3091
2787 3090
2801 3095
2819 3106
2839 3121
2870 3151
2887 3174
2904 3199
2918 3220
2927 3235
2932 3244
2934 3245
2932 3241
2929 3232
2925 3219
2919 3201
2913 3180
2907 3158
2901 3135
2896 3116
2893 3103
2893 3095
2901 3098
2911 3107
2924 3119
2938 3135
2953 3154
2967 3175
2982 3201
2997 3225
3012 3247
3024 3262
3031 3269
3035 3268
3035 3258
3030 3243
3023 3222
3013 3198
3003 3175
2996 3154
2991 3137
2992 3121
2996 3117
3003 3117
3013 3121
3025 3129
3037 3140
3049 3155
3062 3172
3074 3194
3088 3220
3101 3244
3113 3264
3123 3278
3130 3284
3134 3284
3137 3280
3138 3271
3139 3259
3139 3236
3137 3221
3134 3205
3129 3187
3121 3168
3113 3149
3105 3131
3100 3117
3097 3107
3095 3101
3095 3098
3096 3097
3098 3099
3105 3105
3116 3114
3134 3126
.PEN_UP
3159 3141
3190 3156
3223 3168
3255 3174
3281 3173
3301 3165
3311 3155
3314 3145
3310 3135
3303 3127
3296 3120
3290 3114
3287 3110
3288 3108
3291 3107
.PEN_DOWN
3298 3107
3308 3109
3318 3113
3330 3119
3341 3128
3352 3138
3363 3152
3375 3169
3389 3190
3405 3219
3423 3255
3442 3298
3461 3345
3478 3388
3492 3422
3501 3445
3505 3454
3505 3453
3501 3442
3492 3419
3478 3381
3460 3330
3435 3268
3410 3207
3368 3110
3344 3048
3323 2989
3303 2932
3289 2887
3280 2852
3278 2829
3279 2816
3282 2811
3287 2813
3293 2822
3302 2838
3314 2861
3328 2891
3340 2926
3353 2964
3362 2998
3371 3029
3379 3053
3388 3075
3392 3084
3394 3088
3395 3090
3395 3090
3396 3090
3396 3089
3398 3089
3401 3091
3408 3096
3420 3105
3436 3117
3454 3132
3473 3153
3493 3176
3524 3215
3544 3236
3561 3251
3572 3258
3578 3257
3580 3252
3579 3242
3577 3230
3575 3214
3574 3198
3574 3183
3574 3170
3574 3162
3575 3158
3575 3157
3575 3159
3575 3163
3576 3172
3578 3184
3582 3202
3586 3222
3592 3251
3595 3264
3594 3270
3590 3267
3582 3258
3570 3243
3554 3220
3536 3192
3517 3163
3500 3135
3488 3112
3482 3096
3483 3087
3489 3083
3498 3083
3510 3088
3523 3096
3537 3109
3559 3138
3572 3161
3583 3183
3592 3198
3597 3207
3599 3208
3598 3202
3593 3193
3588 3178
3581 3160
3575 3141
3571 3122
3568 3106
3569 3093
3571 3086
3576 3084
3590 3089
3602 3098
3617 3111
3634 3128
3651 3151
3670 3181
3691 3218
3712 3260
3733 3301
3750 3334
3763 3357
3769 3368
3769 3366
3764 3355
3753 3334
3738 3302
3720 3266
3702 3227
3685 3190
3672 3159
3663 3134
3661 3108
3665 3100
3672 3097
3685 3100
3700 3106
3718 3117
3738 3133
3759 3156
3780 3187
3803 3227
3825 3274
3848 3323
3870 3371
3890 3410
3906 3437
3917 3452
3921 3455
3920 3450
3909 3426
3896 3397
3880 3357
3861 3308
3841 3256
3819 3207
3799 3165
3781 3134
3769 3113
3763 3103
3762 3100
3765 3103
3772 3112
3784 3127
3799 3149
3820 3177
3843 3211
3878 3262
3897 3287
3910 3300
3916 3302
3914 3292
3907 3275
3897 3252
3886 3225
3876 3199
3868 3173
3862 3150
3858 3130
3858 3114
3861 3104
3867 3097
3875 3096
3887 3100
3900 3108
3914 3120
3930 3138
3954 3179
3968 3211
3979 3240
3985 3260
3988 3268
3985 3264
3978 3253
3967 3235
3953 3214
3941 3191
3929 3168
3920 3148
3915 3130
3912 3117
3915 3108
3922 3103
3932 3102
3950 3109
3964 3121
3978 3137
3994 3159
4011 3187
4030 3219
4049 3249
4065 3273
4077 3287
4084 3292
4085 3291
4084 3286
4082 3280
4079 3270
4079 3260
4080 3247
4082 3233
4086 3212
4086 3197
4084 3183
4078 3170
4070 3157
4061 3145
4054 3135
4049 3126
4047 3120
4048 3116
4051 3114
4055 3112
4062 3112
4072 3115
4084 3122
4099 3131
4115 3145
4133 3162
4151 3184
4168 3208
4188 3237
4197 3250
4202 3258
4204 3263
4205 3266
4206 3267
4206 3267
4205 3266
4204 3263
4202 3256
4200 3249
4198 3243
4197 3239
4196 3238
4197 3238
4199 3239
4201 3241
4204 3245
4209 3256
4213 3264
4216 3272
4217 3278
4218 3280
4218 3282
4218 3281
4217 3280
4217 3279
4216 3279
4216 3279
4216 3278
4216 3279
4217 3279
4217 3279
4217 3279
4217 3279
4217 3278
4217 3276
4217 3273
4217 3269
4217 3264
4216 3256
4214 3245
4213 3232
4212 3217
4211 3201
4210 3185
4209 3170
4206 3156
4204 3144
4201 3137
4198 3132
4195 3130
4192 3129
4188 3129
4181 3131
4175 3133
4168 3136
4162 3143
4156 3150
4149 3157
.PEN_UP
4142 3164
4135 3169
4130 3174
4125 3179
4116 3184
4102 3190
4080 3197
4050 3204
4014 3213
3971 3222
3924 3233
3874 3244
3822 3255
3772 3266
3726 3275
3688 3281
3658 3285
3639 3287
3631 3286
3632 3285
3641 3283
3655 3284
3677 3286
.PEN_DOWN
3708 3291
3746 3299
3786 3307
3824 3315
3858 3322
3888 3325
3916 3325
.PEN_UP
3946 3321
3978 3313
4017 3301
4063 3288
4113 3272
4165 3256
4216 3241
4261 3227
4300 3216
4331 3206
4353 3196
4367 3187
4373 3177
4374 3170
4371 3165
4367 3161
4363 3159
4357 3156
.PEN_DOWN
4354 3155
4353 3154
4354 3154
4354 3153
4355 3153
4357 3154
4360 3157
4361 3164
4361 3175
.PEN_UP
4360 3188
4362 3199
4371 3208
4387 3214
.PEN_DOWN
0 0
.PEN_UP
0 0
.PEN_DOWN
0 0
.PEN_UP
0 0
.PEN_DOWN
0 0
.PEN_UP
0 0
.PEN_DOWN
0 0
.PEN_UP
0 0
.PEN_DOWN
0 0
.PEN_UP
0 0
.PEN_DOWN
0 0
.PEN_UP
0 0
.PEN_DOWN
0 0
.PEN_UP
0 0
.PEN_DOWN
0 0
.PEN_UP
0 0
.PEN_DOWN
0 0
.PEN_UP
0 0
.PEN_DOWN
0 0
.PEN_UP
0 0
.PEN_DOWN
0 0
.PEN_UP
0 0
.PEN_DOWN
0 0
.PEN_UP
0 0
.PEN_DOWN
0 0
.PEN_UP
0 0
.PEN_DOWN
0 0
.PEN_UP
0 0
.PEN_DOWN
0 0
.PEN_UP
0 0
.PEN_DOWN
0 0
.PEN_UP
0 0
.PEN_DOWN
0 0
.PEN_UP
0 0
.PEN_DOWN
0 0
.PEN_UP
0 0
.PEN_DOWN
0 0
.PEN_UP
0 0
.PEN_DOWN
0 0
.PEN_UP
0 0
.PEN_DOWN
474 594
475 593
474 591
473 585
469 575
463 559
454 535
445 506
434 473
423 438
414 405
409 378
408 359
411 348
415 343
420 344
429 350
442 361
458 378
478 403
499 433
521 469
544 508
565 550
583 590
601 641
608 664
610 676
610 679
607 673
601 659
591 637
578 603
563 561
546 515
530 469
516 430
506 399
500 379
498 369
498 365
499 369
507 388
517 411
533 444
552 478
570 509
586 531
596 542
600 542
599 533
593 515
584 492
574 464
567 435
563 409
562 387
564 370
568 359
574 354
589 359
603 370
620 388
637 411
653 437
668 463
683 488
697 506
708 518
716 523
720 523
722 517
723 506
724 491
724 473
724 454
723 439
723 428
724 421
723 420
723 420
723 425
724 433
725 448
725 466
724 485
723 501
719 510
713 511
704 504
691 489
678 467
665 442
654 416
647 391
641 369
639 351
639 340
641 334
652 340
663 352
676 370
690 392
703 416
713 440
721 460
726 472
727 476
725 470
721 456
716 437
710 416
705 394
702 375
703 359
706 347
714 340
721 341
730 347
742 358
755 374
768 397
782 428
796 464
810 505
825 546
838 584
848 613
854 630
856 636
853 632
848 619
841 595
827 543
816 500
805 456
797 412
791 375
788 346
787 326
788 315
792 312
798 315
803 326
809 348
813 378
815 417
.PEN_UP
814 458
809 492
802 518
795 532
790 538
783 539
780 538
783 539
.PEN_DOWN
787 541
800 545
816 550
834 556
853 563
869 569
880 575
886 582
885 588
874 592
.PEN_UP
856 595
829 593
792 588
747 580
697 570
642 558
589 547
544 536
509 527
487 522
476 520
474 520
478 521
489 522
.PEN_DOWN
507 524
534 529
568 534
604 541
643 551
674 561
697 571
.PEN_UP
716 583
734 590
764 597
813 602
883 605
967 606
1051 602
1125 592
1180 579
1215 563
1231 547
1231 533
1219 523
1200 517
1176 516
1151 516
1129 517
1109 515
1094 511
1085 503
1081 494
1080 479
1081 471
1084 466
1087 464
1090 464
1092 467
1095 471
1095 477
1095 483
1095 489
1093 494
1091 491
1087 493
1083 494
1080 494
.PEN_DOWN
1076 498
1073 495
1070 491
1066 485
1061 472
1055 454
1046 430
1037 405
1031 382
1029 366
1030 356
1033 351
1041 353
1052 359
1067 369
1084 385
1101 405
1119 428
1137 453
1155 476
1171 495
1182 508
1188 515
1191 517
1192 504
1194 489
1196 470
1198 448
1198 426
1196 404
1192 382
1188 364
1180 348
1171 338
1161 331
1151 328
1141 330
1132 336
1124 345
1118 357
1116 377
1121 392
1129 404
1143 414
.PEN_UP
1162 421
1188 426
1222 432
1261 439
1304 448
1347 458
1384 469
1414 480
1435 491
1448 502
1455 514
1460 526
1464 540
1467 553
1472 571
1474 579
.PEN_DOWN
1475 584
1476 586
1476 583
1474 575
1469 562
1460 542
1449 516
1438 487
1426 454
1415 421
1407 391
1400 366
1397 348
1399 337
1403 332
1409 331
1418 336
1430 348
1446 368
1475 413
1497 451
1519 494
1540 541
1559 586
1575 625
1588 657
1596 678
1600 686
1600 685
1598 673
1592 651
1582 620
1569 580
1553 536
1535 492
1508 429
1494 394
1484 369
1477 353
1474 346
1476 346
1481 353
1490 367
1503 391
1520 423
1540 459
1560 491
1578 516
1591 531
1598 535
1599 532
1594 519
1587 499
1580 472
1574 441
1569 411
1567 369
1568 347
1572 332
1578 324
1588 323
1600 329
1616 341
1636 359
1657 383
1676 413
1693 444
1706 471
1714 490
1717 498
1716 496
1712 485
1706 469
1698 448
1687 413
1682 391
1680 372
1682 357
1686 346
1691 341
1698 340
1702 344
1705 356
1703 371
1697 393
.PEN_UP
1685 420
1666 448
1639 475
1605 498
1561 516
1512 525
1462 528
1415 526
1380 522
1357 518
1347 515
1347 515
1357 516
1376 519
.PEN_DOWN
1401 524
1435 531
1468 538
1500 550
1525 564
1535 577
.PEN_UP
1533 592
1515 606
1489 621
1456 635
1418 647
1375 655
1330 658
1286 656
1251 651
1226 645
1212 639
1206 634
1204 631
1206 629
1208 628
.PEN_DOWN
1209 627
1212 629
1216 631
1220 635
1225 642
.PEN_UP
1231 653
1238 668
1249 690
1268 718
1296 752
1334 791
1389 835
1466 879
1565 930
1620 958
2212 927
2187 878
2155 813
2127 748
2108 693
2099 649
2096 611
2094 571
2090 526
2083 480
2074 438
2062 403
2051 377
2041 359
2031 347
2025 340
2020 338
2015 339
2012 342
2008 346
2003 350
1993 356
1985 360
1979 365
1973 371
1969 377
1965 383
1965 389
1966 395
1969 401
1973 406
1976 410
1979 415
1983 421
1988 429
1995 438
2004 448
2014 457
2023 466
2036 476
2041 491
2044 493
2046 495
2046 497
.PEN_DOWN
2046 488
2047 489
2046 490
2046 491
2043 491
2038 490
2031 485
2019 476
2006 462
1990 441
1974 417
1961 393
1951 372
1946 355
1945 344
1947 337
1954 336
1963 340
1975 349
1990 363
2008 382
2027 405
2044 429
2057 450
2065 464
2069 471
2068 471
2064 465
2058 451
2049 431
2037 404
2023 370
1999 309
1982 263
1963 217
1947 173
1936 136
1931 104
1930 83
1934 70
1940 63
1947 64
1954 69
1963 80
1973 97
1984 122
1994 152
2002 186
2008 220
2011 252
2011 287
2009 300
2007 308
2004 311
2003 313
2001 313
2001 312
2003 309
2005 306
2011 303
2019 301
2029 305
2043 313
2058 326
2076 344
2097 365
2115 387
2131 410
2147 441
2153 454
2157 461
2158 465
2158 464
2157 461
2155 455
2152 444
2146 429
2140 409
2134 389
2129 370
2127 356
2128 347
2131 343
2136 342
2144 345
2154 352
2172 371
2185 389
2200 411
2215 434
2229 458
2240 475
2247 485
2250 488
2248 485
2243 477
2236 465
2227 447
2218 427
2211 406
2206 386
2205 367
2207 352
2216 337
2224 333
2235 336
2249 343
2264 354
2281 370
2298 390
2312 414
2325 441
2335 466
2341 486
2343 498
2343 502
2337 500
2329 491
2317 477
2303 457
2289 433
2276 408
2267 385
2262 366
2264 348
2271 342
2283 342
2296 346
2313 353
2332 366
2353 382
2374 403
2395 426
2415 450
2434 470
2450 485
2461 494
2467 497
2466 495
2464 488
2462 477
2460 464
2456 435
2451 414
2443 393
2434 374
2424 359
2414 348
2404 341
2395 339
2386 341
2377 346
2369 353
2362 359
2358 365
2356 368
2356 368
2358 365
2360 361
2365 356
2377 348
2388 346
2403 348
2420 354
2441 365
2464 380
2489 399
2513 422
2536 450
2558 482
2579 517
2598 555
2617 588
2632 616
2642 637
2647 647
2647 651
2644 645
2631 620
2618 592
2601 556
2581 515
2558 471
2537 430
2521 393
2511 367
2509 349
2511 339
2516 336
2526 339
2538 348
2554 363
2573 383
2591 409
2611 438
2628 464
2647 491
2652 495
2650 489
2642 476
2633 459
2623 438
2615 416
2610 394
2606 373
2605 355
2607 342
2612 334
2619 330
2629 333
2642 340
2656 353
2682 382
2699 407
2717 436
2736 464
2755 487
2772 502
2784 509
2791 508
2794 501
2793 490
2792 476
2791 458
2789 441
2788 424
2787 412
2786 405
2786 402
2786 402
2786 404
2788 413
2789 425
2790 443
2792 465
2792 486
2789 501
2784 508
2775 505
2762 493
2748 474
2733 448
2720 420
2708 391
2700 365
2696 344
2697 331
2701 325
2711 327
2732 341
2749 357
2768 379
2785 405
2805 432
2826 457
2847 475
2864 483
2873 480
2876 469
2872 452
2867 433
2861 413
2854 395
2848 381
2843 370
2840 363
2841 362
2845 366
2853 376
2865 392
2884 414
2907 442
2932 471
2957 499
2978 520
2992 530
2998 532
2997 525
2991 510
2983 491
2975 468
2968 445
2965 425
2964 409
2964 397
2965 389
2966 385
2967 387
2965 396
2959 409
2947 429
.PEN_UP
2927 453
2899 480
2863 506
2819 529
2770 546
2717 557
2666 564
2622 567
2587 569
2566 567
2556 564
2556 559
2566 555
.PEN_DOWN
2597 552
2624 554
2651 557
2675 560
2695 562
2714 562
2735 559
.PEN_UP
2764 555
2802 544
2850 528
2905 508
2963 485
3017 462
3063 440
3097 422
3120 407
3133 395
3138 387
3139 380
3135 373
3131 367
3128 362
.PEN_DOWN
3125 359
3125 358
3125 357
3128 357
3131 358
3133 359
3136 360
3137 363
3137 368
3135 374
3132 379
.PEN_UP
3126 383
3121 384
3120 383
3124 381
3136 376
3151 369
3169 359
