
.WRITER_ID HarveyLehtman
.STYLE PRINTED
.PEN_DOWN
	107	403
	107	404
	107	405
	106	406
	105	407
	103	408
	103	409
	102	409
	101	409
	100	410
	99	410
	98	410
	97	410
	97	409
	97	408
	97	406
	97	405
	98	404
	98	402
	99	400
	99	399
	101	395
	102	393
	103	391
	103	389
	104	387
	104	385
	105	384
	106	382
	106	381
	107	379
	107	378
	107	377
.PEN_UP
.PEN_DOWN
	95	390
	96	390
	97	390
	97	391
	97	392
	98	393
	98	394
	99	394
	99	395
	101	396
	102	397
	103	397
	105	398
	107	398
	108	398
	110	398
	111	398
	112	397
	113	397
.PEN_UP
.PEN_DOWN
	124	395
	124	396
	124	397
	123	397
	123	398
	122	398
	121	398
	120	397
	119	396
	118	395
	118	394
	117	393
	117	392
	118	391
	119	390
	120	390
	121	390
	122	390
	124	390
	125	390
	126	391
	127	391
	128	391
	129	392
	129	393
	129	394
	129	395
	129	396
	128	396
	127	396
	126	396
	127	395
	127	394
	129	393
	129	392
	130	392
	131	392
	132	391
	133	391
	134	391
	135	390
.PEN_UP
.PEN_DOWN
	144	398
	144	397
	145	397
	145	396
	145	395
	146	394
	146	393
	146	392
	147	391
	148	391
.PEN_UP
.PEN_DOWN
	152	418
	153	418
	154	418
	154	417
	155	416
	155	415
	155	414
	155	413
	155	412
	155	411
	156	410
	156	409
	157	407
	157	406
	157	404
	158	401
	158	400
	158	398
.PEN_UP
.PEN_DOWN
	163	401
	163	400
	164	400
	165	400
	167	400
	168	400
	169	400
	170	400
	171	400
	172	401
	173	401
	174	402
	175	403
	176	404
	177	405
	177	406
	177	407
	177	408
	176	408
	175	408
	174	408
	173	408
	172	408
	170	407
	169	406
	169	405
	168	405
	168	404
	168	403
	168	402
	168	401
	169	401
	170	400
	171	400
	172	399
	173	399
	174	398
	175	398
	176	398
	177	398
	178	398
.PEN_UP
.PEN_DOWN
	196	405
	196	406
	195	407
	194	407
	193	407
	192	407
	191	407
	191	406
	190	406
	190	405
	190	404
	189	404
	189	402
	189	401
	189	400
	190	400
	190	399
	190	398
	191	398
	192	398
	193	398
	194	398
	195	399
	196	400
	197	402
	197	403
	198	404
	198	406
	198	407
	198	409
	198	410
	198	411
	198	414
	197	416
	197	417
	196	419
	196	421
	196	422
	195	423
	195	422
	195	421
	195	419
	195	418
	196	417
	196	415
	197	413
	198	411
	198	409
	199	408
	200	406
	201	404
	203	401
	204	400
	205	398
.PEN_UP
.PEN_DOWN
	255	408
	256	408
	256	409
	256	410
	256	409
	256	407
	256	406
	256	405
	257	404
	258	403
	258	402
	259	401
	260	401
	261	401
	263	401
	264	402
	265	402
	265	403
	266	404
	267	405
	267	406
	267	407
	267	408
	267	409
	266	409
	266	408
	266	407
	267	407
	268	406
	269	405
	270	404
	271	404
	272	404
	274	404
	275	404
	276	405
	277	405
	278	406
	278	407
	278	408
	278	409
	278	410
	277	411
	276	412
	275	413
	274	414
	273	414
	272	415
	271	416
	270	416
	269	416
.PEN_UP
.PEN_DOWN
	286	412
	286	411
	286	410
	286	409
	286	408
	286	407
	286	406
	286	405
	287	404
	287	403
	287	402
	287	401
	288	400
.PEN_UP
.PEN_DOWN
	295	415
	296	415
	297	415
	297	416
	298	416
	299	416
	300	416
	301	416
	302	416
	303	416
	303	415
	303	414
	302	413
	302	412
	301	410
	301	409
	300	408
	300	407
	300	406
	299	406
	299	405
	298	404
	298	403
	298	402
	298	401
	298	400
	299	400
	300	400
	301	400
	302	400
	303	401
	304	402
	305	402
	306	403
.PEN_UP
.PEN_DOWN
	295	410
	295	409
	295	410
	296	410
	297	411
	298	411
	299	411
	300	411
	301	411
	302	411
.PEN_UP
.PEN_DOWN
	317	408
	318	408
	318	409
	318	410
	318	411
	318	412
	318	413
	318	414
	318	415
	317	415
	316	415
	315	415
	314	415
	313	414
	312	414
	312	413
	311	413
	310	412
	310	411
	310	410
	310	409
	311	408
	311	407
	312	407
	313	406
	314	406
	315	405
	316	405
	317	405
	318	405
	319	405
	320	405
	321	406
	323	407
	323	408
	324	408
	324	409
	324	410
	323	411
	322	411
	321	411
	321	410
	322	409
	323	409
	323	408
	324	407
	325	406
	326	406
	327	404
	328	404
.PEN_UP
.PEN_DOWN
	347	411
	348	411
	347	411
	347	410
	347	409
	347	408
	348	408
	348	407
	348	406
	349	405
	349	404
	350	404
	350	405
	350	406
	350	407
	350	408
	349	409
	349	410
	349	411
	349	413
	349	414
	349	415
	349	416
	350	417
	351	418
	352	418
	353	418
	354	418
	355	418
.PEN_UP
.PEN_DOWN
	372	415
	372	416
	371	416
	370	416
	370	415
	369	415
	368	414
	367	412
	367	411
	367	410
	367	409
	367	408
	368	407
	369	407
	370	407
	371	407
	371	408
	372	409
	373	410
	374	411
	374	412
	374	413
	375	415
	375	416
	375	418
	375	419
	375	420
	374	423
	374	425
	374	427
	374	429
	373	431
	373	432
	373	433
	372	434
	372	435
	372	434
	372	433
	372	432
	373	431
	373	430
	374	428
	374	427
	375	425
	376	423
	377	421
	377	419
	379	416
	379	414
	380	412
	381	411
	382	409
.PEN_UP
.PEN_DOWN
	413	428
	414	428
	413	428
	413	427
	413	425
	414	424
	414	422
	414	420
	414	418
	414	416
	415	412
	415	410
	415	409
	416	407
	416	406
	416	404
	417	403
	417	402
.PEN_UP
.PEN_DOWN
	428	414
	427	414
	426	413
	425	412
	424	411
	423	411
	422	410
	421	409
	420	409
	419	408
	419	407
	420	406
	420	405
	421	405
	422	405
	423	404
	424	404
	425	404
	427	404
	428	404
	430	404
.PEN_UP
.PEN_DOWN
	442	416
	441	415
	441	414
	441	413
	441	412
	441	410
	441	409
	442	409
	442	408
	442	407
	442	406
	443	406
	444	407
	445	407
	445	408
	446	408
	447	409
	447	410
	448	411
	448	412
	449	413
	450	414
	450	413
	450	412
	450	411
	450	409
	450	408
	451	407
	451	406
	451	405
	452	405
	453	405
	453	404
.PEN_UP
.PEN_DOWN
	459	413
	459	412
	459	411
	458	411
	459	411
	460	411
	461	411
	462	411
	463	412
	464	412
	465	412
	466	413
	467	413
	467	414
	467	415
	467	416
	466	417
	465	417
	464	418
	463	418
	462	418
	461	417
	460	416
	459	415
	459	414
	459	413
	459	412
	459	411
	460	410
	460	409
	461	409
	461	408
	462	407
	463	406
	464	405
	465	405
	466	404
	467	404
	468	404
	469	405
.PEN_UP
.PEN_DOWN
	473	413
	473	412
	473	411
	473	410
	473	409
	474	408
	474	407
	475	406
	475	405
	476	404
	477	403
	478	403
	479	403
	479	404
	480	404
	481	405
	482	406
	482	407
	483	408
	483	409
	483	411
	483	412
	483	411
	484	411
	484	410
	485	409
	486	408
	487	407
	487	406
	489	405
	489	404
	490	404
	491	404
	492	404
	493	405
	494	405
	495	405
	496	406
	496	407
	497	407
	498	409
	498	410
	498	411
	497	412
	497	413
	496	415
	495	416
	494	417
	494	418
	493	419
	492	420
	491	421
	492	421
.PEN_UP
.PEN_DOWN
	547	419
	547	420
	547	421
	548	422
	548	423
	548	422
	548	421
	548	420
	548	419
	549	417
	550	414
	550	413
	551	412
	551	411
	552	410
	554	409
	555	409
	556	408
	557	408
.PEN_UP
.PEN_DOWN
	537	416
	538	416
	539	417
	540	417
	541	417
	543	418
	545	418
	547	419
	550	419
	552	420
	557	420
	559	420
	561	420
	562	421
.PEN_UP
.PEN_DOWN
	566	436
	567	436
	568	436
	567	436
	567	435
	567	434
	566	432
	566	430
	566	429
	567	427
	567	426
	567	424
	567	423
	567	421
	568	420
	568	418
	568	416
	569	415
	569	413
	571	411
	571	410
	572	409
	573	409
	574	409
	575	409
	576	410
	577	411
	578	412
	578	413
	578	414
	579	415
	580	416
	580	415
	580	414
	581	413
	581	412
	582	412
	582	411
	583	411
	583	410
	584	409
	585	409
	586	409
	587	409
.PEN_UP
.PEN_DOWN
	600	412
	600	413
	600	414
	599	414
	598	414
	597	414
	596	414
	595	414
	594	414
	594	413
	593	412
	593	411
	593	410
	593	409
	593	408
	593	407
	593	406
	594	405
	595	404
	596	404
	597	403
	598	403
	599	403
	600	403
	601	404
	602	405
	603	407
	603	408
	603	409
	602	410
	602	411
	601	411
	601	410
	601	409
	602	408
	602	407
	603	406
	604	405
	605	405
	605	404
	606	403
	608	402
	609	402
.PEN_UP
.PEN_DOWN
	617	431
	617	430
	617	429
	617	428
	617	427
	617	426
	617	425
	617	423
	617	422
	617	419
	617	417
	618	416
	618	414
	618	412
	619	411
	619	409
	620	408
	621	407
	621	406
	622	405
	623	403
	624	403
.PEN_UP
.PEN_DOWN
	613	419
	613	418
	614	418
	615	418
	616	418
	619	418
	621	418
	623	419
	624	419
	626	419
	627	419
	629	419
.PEN_UP
.PEN_DOWN
	671	410
	672	410
	673	410
	674	410
	674	411
	675	412
	675	413
	675	414
	675	415
	675	416
	674	416
	674	417
	673	417
	672	418
	670	418
	669	418
	668	417
	667	417
	666	417
	665	417
	664	416
	663	415
	663	414
	664	414
	665	413
	667	412
	668	412
	669	411
	671	410
	672	410
	674	409
	675	408
	676	407
	677	407
	678	406
	678	405
	678	404
	677	403
	676	402
	675	402
	674	402
	672	401
	671	401
	670	401
	669	401
	668	401
	666	401
.PEN_UP
.PEN_DOWN
	686	408
	687	409
	688	409
	688	410
	689	410
	689	411
	689	412
	688	412
	687	413
	686	413
	685	413
	684	413
	683	412
	682	412
	682	411
	681	411
	681	410
	681	408
	682	407
	683	406
	684	405
	685	404
	686	404
	687	403
	688	403
	690	403
	691	403
	692	403
	694	403
	695	404
	695	405
	695	406
	695	407
	694	408
	693	409
	692	410
	691	410
	688	412
.PEN_UP
.PEN_DOWN
	701	412
	702	412
	703	412
	703	413
	703	412
	703	411
	703	410
	703	408
	703	407
	703	406
	703	405
	704	404
	704	403
	705	403
	706	404
	707	405
	708	405
	708	406
	709	406
	709	407
	710	408
	711	409
	711	410
	711	411
	711	412
	712	413
	711	413
	711	412
	711	411
	711	410
	711	408
	712	407
	712	406
	712	405
	712	404
	713	404
	714	404
	715	404
	717	404
	718	405
	719	406
	720	407
	720	408
	721	409
	721	410
	722	411
	722	410
	722	409
	723	408
	723	407
	723	406
	723	405
	724	403
	725	403
	726	402
	726	401
	727	401
.PEN_UP
.PEN_DOWN
	734	412
	734	411
	734	412
	735	412
	736	412
	737	411
	738	411
	739	411
	740	411
	741	411
	742	411
	743	411
	744	411
	745	411
	746	411
	747	412
	747	413
	747	414
	746	414
	745	415
	744	415
	742	415
	740	414
	739	414
	737	414
	736	414
	736	413
	735	413
	734	412
	734	411
	734	410
	734	409
	735	407
	735	406
	736	405
	737	405
	738	404
	739	403
	740	402
	741	402
	743	401
	744	401
	745	401
	746	401
	749	401
.PEN_UP
