.INCLUDE imp/imp1.doc
.DATE 09 23 94
.STYLE MIXED
.COMMENT previously: .WRITER_ID adams_152
.WRITER_ID adams
.AGE 23
.HAND R
.SEX M
.WRITER_INFO 
	Family Name: adams
	Other Names: merv
.PEN_DOWN
0 0
.PEN_UP
.PEN_DOWN
706 -941
696 -935
683 -933
668 -943
647 -963
621 -996
594 -1032
576 -1063
572 -1085
586 -1102
610 -1112
643 -1109
679 -1091
707 -1067
725 -1043
733 -1017
733 -989
728 -960
721 -942
717 -937
716 -941
719 -961
723 -996
730 -1034
738 -1068
748 -1099
763 -1122
777 -1137
795 -1140
814 -1131
.PEN_UP
.PEN_DOWN
829 -847
835 -900
843 -957
846 -1005
851 -1045
854 -1074
858 -1094
862 -1103
862 -1103
862 -1094
861 -1070
864 -1038
876 -1007
897 -984
924 -973
947 -975
969 -985
985 -1001
995 -1018
998 -1034
990 -1050
970 -1068
943 -1082
915 -1091
894 -1093
883 -1091
877 -1088
879 -1085
.PEN_UP
.PEN_DOWN
1060 -978
1056 -980
1048 -990
1036 -1008
1029 -1030
1027 -1050
1034 -1064
1054 -1073
1083 -1075
1118 -1067
1152 -1056
1174 -1042
1182 -1027
1181 -1007
1169 -986
1146 -969
1116 -964
1089 -964
1073 -966
1072 -965
1075 -966
1090 -965
1118 -961
1148 -957
1173 -955
1195 -956
1210 -958
1220 -966
1225 -980
1227 -1000
1226 -1021
1229 -1041
1236 -1056
1247 -1066
1264 -1068
1283 -1064
1304 -1052
1319 -1039
1330 -1022
1337 -1002
1338 -983
1339 -971
1338 -970
1338 -972
1338 -980
1340 -992
1345 -1009
1351 -1024
1361 -1036
1374 -1045
1392 -1045
1409 -1039
1424 -1025
1433 -1007
1438 -982
1439 -945
1438 -903
1431 -858
1426 -820
1421 -799
1419 -792
1418 -794
1419 -805
1423 -831
1428 -873
1430 -924
1431 -970
1435 -1005
1446 -1029
1460 -1046
1475 -1054
1492 -1056
1509 -1049
1524 -1037
1527 -1020
1521 -998
.PEN_UP
.PEN_DOWN
1365 -927
1366 -926
1378 -922
1405 -915
1437 -905
1465 -899
1486 -897
1497 -897
1500 -899
.PEN_UP
.PEN_DOWN
714 -1043
706 -1036
691 -1032
671 -1034
648 -1043
624 -1058
608 -1083
599 -1113
600 -1140
614 -1160
640 -1174
669 -1177
697 -1168
722 -1148
740 -1125
748 -1103
748 -1080
745 -1057
740 -1038
737 -1029
737 -1030
739 -1041
746 -1060
755 -1086
765 -1114
776 -1140
790 -1159
806 -1170
820 -1171
838 -1159
.PEN_UP
.PEN_DOWN
879 -860
862 -877
849 -913
845 -963
847 -1011
850 -1049
856 -1081
864 -1108
876 -1129
886 -1141
891 -1145
888 -1145
875 -1141
858 -1131
844 -1118
837 -1106
841 -1096
859 -1085
888 -1072
922 -1057
951 -1041
976 -1023
995 -1001
1006 -973
1009 -942
1006 -920
1001 -907
997 -902
996 -903
996 -911
999 -939
1003 -974
1007 -1012
1015 -1043
1023 -1070
1039 -1093
1062 -1110
1090 -1118
1125 -1118
1162 -1110
1191 -1096
1209 -1081
1219 -1062
1220 -1041
1216 -1024
1208 -1013
1197 -1013
1185 -1020
1176 -1035
1169 -1055
1169 -1074
1178 -1090
1190 -1102
1209 -1110
1235 -1111
1263 -1108
1291 -1102
1312 -1093
1325 -1082
1330 -1067
1331 -1051
1327 -1042
1318 -1039
1312 -1042
1307 -1051
1303 -1063
1305 -1073
1310 -1084
1317 -1089
1321 -1090
1321 -1085
1317 -1074
1313 -1059
1311 -1038
1318 -1016
1331 -994
1347 -977
1361 -968
1373 -961
1379 -958
1380 -955
.PEN_UP
.PEN_DOWN
935 -970
960 -965
999 -956
1053 -945
1113 -934
1159 -927
1186 -926
1198 -926
.PEN_UP
.PEN_DOWN
692 -863
665 -872
637 -894
609 -928
582 -969
565 -1008
566 -1037
575 -1056
593 -1069
621 -1072
658 -1061
691 -1043
715 -1016
731 -984
737 -952
735 -910
730 -871
726 -845
723 -836
723 -836
722 -840
723 -859
725 -896
728 -939
732 -974
737 -1004
746 -1027
758 -1042
774 -1050
793 -1051
818 -1047
848 -1036
.PEN_UP
.PEN_DOWN
943 -842
933 -836
920 -836
907 -843
886 -870
862 -917
840 -969
831 -1004
837 -1027
855 -1040
881 -1042
909 -1032
932 -1015
947 -991
953 -962
953 -923
948 -883
943 -856
941 -846
941 -847
941 -854
947 -877
953 -917
962 -960
970 -1006
976 -1048
979 -1087
976 -1130
966 -1171
950 -1206
925 -1232
894 -1248
860 -1251
831 -1244
809 -1233
795 -1214
790 -1185
799 -1145
.PEN_UP
.PEN_DOWN
1113 -833
1107 -833
1101 -835
1088 -844
1076 -861
1062 -885
1047 -913
1035 -938
1027 -964
1026 -983
1029 -998
1041 -1008
1060 -1008
1086 -999
1109 -982
1125 -962
1131 -935
1132 -902
1128 -874
1121 -857
1117 -850
1115 -849
1116 -851
1117 -859
1120 -875
1127 -899
1133 -925
1141 -950
1156 -972
1170 -985
1189 -993
1208 -993
1227 -982
1241 -966
1251 -947
1256 -920
1259 -892
1260 -880
1258 -874
1257 -875
1256 -879
1255 -896
1257 -920
1259 -945
1267 -963
1279 -974
1298 -976
1322 -969
1347 -954
1364 -937
1374 -916
1382 -891
1382 -873
1382 -865
1381 -864
1380 -867
1379 -878
1376 -902
1375 -925
1378 -942
1380 -957
1382 -969
1386 -973
1386 -973
1386 -972
1385 -966
1383 -954
1380 -939
1383 -915
1391 -886
1403 -861
1417 -844
1428 -837
1440 -834
1455 -839
1474 -847
1494 -859
1509 -877
1517 -901
1520 -927
1518 -951
1515 -966
1516 -976
1518 -979
1520 -978
1523 -972
.PEN_UP
.PEN_DOWN
1248 -682
1245 -683
1244 -684
1242 -685
1242 -684
1241 -684
1241 -683
1242 -683
1241 -682
1242 -681
1243 -680
1244 -685
.PEN_UP
.PEN_DOWN
733 -872
718 -869
691 -875
655 -896
617 -928
579 -973
555 -1014
551 -1043
560 -1065
582 -1077
618 -1080
660 -1067
696 -1047
722 -1019
736 -988
741 -953
744 -914
742 -884
739 -871
738 -870
737 -872
739 -887
741 -916
743 -953
743 -987
742 -1019
747 -1040
758 -1055
776 -1062
802 -1060
835 -1048
869 -1029
898 -1002
920 -967
932 -925
941 -879
946 -847
945 -832
941 -825
939 -823
939 -824
939 -824
940 -823
940 -824
941 -823
941 -819
941 -813
940 -809
940 -806
939 -799
938 -792
938 -783
936 -774
933 -762
930 -753
924 -744
920 -738
915 -734
907 -732
900 -733
894 -742
882 -766
869 -802
861 -836
853 -878
849 -922
849 -962
857 -994
871 -1020
893 -1038
921 -1047
951 -1049
981 -1042
1012 -1026
1051 -1000
1094 -965
1129 -919
1153 -867
1168 -818
1170 -777
1161 -739
1146 -712
1128 -696
1119 -690
1113 -690
1105 -700
1093 -732
1080 -777
1069 -816
1060 -854
1055 -891
1054 -927
1057 -955
1067 -977
1084 -994
1109 -1005
1135 -1010
1159 -1011
1180 -1010
1194 -1010
1204 -1011
1211 -1014
.PEN_UP
.PEN_DOWN
0 0
.PEN_UP
.PEN_DOWN
792 -865
778 -859
757 -861
731 -877
706 -903
681 -939
664 -975
657 -1008
658 -1030
673 -1042
694 -1049
719 -1043
747 -1026
772 -1001
790 -972
799 -940
798 -907
795 -870
793 -848
793 -841
793 -842
794 -850
800 -875
803 -912
809 -952
818 -986
832 -1012
855 -1030
884 -1036
916 -1032
943 -1020
961 -1003
971 -980
974 -952
974 -922
972 -901
971 -895
971 -896
969 -901
970 -919
971 -946
973 -974
974 -996
979 -1010
980 -1013
980 -1011
981 -1002
982 -981
987 -949
998 -908
1015 -877
1039 -861
1063 -860
1085 -870
1104 -894
1120 -926
1128 -958
1139 -986
1148 -1007
1155 -1024
1162 -1033
1173 -1033
.PEN_UP
.PEN_DOWN
1304 -883
1295 -875
1283 -875
1272 -880
1256 -898
1237 -927
1222 -958
1212 -986
1211 -1006
1216 -1022
1226 -1031
1237 -1031
1251 -1021
1264 -1002
1275 -970
1287 -922
1295 -864
1294 -809
1292 -773
1288 -754
1285 -747
1284 -748
1284 -753
1287 -772
1290 -806
1291 -846
1293 -888
1298 -929
1306 -964
1322 -986
1342 -998
1364 -1001
1383 -999
1397 -996
1406 -995
.PEN_UP
.PEN_DOWN
0 0
.PEN_UP
.PEN_DOWN
882 -1010
871 -1004
850 -1004
825 -1013
796 -1036
769 -1066
753 -1097
747 -1124
754 -1143
768 -1156
790 -1160
821 -1151
855 -1128
877 -1103
888 -1078
890 -1052
884 -1027
877 -1009
872 -1005
871 -1007
871 -1023
872 -1050
875 -1079
885 -1104
898 -1132
917 -1151
941 -1159
966 -1158
991 -1143
1012 -1126
1024 -1105
1027 -1084
1024 -1062
1020 -1046
1017 -1041
1015 -1040
1016 -1044
1016 -1057
1017 -1076
1020 -1094
1021 -1111
1022 -1121
1023 -1121
1023 -1117
1022 -1104
1022 -1082
1026 -1058
1036 -1033
1049 -1016
1062 -1009
1078 -1010
1097 -1020
1119 -1034
1146 -1047
1176 -1056
1208 -1057
1237 -1052
1261 -1041
1277 -1030
1282 -1019
1279 -1006
1269 -995
1256 -991
1237 -996
1218 -1012
1203 -1035
1196 -1059
1198 -1079
1208 -1097
1227 -1108
1250 -1115
1280 -1116
1312 -1117
1335 -1120
1349 -1127
.PEN_UP
.PEN_DOWN
887 -951
883 -946
879 -942
875 -941
873 -942
872 -942
873 -943
874 -947
875 -949
875 -949
875 -949
874 -948
873 -949
869 -949
860 -951
848 -954
828 -967
802 -992
775 -1024
756 -1053
750 -1073
757 -1088
774 -1098
802 -1100
836 -1089
869 -1073
892 -1055
901 -1035
903 -1011
900 -984
895 -957
890 -946
888 -945
888 -950
890 -969
893 -1000
898 -1029
907 -1055
918 -1076
934 -1093
951 -1103
969 -1099
989 -1087
1007 -1067
1019 -1043
1026 -1013
1027 -974
1024 -926
1020 -880
1015 -845
1011 -830
1008 -829
1008 -831
1007 -843
1010 -878
1014 -930
1016 -979
1019 -1022
1024 -1054
1036 -1078
1056 -1095
1081 -1101
1111 -1098
1139 -1087
1163 -1071
1176 -1051
1178 -1027
.PEN_UP
.PEN_DOWN
966 -949
979 -940
1002 -931
1030 -925
1062 -920
1091 -918
1113 -917
1126 -916
1133 -917
.PEN_UP
.PEN_DOWN
0 0
.PEN_UP
.PEN_DOWN
0 0
.PEN_UP
.PEN_DOWN
0 0
.PEN_UP
.PEN_DOWN
0 0
.PEN_UP
.PEN_DOWN
0 0
.PEN_UP
.PEN_DOWN
0 0
.PEN_UP
.PEN_DOWN
0 0
.PEN_UP
.PEN_DOWN
662 -691
674 -711
688 -750
699 -797
708 -848
715 -906
721 -963
728 -1011
737 -1045
746 -1069
751 -1083
753 -1084
753 -1079
750 -1061
748 -1032
752 -996
763 -964
783 -947
812 -942
849 -947
882 -962
907 -980
922 -999
930 -1016
928 -1027
913 -1038
884 -1049
849 -1058
815 -1066
788 -1071
772 -1075
760 -1080
757 -1083
762 -1086
776 -1087
797 -1087
825 -1084
857 -1081
895 -1071
937 -1061
974 -1046
1005 -1029
1027 -1011
1037 -992
1037 -972
1032 -955
1024 -943
1019 -938
1016 -937
1017 -938
1016 -939
1018 -946
1023 -959
1028 -976
1033 -994
1039 -1014
1048 -1029
1063 -1041
1081 -1047
1101 -1047
1121 -1041
1139 -1029
1148 -1015
1153 -998
1153 -979
1153 -963
1152 -951
1150 -945
1149 -945
1149 -945
1148 -949
1152 -962
1154 -981
1159 -999
1163 -1014
1171 -1028
1180 -1037
1190 -1040
1204 -1037
1221 -1026
1237 -1010
1250 -983
1259 -946
1263 -900
1260 -852
1254 -816
1249 -794
1246 -789
1245 -789
1246 -793
1249 -810
1256 -843
1257 -883
1259 -928
1263 -971
1272 -1003
1288 -1023
1310 -1036
1334 -1040
1356 -1037
1378 -1027
1393 -1013
1397 -995
.PEN_UP
.PEN_DOWN
1202 -873
1201 -873
1203 -872
1218 -870
1240 -867
1267 -862
1300 -858
1334 -855
1358 -855
1370 -856
1373 -861
.PEN_UP
.PEN_DOWN
680 -775
679 -774
679 -778
684 -802
695 -843
708 -897
720 -960
735 -1014
750 -1059
763 -1097
778 -1130
789 -1151
791 -1159
790 -1157
785 -1142
780 -1113
777 -1081
784 -1052
800 -1033
827 -1023
860 -1024
892 -1037
916 -1055
934 -1075
941 -1095
938 -1117
917 -1138
883 -1157
846 -1169
819 -1173
807 -1173
805 -1173
810 -1172
832 -1169
868 -1160
910 -1149
950 -1134
982 -1118
1012 -1100
1035 -1078
1046 -1056
1048 -1033
1043 -1015
1035 -1003
1031 -1000
1029 -1002
1029 -1007
1031 -1021
1037 -1040
1046 -1057
1062 -1074
1081 -1088
1106 -1095
1135 -1094
1162 -1090
1180 -1079
1189 -1068
1191 -1056
1188 -1042
1186 -1033
1184 -1031
1185 -1032
1185 -1041
1188 -1062
1194 -1090
1199 -1126
1207 -1168
1209 -1213
1206 -1254
1193 -1288
1166 -1314
1122 -1332
1071 -1341
1030 -1340
1004 -1334
994 -1327
991 -1320
.PEN_UP
.PEN_DOWN
0 0
.PEN_UP
.PEN_DOWN
0 0
.PEN_UP
.PEN_DOWN
592 -1007
570 -1005
547 -1008
524 -1019
500 -1040
484 -1066
475 -1094
474 -1122
481 -1150
495 -1174
520 -1192
552 -1206
593 -1212
633 -1213
667 -1206
694 -1196
.PEN_UP
.PEN_DOWN
694 -1040
683 -1049
674 -1060
667 -1076
660 -1093
660 -1105
661 -1116
665 -1124
670 -1132
673 -1137
679 -1142
690 -1147
703 -1148
721 -1142
737 -1134
755 -1120
767 -1107
770 -1095
768 -1082
761 -1068
753 -1056
743 -1043
733 -1036
719 -1032
709 -1031
701 -1034
699 -1035
700 -1035
702 -1036
711 -1036
731 -1030
762 -1022
808 -1015
856 -1014
892 -1019
917 -1030
928 -1045
931 -1061
930 -1077
929 -1093
927 -1110
925 -1123
925 -1127
926 -1127
925 -1123
924 -1113
921 -1097
917 -1075
918 -1050
923 -1022
935 -999
949 -987
962 -985
975 -992
986 -1007
996 -1024
1005 -1041
1011 -1056
1013 -1069
1014 -1075
1014 -1075
1016 -1074
1015 -1067
1014 -1056
1019 -1040
1029 -1024
1041 -1013
1056 -1011
1071 -1015
1086 -1027
1099 -1042
1111 -1061
1124 -1079
1140 -1093
1162 -1100
1186 -1103
1210 -1097
1229 -1087
1244 -1076
1253 -1064
1256 -1050
1252 -1037
1243 -1028
1235 -1027
1224 -1033
1214 -1046
1205 -1066
1204 -1083
1211 -1100
1225 -1114
1242 -1124
1266 -1129
1300 -1129
1330 -1130
1351 -1133
1364 -1136
.PEN_UP
.PEN_DOWN
0 0
.PEN_UP
.PEN_DOWN
0 0
.PEN_UP
.PEN_DOWN
0 0
.PEN_UP
.PEN_DOWN
0 0
.PEN_UP
.PEN_DOWN
839 -882
826 -874
809 -870
783 -875
755 -890
729 -921
709 -959
696 -995
695 -1024
704 -1046
721 -1059
743 -1062
773 -1053
803 -1035
822 -1011
833 -979
837 -937
838 -887
835 -843
831 -805
828 -780
825 -775
824 -776
824 -783
828 -804
830 -839
830 -886
827 -943
824 -988
838 -1020
861 -1041
893 -1049
928 -1047
960 -1035
981 -1018
993 -997
995 -972
994 -943
989 -920
987 -909
985 -910
985 -915
987 -927
991 -949
998 -974
1005 -996
1016 -1015
1031 -1027
1049 -1031
1068 -1032
1088 -1025
1107 -1014
1127 -998
1148 -977
1162 -958
1173 -947
1178 -943
1181 -941
1185 -940
1190 -937
1195 -936
1198 -935
1200 -935
1198 -936
1198 -936
1198 -936
1198 -936
1197 -937
1193 -940
1185 -946
1174 -958
1160 -976
1147 -993
1138 -1011
1139 -1026
1146 -1037
1159 -1044
1174 -1045
1190 -1040
1204 -1029
1213 -1015
1217 -993
1221 -962
1223 -920
1223 -874
1220 -836
1217 -817
1213 -812
1212 -814
1212 -819
1214 -843
1217 -881
1219 -924
1225 -960
1230 -993
1237 -1016
1246 -1029
1254 -1034
1260 -1032
1263 -1026
1259 -1012
.PEN_UP
.PEN_DOWN
986 -786
983 -785
982 -786
983 -787
989 -792
996 -803
1006 -817
.PEN_UP
.PEN_DOWN
0 0
.PEN_UP
.PEN_DOWN
0 0
.PEN_UP
.PEN_DOWN
0 0
.PEN_UP
.PEN_DOWN
0 0
.PEN_UP
.PEN_DOWN
0 0
.PEN_UP
.PEN_DOWN
886 -674
866 -662
838 -654
803 -654
767 -665
741 -685
722 -716
709 -762
700 -806
700 -848
708 -893
718 -946
730 -989
745 -1025
757 -1054
766 -1076
775 -1088
782 -1092
786 -1092
786 -1087
.PEN_UP
.PEN_DOWN
704 -961
729 -953
761 -944
801 -939
841 -935
870 -934
885 -934
891 -935
893 -935
.PEN_UP
.PEN_DOWN
933 -943
926 -945
915 -958
904 -982
896 -1009
896 -1030
902 -1048
917 -1060
941 -1065
969 -1062
997 -1051
1016 -1038
1030 -1021
1035 -999
1032 -970
1017 -941
996 -918
975 -907
954 -903
941 -904
937 -906
940 -907
949 -908
970 -903
995 -896
1023 -889
1051 -887
1071 -891
1087 -900
1104 -914
1115 -934
1123 -958
1127 -981
1131 -1000
1136 -1015
1140 -1019
1139 -1020
1139 -1019
1137 -1015
1135 -1003
1129 -984
1126 -957
1128 -924
1140 -891
1162 -869
1181 -856
1198 -854
1212 -855
1223 -858
1231 -862
1237 -864
1239 -865
1240 -866
1244 -870
1249 -874
1251 -877
1254 -881
1256 -882
1256 -887
1256 -897
1255 -909
1256 -916
1256 -921
1256 -923
1257 -924
1257 -924
1258 -923
1259 -922
1261 -920
1265 -916
.PEN_UP
.PEN_DOWN
709 -664
689 -663
664 -671
632 -685
598 -710
566 -744
540 -785
521 -832
511 -883
512 -937
522 -986
539 -1023
557 -1053
574 -1076
589 -1093
600 -1103
606 -1105
609 -1102
.PEN_UP
.PEN_DOWN
499 -994
538 -978
591 -964
645 -956
689 -952
720 -953
737 -962
744 -974
747 -991
747 -1009
747 -1027
749 -1046
756 -1062
760 -1076
766 -1084
768 -1086
767 -1085
764 -1080
759 -1068
756 -1050
760 -1025
771 -991
791 -959
817 -940
846 -930
874 -928
894 -931
906 -938
912 -950
915 -965
916 -982
915 -1001
916 -1018
920 -1034
928 -1046
942 -1054
958 -1056
977 -1053
996 -1047
1010 -1037
1018 -1023
1020 -1007
1011 -986
994 -962
972 -944
945 -935
919 -934
907 -937
904 -939
915 -944
938 -946
.PEN_UP
.PEN_DOWN
1092 -1025
1096 -1037
1101 -1047
1107 -1052
1110 -1053
1114 -1050
1114 -1038
1115 -1022
1119 -999
1127 -974
1138 -952
1147 -942
1156 -940
1163 -948
1171 -963
1177 -981
1181 -999
1185 -1010
1186 -1015
1187 -1014
1189 -1007
1190 -991
1196 -969
1208 -947
1221 -931
1232 -924
1243 -927
1254 -939
1264 -960
1274 -985
1283 -1009
1290 -1031
1297 -1046
1304 -1058
1311 -1065
.PEN_UP
.PEN_DOWN
0 0
.PEN_UP
.PEN_DOWN
0 0
.PEN_UP
.PEN_DOWN
0 0
.PEN_UP
.PEN_DOWN
0 0
.PEN_UP
.PEN_DOWN
0 0
.PEN_UP
.PEN_DOWN
0 0
.PEN_UP
.PEN_DOWN
0 0
.PEN_UP
.PEN_DOWN
0 0
.PEN_UP
.PEN_DOWN
854 -911
850 -902
838 -892
820 -887
793 -890
762 -911
733 -950
710 -992
696 -1028
694 -1051
704 -1065
727 -1071
757 -1062
800 -1043
839 -1021
864 -997
874 -971
871 -947
864 -922
854 -910
849 -905
846 -903
846 -904
848 -916
856 -942
866 -976
874 -1010
879 -1048
884 -1088
884 -1134
881 -1181
873 -1224
853 -1253
825 -1275
788 -1288
760 -1290
738 -1287
726 -1275
720 -1262
723 -1235
741 -1188
.PEN_UP
.PEN_DOWN
975 -891
964 -904
951 -936
939 -975
935 -1004
940 -1028
954 -1042
978 -1048
1005 -1045
1035 -1037
1062 -1023
1078 -1006
1084 -980
1076 -944
1056 -914
1030 -901
1001 -903
978 -915
959 -932
954 -946
.PEN_UP
.PEN_DOWN
1152 -774
1148 -775
1147 -781
1150 -807
1149 -845
1149 -889
1150 -935
1154 -973
1165 -1001
1182 -1020
1201 -1032
1219 -1037
1238 -1033
1254 -1024
1265 -1010
.PEN_UP
.PEN_DOWN
1109 -897
1113 -896
1130 -895
1160 -892
1192 -889
1220 -888
1240 -889
1252 -893
1257 -897
.PEN_UP
.PEN_DOWN
576 -702
575 -703
581 -720
591 -757
601 -802
608 -854
616 -917
621 -985
625 -1041
631 -1087
641 -1126
649 -1152
653 -1164
653 -1163
652 -1150
651 -1116
656 -1076
670 -1037
690 -1006
718 -987
747 -983
780 -994
810 -1018
833 -1047
851 -1078
865 -1111
875 -1145
884 -1174
894 -1195
906 -1207
920 -1211
.PEN_UP
.PEN_DOWN
995 -1045
982 -1043
967 -1045
954 -1056
942 -1075
932 -1104
927 -1134
929 -1161
939 -1177
957 -1186
979 -1185
1002 -1173
1021 -1154
1030 -1132
1029 -1106
1020 -1079
1011 -1057
1005 -1048
1004 -1048
1005 -1053
1010 -1068
1020 -1091
1033 -1117
1048 -1144
1063 -1168
1075 -1188
1089 -1199
1101 -1203
.PEN_UP
.PEN_DOWN
1236 -1038
1227 -1031
1217 -1029
1204 -1033
1188 -1043
1168 -1063
1147 -1090
1132 -1119
1126 -1145
1133 -1164
1148 -1176
1168 -1177
1190 -1166
1207 -1146
1221 -1119
1226 -1088
1228 -1051
1226 -1008
1221 -962
1215 -923
1209 -906
1208 -907
1208 -912
1210 -937
1218 -982
1227 -1029
1234 -1068
1242 -1103
1250 -1131
1257 -1150
1262 -1164
1267 -1174
.PEN_UP
.PEN_DOWN
403 -674
401 -676
401 -681
402 -700
408 -747
416 -794
422 -845
425 -905
433 -963
440 -1015
445 -1054
450 -1083
456 -1101
460 -1105
461 -1104
460 -1094
456 -1072
452 -1039
448 -997
452 -957
463 -929
482 -913
510 -904
549 -906
591 -917
628 -936
650 -962
661 -994
664 -1023
665 -1045
669 -1061
675 -1073
681 -1079
688 -1080
691 -1080
693 -1080
698 -1079
.PEN_UP
.PEN_DOWN
829 -910
815 -900
799 -895
782 -895
766 -906
750 -930
737 -962
728 -989
725 -1016
728 -1037
737 -1053
750 -1063
770 -1068
792 -1061
813 -1048
826 -1030
831 -1006
827 -972
825 -938
822 -918
822 -911
823 -909
822 -912
825 -924
829 -949
832 -978
836 -1006
848 -1026
863 -1041
883 -1051
905 -1053
928 -1047
947 -1036
959 -1019
966 -994
968 -964
966 -931
965 -906
963 -892
963 -889
964 -889
968 -892
981 -899
1002 -912
1031 -932
1061 -956
1088 -982
1111 -1005
1125 -1023
1127 -1037
1117 -1047
1096 -1056
1076 -1059
1064 -1060
1059 -1058
1061 -1056
.PEN_UP
.PEN_DOWN
0 0
.PEN_UP
.PEN_DOWN
0 0
.PEN_UP
.PEN_DOWN
0 0
.PEN_UP
.PEN_DOWN
768 -679
775 -718
781 -770
788 -818
797 -869
805 -928
813 -983
818 -1028
820 -1057
820 -1078
821 -1085
821 -1083
819 -1071
822 -1043
832 -1002
852 -965
876 -939
903 -927
927 -927
947 -939
963 -960
974 -987
985 -1012
994 -1031
1007 -1045
1025 -1054
1049 -1055
1081 -1047
1112 -1033
1134 -1014
1144 -996
1146 -971
1137 -953
1122 -942
1105 -938
1090 -943
1078 -954
1071 -978
1065 -1004
1067 -1027
1079 -1046
1100 -1058
1131 -1066
1168 -1064
1204 -1055
1234 -1040
1257 -1023
1272 -1006
1280 -987
1283 -970
1281 -965
1281 -965
1280 -967
1280 -977
1282 -994
1284 -1008
1287 -1019
1290 -1021
1290 -1021
1290 -1016
1289 -1004
1286 -982
1286 -957
1293 -926
1301 -904
1318 -888
1342 -878
1372 -872
1400 -867
1425 -865
1439 -862
1442 -861
.PEN_UP
.PEN_DOWN
568 -739
585 -774
602 -815
615 -858
630 -910
639 -966
641 -1016
642 -1053
640 -1078
642 -1095
643 -1100
644 -1099
643 -1085
644 -1061
658 -1025
681 -993
707 -970
733 -959
758 -962
780 -974
800 -993
812 -1017
826 -1034
844 -1052
870 -1062
898 -1063
926 -1056
950 -1042
964 -1028
971 -1009
970 -988
961 -967
949 -951
934 -944
921 -947
908 -960
898 -983
893 -1012
896 -1037
907 -1057
923 -1071
944 -1079
968 -1081
992 -1073
1014 -1064
1034 -1051
1045 -1038
1049 -1025
1051 -1017
1051 -1015
1051 -1016
1051 -1020
1052 -1030
1055 -1043
1058 -1053
1061 -1061
1063 -1064
1063 -1063
1064 -1057
1064 -1044
1068 -1027
1073 -1004
1086 -976
1100 -955
1112 -948
1126 -948
1142 -955
1159 -967
1181 -979
1205 -987
1230 -991
1259 -988
1289 -980
1312 -970
1325 -956
1329 -942
1322 -930
1307 -921
1288 -922
1268 -931
1248 -951
1233 -978
1228 -1004
1233 -1025
1246 -1041
1268 -1050
1303 -1051
1343 -1049
1375 -1049
1394 -1052
1402 -1058
.PEN_UP
.PEN_DOWN
475 -682
484 -712
493 -758
503 -810
512 -872
520 -945
524 -1011
525 -1061
529 -1099
533 -1130
535 -1144
536 -1146
535 -1141
529 -1120
525 -1087
532 -1048
552 -1006
581 -973
618 -954
656 -951
688 -961
713 -981
735 -1008
756 -1036
779 -1060
802 -1083
828 -1098
855 -1105
882 -1101
903 -1089
917 -1072
924 -1054
924 -1033
921 -1008
915 -984
911 -968
908 -962
907 -963
907 -967
910 -980
913 -1003
916 -1026
923 -1048
933 -1067
944 -1079
957 -1088
973 -1090
992 -1087
1012 -1077
1027 -1065
1034 -1049
1035 -1030
1034 -1009
1031 -994
1028 -989
1026 -990
1026 -995
1026 -1011
1029 -1029
1033 -1046
1035 -1062
1038 -1072
1039 -1075
1041 -1074
1040 -1066
1041 -1051
1045 -1029
1057 -1004
1073 -983
1089 -974
1102 -975
1112 -986
1124 -1006
1132 -1028
1141 -1046
1148 -1062
1154 -1070
1157 -1071
1160 -1066
1165 -1052
1175 -1030
1191 -1006
1206 -987
1219 -978
1228 -982
1236 -995
1244 -1015
1252 -1039
1260 -1061
1265 -1080
1273 -1093
1277 -1096
1279 -1092
1278 -1083
.PEN_UP
.PEN_DOWN
946 -800
926 -793
919 -792
918 -792
918 -792
919 -793
922 -801
929 -813
937 -828
.PEN_UP
.PEN_DOWN
0 0
.PEN_UP
.PEN_DOWN
0 0
.PEN_UP
.PEN_DOWN
0 0
.PEN_UP
.PEN_DOWN
0 0
.PEN_UP
.PEN_DOWN
866 -740
865 -740
863 -747
865 -773
869 -810
876 -850
883 -896
891 -942
902 -983
913 -1020
922 -1047
929 -1067
935 -1078
936 -1084
.PEN_UP
.PEN_DOWN
792 -1062
815 -1063
854 -1063
900 -1059
942 -1054
979 -1047
1012 -1039
1042 -1031
1057 -1026
1059 -1019
1053 -1006
.PEN_UP
.PEN_DOWN
737 -735
745 -730
763 -725
796 -721
847 -717
907 -714
961 -708
1005 -704
1041 -703
1060 -702
1065 -703
1064 -702
1059 -705
.PEN_UP
.PEN_DOWN
0 0
.PEN_UP
.PEN_DOWN
0 0
.PEN_UP
.PEN_DOWN
0 0
.PEN_UP
.PEN_DOWN
663 -964
663 -964
662 -968
665 -987
669 -1012
676 -1043
680 -1072
684 -1100
691 -1126
701 -1149
713 -1166
730 -1174
750 -1173
775 -1160
798 -1137
813 -1112
818 -1086
815 -1059
808 -1036
800 -1021
795 -1017
794 -1018
794 -1027
793 -1047
793 -1072
793 -1095
796 -1117
794 -1134
795 -1143
795 -1147
795 -1146
793 -1136
791 -1118
793 -1093
799 -1065
811 -1039
832 -1017
863 -1003
895 -1002
921 -1013
941 -1031
955 -1055
964 -1079
970 -1100
975 -1117
979 -1132
983 -1135
985 -1132
984 -1126
.PEN_UP
.PEN_DOWN
676 -816
675 -816
675 -818
680 -824
684 -831
689 -839
693 -849
699 -861
.PEN_UP
.PEN_DOWN
761 -886
762 -888
762 -898
768 -929
774 -971
781 -1013
788 -1048
793 -1078
797 -1105
803 -1125
808 -1137
816 -1143
828 -1142
846 -1133
.PEN_UP
.PEN_DOWN
1013 -921
1006 -913
996 -908
982 -908
963 -916
944 -933
928 -954
924 -973
927 -994
941 -1010
966 -1024
995 -1038
1023 -1054
1045 -1069
1059 -1083
1059 -1096
1045 -1107
1019 -1115
989 -1120
960 -1121
940 -1115
926 -1108
918 -1097
918 -1078
.PEN_UP
.PEN_DOWN
821 -776
817 -775
816 -775
818 -777
826 -782
834 -791
845 -803
.PEN_UP
.PEN_DOWN
0 0
.PEN_UP
.PEN_DOWN
0 0
.PEN_UP
.PEN_DOWN
0 0
.PEN_UP
.PEN_DOWN
729 -984
728 -989
730 -1008
737 -1041
747 -1077
758 -1119
768 -1164
773 -1210
767 -1252
752 -1285
731 -1309
704 -1326
670 -1331
630 -1327
591 -1317
555 -1304
533 -1286
534 -1256
.PEN_UP
.PEN_DOWN
652 -878
645 -873
644 -873
646 -877
657 -890
673 -910
692 -929
.PEN_UP
.PEN_DOWN
829 -1007
827 -1009
828 -1018
833 -1035
841 -1055
852 -1075
867 -1094
892 -1107
918 -1115
940 -1114
958 -1105
972 -1091
978 -1075
978 -1055
973 -1034
966 -1014
961 -1002
960 -1000
959 -1003
963 -1015
968 -1032
977 -1051
988 -1069
1002 -1083
1022 -1091
1047 -1091
1072 -1083
1094 -1070
1110 -1053
1118 -1036
1118 -1018
1115 -1000
1115 -989
1117 -985
1123 -986
1134 -993
1151 -1007
1166 -1024
1181 -1043
1191 -1062
1194 -1079
1190 -1095
1179 -1109
1166 -1116
1163 -1117
1163 -1116
1166 -1112
1177 -1103
1195 -1089
1217 -1068
1237 -1045
1253 -1017
1264 -981
1270 -944
1267 -912
1261 -891
1251 -878
1243 -874
1241 -874
1240 -878
1241 -904
1245 -938
1249 -975
1257 -1008
1266 -1035
1279 -1056
1297 -1071
1316 -1078
1338 -1078
1357 -1075
1374 -1067
.PEN_UP
.PEN_DOWN
1205 -952
1216 -945
1236 -940
1261 -936
1289 -933
1319 -931
1340 -932
1353 -935
.PEN_UP
.PEN_DOWN
595 -1029
624 -988
648 -938
663 -887
669 -841
664 -807
654 -788
643 -780
631 -780
619 -789
616 -813
615 -856
619 -913
625 -968
631 -1015
637 -1054
644 -1086
647 -1116
648 -1135
650 -1145
647 -1150
643 -1145
637 -1131
637 -1102
646 -1063
671 -1021
699 -983
731 -958
762 -947
789 -947
807 -956
814 -969
810 -984
794 -1002
769 -1019
743 -1033
726 -1039
713 -1040
707 -1040
704 -1040
704 -1041
708 -1047
717 -1054
728 -1062
743 -1071
762 -1079
788 -1085
818 -1092
851 -1094
882 -1093
906 -1088
923 -1078
932 -1064
936 -1045
937 -1024
933 -997
928 -970
923 -948
920 -940
920 -939
920 -942
922 -951
925 -971
931 -995
934 -1018
937 -1038
940 -1054
941 -1063
943 -1064
943 -1060
942 -1050
939 -1032
940 -1008
947 -981
961 -953
976 -936
991 -930
1007 -937
1019 -953
1029 -977
1040 -1004
1047 -1029
1058 -1050
1069 -1068
1083 -1080
1098 -1086
1116 -1087
.PEN_UP
.PEN_DOWN
1183 -946
1174 -945
1165 -951
1157 -968
1149 -993
1148 -1018
1153 -1039
1161 -1055
1177 -1067
1196 -1070
1218 -1065
1239 -1056
1255 -1041
1264 -1022
1264 -999
1257 -971
1240 -946
1218 -936
1193 -937
1167 -946
1152 -959
1150 -970
1160 -981
1181 -985
.PEN_UP
.PEN_DOWN
1322 -984
1325 -1001
1324 -1023
1324 -1043
1326 -1064
1333 -1079
1347 -1089
1366 -1089
1389 -1080
1408 -1064
1417 -1048
1420 -1026
1418 -1002
1414 -981
1413 -975
1413 -978
1414 -988
1418 -1007
1426 -1028
1433 -1048
1442 -1063
1453 -1072
1465 -1074
1481 -1070
1498 -1058
1513 -1043
1524 -1023
1529 -1000
1527 -972
1521 -948
1516 -936
1514 -935
1515 -939
.PEN_UP
.PEN_DOWN
0 0
.PEN_UP
.PEN_DOWN
0 0
.PEN_UP
.PEN_DOWN
0 0
.PEN_UP
.PEN_DOWN
0 0
.PEN_UP
.PEN_DOWN
0 0
.PEN_UP
.PEN_DOWN
0 0
.PEN_UP
.PEN_DOWN
0 0
.PEN_UP
.PEN_DOWN
0 0
.PEN_UP
.PEN_DOWN
475 -994
480 -1021
486 -1046
492 -1064
495 -1077
495 -1083
495 -1082
492 -1073
484 -1052
482 -1022
483 -984
490 -938
506 -903
527 -886
551 -886
576 -905
598 -935
613 -970
624 -1001
632 -1024
636 -1038
637 -1042
638 -1040
638 -1025
644 -998
655 -965
673 -928
694 -899
714 -887
732 -894
745 -913
756 -944
765 -977
774 -1007
779 -1033
784 -1052
792 -1065
805 -1068
828 -1064
.PEN_UP
.PEN_DOWN
933 -903
927 -903
915 -914
899 -936
885 -966
870 -997
864 -1022
870 -1038
884 -1047
903 -1046
921 -1037
935 -1021
943 -998
947 -970
946 -936
943 -910
940 -901
939 -904
940 -916
945 -944
954 -976
965 -1006
977 -1029
988 -1046
1002 -1057
1017 -1060
1037 -1057
1063 -1048
.PEN_UP
.PEN_DOWN
1151 -928
1141 -929
1129 -940
1106 -961
1088 -986
1079 -1011
1075 -1029
1081 -1042
1091 -1049
1104 -1048
1123 -1038
1140 -1022
1153 -997
1159 -963
1162 -919
1160 -868
1152 -822
1147 -790
1143 -779
1142 -780
1141 -786
1142 -810
1147 -849
1152 -896
1153 -943
1159 -982
1171 -1011
1188 -1032
1211 -1041
1239 -1042
1265 -1033
1291 -1017
1310 -993
1322 -965
1323 -939
1314 -927
1299 -926
1278 -936
1258 -958
1247 -984
1246 -1009
1256 -1028
1272 -1040
1299 -1044
1335 -1042
1369 -1037
1393 -1033
1406 -1032
.PEN_UP
.PEN_DOWN
530 -1069
542 -1099
554 -1127
567 -1151
577 -1173
584 -1184
587 -1186
586 -1184
582 -1173
575 -1150
568 -1122
569 -1090
577 -1058
596 -1029
623 -1014
652 -1014
674 -1027
692 -1047
706 -1069
714 -1090
719 -1109
718 -1124
718 -1129
717 -1128
717 -1119
717 -1102
720 -1079
730 -1054
747 -1029
772 -1011
805 -1009
834 -1021
861 -1039
879 -1064
889 -1092
897 -1118
899 -1145
903 -1165
910 -1177
922 -1181
.PEN_UP
.PEN_DOWN
1010 -1009
1000 -1010
988 -1019
974 -1039
955 -1066
942 -1095
933 -1123
935 -1143
944 -1159
959 -1164
979 -1156
1001 -1141
1018 -1121
1030 -1099
1032 -1073
1030 -1049
1027 -1033
1026 -1029
1025 -1032
1027 -1044
1031 -1065
1035 -1090
1041 -1112
1056 -1130
1070 -1144
1093 -1147
1119 -1141
1147 -1125
1172 -1102
1189 -1076
1201 -1044
1207 -1004
1205 -957
1199 -909
1188 -881
1179 -872
1172 -873
1167 -883
1161 -917
1156 -962
1157 -1005
1159 -1040
1162 -1069
1165 -1094
1168 -1115
1174 -1130
1179 -1135
1178 -1133
1177 -1124
1175 -1103
1177 -1073
1185 -1040
1203 -1007
1223 -987
1241 -982
1257 -986
1269 -999
1277 -1014
1278 -1025
1271 -1037
1261 -1045
1247 -1051
1233 -1055
1221 -1056
1208 -1057
1206 -1057
1205 -1058
1207 -1062
1214 -1068
1226 -1078
1242 -1088
1261 -1097
1285 -1103
1314 -1104
1352 -1101
1391 -1093
1422 -1081
1440 -1069
1446 -1056
1443 -1038
1437 -1021
1423 -1012
1406 -1013
1386 -1023
1370 -1039
1361 -1059
1361 -1080
1371 -1097
1390 -1110
1416 -1115
1447 -1116
1474 -1114
1497 -1112
1513 -1115
1521 -1117
.PEN_UP
.PEN_DOWN
709 -935
709 -936
712 -948
717 -972
722 -1001
729 -1026
734 -1049
738 -1068
739 -1083
739 -1087
738 -1088
736 -1080
732 -1064
730 -1037
735 -998
747 -947
764 -908
783 -890
800 -887
816 -899
830 -922
841 -953
851 -984
857 -1010
860 -1030
860 -1042
860 -1041
862 -1035
865 -1015
875 -986
891 -952
911 -925
935 -907
955 -903
971 -912
983 -934
992 -962
1000 -993
1008 -1022
1023 -1045
1039 -1061
1065 -1067
1096 -1067
1130 -1057
1159 -1041
1181 -1019
1193 -993
1197 -965
1192 -940
1183 -928
1171 -929
1154 -942
1137 -973
1125 -1003
1124 -1030
1133 -1051
1157 -1064
1191 -1070
1232 -1067
1277 -1061
1319 -1056
1348 -1054
1357 -1055
.PEN_UP
.PEN_DOWN
0 0
.PEN_UP
.PEN_DOWN
0 0
.PEN_UP
.PEN_DOWN
864 -987
865 -992
866 -1007
870 -1029
876 -1052
879 -1076
881 -1097
884 -1117
888 -1129
889 -1133
889 -1131
885 -1117
883 -1093
886 -1061
897 -1023
913 -983
931 -952
951 -935
969 -934
988 -948
1004 -971
1021 -1002
1036 -1032
1047 -1059
1055 -1085
1064 -1106
1076 -1119
1088 -1125
1103 -1123
.PEN_UP
.PEN_DOWN
1153 -975
1148 -979
1142 -988
1137 -1012
1137 -1039
1140 -1064
1150 -1084
1166 -1100
1188 -1107
1210 -1106
1234 -1094
1254 -1078
1266 -1058
1269 -1034
1263 -1006
1248 -977
1228 -954
1205 -951
1182 -957
1164 -975
1150 -1000
.PEN_UP
.PEN_DOWN
0 0
.PEN_UP
.PEN_DOWN
0 0
.PEN_UP
.PEN_DOWN
0 0
.PEN_UP
.PEN_DOWN
0 0
.PEN_UP
.PEN_DOWN
653 -932
658 -963
663 -993
666 -1022
671 -1045
673 -1066
675 -1079
675 -1086
674 -1087
672 -1081
670 -1063
673 -1034
683 -996
698 -953
717 -921
736 -908
757 -910
778 -929
797 -961
810 -999
818 -1033
825 -1062
831 -1086
835 -1107
845 -1118
856 -1122
871 -1117
890 -1106
.PEN_UP
.PEN_DOWN
954 -947
948 -944
940 -952
929 -977
916 -1013
909 -1046
909 -1072
918 -1092
936 -1107
961 -1112
992 -1107
1024 -1095
1050 -1079
1063 -1059
1063 -1035
1050 -1008
1027 -979
1002 -960
975 -953
952 -960
932 -974
923 -989
930 -999
.PEN_UP
.PEN_DOWN
1125 -1032
1127 -1051
1130 -1067
1135 -1083
1143 -1093
1159 -1097
1174 -1093
1190 -1082
1201 -1065
1209 -1047
1213 -1024
1212 -1005
1212 -997
1211 -998
1211 -1004
1214 -1018
1219 -1037
1224 -1054
1233 -1069
1243 -1078
1258 -1080
1276 -1075
1295 -1063
1309 -1049
1317 -1034
1319 -1017
1318 -1007
1316 -1001
1314 -1000
1314 -1001
1317 -1002
1322 -1003
1330 -1000
1335 -998
1335 -997
1336 -994
1334 -991
1334 -989
1334 -987
1334 -985
1334 -984
1333 -982
1333 -982
1332 -981
1333 -980
1333 -983
.PEN_UP
.PEN_DOWN
0 0
.PEN_UP
.PEN_DOWN
0 0
.PEN_UP
.PEN_DOWN
0 0
.PEN_UP
.PEN_DOWN
889 -1042
874 -1038
855 -1038
830 -1045
805 -1064
782 -1094
762 -1129
753 -1158
760 -1181
777 -1198
812 -1203
861 -1196
915 -1179
957 -1157
984 -1134
997 -1111
996 -1088
983 -1065
961 -1046
930 -1037
889 -1039
850 -1048
829 -1057
829 -1064
.PEN_UP
.PEN_DOWN
1112 -804
1080 -819
1061 -849
1051 -893
1047 -945
1044 -994
1043 -1034
1047 -1070
1056 -1104
1071 -1130
1087 -1151
1100 -1162
1109 -1164
.PEN_UP
.PEN_DOWN
1048 -1055
1068 -1051
1095 -1050
1125 -1047
1160 -1042
1193 -1033
.PEN_UP
.PEN_DOWN
1245 -838
1226 -843
1211 -857
1197 -889
1189 -933
1187 -979
1187 -1019
1190 -1052
1198 -1080
1208 -1105
1218 -1127
1227 -1139
1233 -1143
1234 -1140
1229 -1132
1218 -1118
1207 -1099
1199 -1083
1196 -1071
1197 -1064
1204 -1059
1218 -1055
1240 -1050
1261 -1048
1280 -1048
1295 -1050
1303 -1054
.PEN_UP
.PEN_DOWN
856 -997
840 -990
820 -987
799 -989
777 -997
755 -1014
739 -1038
729 -1059
726 -1080
732 -1095
746 -1107
769 -1115
807 -1111
853 -1100
890 -1087
912 -1071
922 -1054
921 -1037
911 -1017
895 -997
872 -987
845 -986
818 -990
802 -992
799 -993
802 -994
818 -995
847 -994
885 -991
921 -984
954 -968
990 -947
1017 -923
1034 -900
1043 -874
1040 -851
1028 -829
1014 -815
1002 -811
993 -812
989 -821
985 -841
984 -877
980 -922
979 -970
979 -1014
985 -1046
1000 -1069
1023 -1089
1051 -1099
1078 -1101
1102 -1098
1121 -1089
1132 -1076
1141 -1060
1153 -1041
1167 -1022
1183 -1010
1198 -1002
1211 -996
1221 -993
1228 -991
1233 -991
1236 -991
1236 -992
1234 -992
1230 -994
1219 -1001
1205 -1011
1186 -1027
1167 -1047
1149 -1068
1138 -1086
1139 -1103
1148 -1117
1165 -1124
1183 -1121
1201 -1112
1218 -1097
1230 -1077
1238 -1051
1245 -1016
1247 -971
1247 -918
1243 -875
1235 -851
1228 -843
1225 -843
1223 -850
1223 -882
1223 -932
1226 -982
1228 -1024
1235 -1058
1244 -1085
1252 -1106
1260 -1119
1267 -1130
1270 -1142
.PEN_UP
.PEN_DOWN
0 0
.PEN_UP
.PEN_DOWN
0 0
.PEN_UP
.PEN_DOWN
0 0
.PEN_UP
.PEN_DOWN
816 -929
807 -922
789 -917
770 -923
747 -944
725 -975
706 -1014
692 -1048
688 -1074
692 -1092
702 -1109
721 -1117
749 -1111
788 -1093
830 -1074
857 -1054
868 -1029
864 -1002
845 -972
820 -950
791 -937
764 -934
748 -933
742 -933
744 -932
753 -928
775 -922
809 -916
850 -913
890 -913
924 -915
948 -919
961 -924
969 -929
970 -935
971 -942
971 -955
972 -976
970 -997
969 -1020
970 -1042
974 -1063
982 -1079
994 -1093
1010 -1101
1035 -1103
1066 -1097
1096 -1086
1120 -1071
1136 -1049
1145 -1024
1146 -995
1141 -974
1139 -960
1137 -954
1136 -952
1137 -952
1137 -953
1137 -959
1138 -974
1142 -992
1142 -1012
1147 -1030
1157 -1046
1170 -1058
1185 -1065
1202 -1067
1218 -1063
1231 -1056
1242 -1045
1247 -1032
1248 -1011
1247 -990
1245 -972
1243 -963
1242 -958
1242 -956
1242 -956
1241 -959
1242 -968
1245 -983
1247 -1000
1247 -1017
1246 -1029
1247 -1038
1248 -1043
1249 -1044
1249 -1041
1247 -1032
1247 -1011
1245 -982
1245 -949
1248 -921
1254 -905
1264 -897
1283 -893
1309 -889
1340 -887
1367 -884
1387 -882
1399 -877
1401 -874
.PEN_UP
.PEN_DOWN
0 0
.PEN_UP
.PEN_DOWN
0 0
.PEN_UP
.PEN_DOWN
0 0
.PEN_UP
.PEN_DOWN
0 0
.PEN_UP
.PEN_DOWN
0 0
.PEN_UP
.PEN_DOWN
0 0
.PEN_UP
.PEN_DOWN
0 0
.PEN_UP
.PEN_DOWN
0 0
.PEN_UP
.PEN_DOWN
0 0
.PEN_UP
.PEN_DOWN
0 0
.PEN_UP
.PEN_DOWN
0 0
.PEN_UP
.PEN_DOWN
0 0
.PEN_UP
.PEN_DOWN
0 0
.PEN_UP
.PEN_DOWN
0 0
.PEN_UP
.PEN_DOWN
798 -902
785 -897
767 -898
742 -907
714 -927
685 -955
658 -982
643 -1001
648 -1012
666 -1022
697 -1026
737 -1032
779 -1041
818 -1054
844 -1067
857 -1080
858 -1090
842 -1103
806 -1118
764 -1128
730 -1138
704 -1141
688 -1140
682 -1139
684 -1136
695 -1127
.PEN_UP
.PEN_DOWN
990 -950
977 -950
962 -959
939 -981
914 -1007
893 -1034
881 -1056
884 -1072
898 -1084
922 -1087
949 -1081
975 -1068
995 -1052
1006 -1033
1009 -1008
1005 -981
1000 -963
996 -957
995 -959
994 -965
996 -986
1000 -1012
1008 -1034
1016 -1052
1029 -1064
1048 -1068
1067 -1063
1087 -1053
1098 -1040
1104 -1023
1107 -1004
1106 -991
1106 -987
1106 -988
1106 -994
1111 -1009
1122 -1028
1133 -1046
1145 -1059
1164 -1067
1183 -1065
1200 -1056
1214 -1040
1222 -1024
1224 -1006
1223 -992
1221 -987
1221 -989
1221 -996
1225 -1012
1232 -1028
1242 -1044
1256 -1054
1274 -1062
1302 -1060
1329 -1051
1352 -1037
1363 -1022
1367 -1003
1363 -981
1356 -962
1351 -953
1351 -953
1355 -959
.PEN_UP
.PEN_DOWN
764 -1004
737 -1015
719 -1029
708 -1045
710 -1058
720 -1072
740 -1086
777 -1101
824 -1122
864 -1143
888 -1163
896 -1179
890 -1192
868 -1204
832 -1213
791 -1221
756 -1225
736 -1226
730 -1225
733 -1222
752 -1214
.PEN_UP
.PEN_DOWN
1001 -1049
986 -1048
971 -1056
951 -1071
938 -1093
929 -1123
929 -1150
938 -1169
957 -1181
981 -1185
1008 -1178
1034 -1164
1048 -1146
1051 -1125
1047 -1102
1034 -1077
1024 -1057
1020 -1050
1018 -1051
1019 -1059
1027 -1079
1038 -1105
1052 -1130
1070 -1153
1092 -1166
1120 -1169
1150 -1160
1175 -1144
1193 -1125
1203 -1105
1207 -1085
1205 -1071
1201 -1068
1200 -1072
1200 -1087
1201 -1105
1206 -1123
1217 -1137
1231 -1141
1249 -1133
1264 -1121
1274 -1106
1277 -1090
1275 -1077
1270 -1067
1267 -1067
1267 -1072
1268 -1088
1270 -1113
1276 -1144
1286 -1177
1292 -1209
1290 -1238
1279 -1260
1255 -1279
1221 -1294
1183 -1305
1152 -1308
1130 -1309
1118 -1310
.PEN_UP
.PEN_DOWN
626 -924
607 -924
578 -933
541 -951
507 -975
485 -995
481 -1008
493 -1021
526 -1031
582 -1038
639 -1052
683 -1068
712 -1087
726 -1106
725 -1124
707 -1144
673 -1161
627 -1175
576 -1182
541 -1184
524 -1179
525 -1175
542 -1167
578 -1154
619 -1145
652 -1137
685 -1126
718 -1112
758 -1092
803 -1069
844 -1046
874 -1022
892 -997
896 -977
891 -965
876 -958
853 -961
824 -975
795 -999
777 -1028
767 -1057
766 -1083
776 -1103
798 -1116
831 -1121
873 -1117
917 -1109
954 -1096
990 -1082
1020 -1064
1039 -1046
1048 -1025
1046 -1006
1039 -992
1027 -988
1012 -990
996 -1000
983 -1019
975 -1042
972 -1066
976 -1087
990 -1103
1014 -1113
1048 -1117
1088 -1113
1123 -1106
1145 -1101
1154 -1099
1151 -1100
.PEN_UP
.PEN_DOWN
0 0
.PEN_UP
.PEN_DOWN
0 0
.PEN_UP
.PEN_DOWN
0 0
.PEN_UP
.PEN_DOWN
0 0
.PEN_UP
.PEN_DOWN
619 -971
604 -969
582 -969
556 -977
527 -992
502 -1008
486 -1022
485 -1031
494 -1041
514 -1049
552 -1056
602 -1063
649 -1076
681 -1092
702 -1108
710 -1122
705 -1138
685 -1153
651 -1168
606 -1181
561 -1190
529 -1194
512 -1194
508 -1192
512 -1189
528 -1181
.PEN_UP
.PEN_DOWN
774 -1013
756 -1027
739 -1051
726 -1079
721 -1105
725 -1126
738 -1144
763 -1153
803 -1151
852 -1137
895 -1121
922 -1105
933 -1088
932 -1068
918 -1046
891 -1027
854 -1017
810 -1017
770 -1026
742 -1038
737 -1043
746 -1047
772 -1042
815 -1031
863 -1019
903 -1010
934 -1005
953 -1008
968 -1018
977 -1034
984 -1054
992 -1073
1002 -1093
1010 -1111
1015 -1126
1015 -1135
1015 -1136
1012 -1132
1006 -1120
1003 -1100
1004 -1076
1012 -1045
1029 -1015
1049 -994
1069 -987
1084 -989
1102 -1001
1115 -1020
1124 -1041
1129 -1059
1130 -1077
1130 -1087
1130 -1089
1131 -1087
1133 -1079
1140 -1064
1152 -1045
1168 -1026
1183 -1013
1195 -1010
1205 -1015
1212 -1028
1219 -1046
1224 -1066
1232 -1085
1244 -1102
1261 -1112
1286 -1115
1318 -1111
1351 -1099
1375 -1085
1387 -1069
1392 -1051
1389 -1032
1379 -1020
1362 -1019
1337 -1028
1313 -1046
1298 -1070
1292 -1094
1299 -1114
1317 -1128
1347 -1136
1387 -1138
1427 -1134
1456 -1132
1471 -1132
1478 -1133
.PEN_UP
.PEN_DOWN
0 0
.PEN_UP
.PEN_DOWN
0 0
.PEN_UP
.PEN_DOWN
0 0
.PEN_UP
.PEN_DOWN
662 -706
662 -731
662 -774
665 -822
668 -876
672 -937
676 -989
683 -1030
692 -1058
705 -1079
720 -1091
734 -1092
747 -1087
765 -1070
779 -1051
.PEN_UP
.PEN_DOWN
650 -913
681 -909
715 -898
749 -882
789 -859
825 -837
846 -815
854 -791
853 -760
847 -730
842 -711
839 -702
839 -702
841 -709
850 -736
862 -776
871 -820
880 -867
886 -921
889 -966
889 -1001
891 -1021
893 -1026
894 -1023
895 -1011
903 -983
920 -955
942 -933
965 -923
986 -924
1006 -932
1025 -945
1039 -963
1052 -983
1062 -999
1071 -1011
1080 -1017
1088 -1019
1094 -1017
1095 -1011
.PEN_UP
.PEN_DOWN
1174 -922
1172 -920
1168 -920
1160 -920
1151 -926
1137 -936
1123 -954
1114 -975
1111 -997
1112 -1015
1117 -1026
1126 -1032
1142 -1030
1158 -1019
1167 -1007
1173 -988
1174 -966
1174 -943
1174 -928
1174 -925
1173 -927
1173 -932
1176 -947
1181 -970
1187 -991
1195 -1006
1207 -1017
1220 -1020
1236 -1015
1250 -1001
1263 -980
1272 -952
1275 -912
1274 -867
1271 -823
1267 -791
1264 -779
1263 -778
1262 -782
1263 -796
1268 -825
1269 -863
1270 -910
1270 -955
1278 -989
1293 -1012
1314 -1023
1336 -1023
1360 -1016
1378 -1002
1392 -980
1394 -951
.PEN_UP
.PEN_DOWN
1233 -856
1240 -856
1258 -850
1286 -843
1320 -835
1349 -831
1370 -829
1379 -832
1380 -836
1376 -844
.PEN_UP
.PEN_DOWN
0 0
.PEN_UP
.PEN_DOWN
0 0
.PEN_UP
.PEN_DOWN
465 -602
462 -625
454 -680
438 -748
423 -812
418 -871
427 -925
445 -968
469 -998
494 -1017
521 -1024
551 -1024
580 -1017
597 -1006
607 -991
.PEN_UP
.PEN_DOWN
426 -791
445 -787
470 -781
498 -770
539 -751
587 -730
626 -706
650 -678
660 -643
660 -605
658 -578
653 -567
651 -566
651 -569
653 -575
660 -600
671 -639
676 -696
677 -754
676 -807
673 -855
670 -902
667 -940
664 -965
664 -974
664 -973
665 -957
669 -921
684 -875
703 -841
728 -822
748 -820
767 -825
786 -842
801 -863
813 -891
825 -917
842 -934
865 -946
889 -947
917 -938
942 -924
963 -902
974 -877
978 -851
974 -825
965 -808
954 -800
942 -802
928 -814
913 -838
901 -870
893 -904
894 -933
902 -954
915 -968
935 -974
958 -971
981 -958
1005 -941
1022 -921
1038 -896
1045 -873
1045 -864
1044 -863
1043 -865
1042 -875
1042 -892
1041 -913
1039 -932
1041 -944
1044 -950
1045 -950
1046 -947
1048 -932
1052 -906
1065 -876
1082 -853
1099 -842
1111 -841
1118 -847
1128 -863
1136 -886
1139 -914
1143 -934
1147 -949
1151 -956
1152 -955
1156 -945
1164 -920
1180 -890
1201 -864
1219 -849
1231 -846
1239 -853
1247 -868
1253 -891
1257 -920
1262 -947
1267 -967
1272 -984
1282 -991
.PEN_UP
.PEN_DOWN
710 -702
713 -721
711 -758
704 -804
696 -855
689 -919
689 -971
697 -1015
710 -1047
730 -1069
754 -1082
785 -1085
824 -1079
858 -1065
881 -1048
893 -1030
892 -1012
875 -994
.PEN_UP
.PEN_DOWN
639 -873
662 -872
692 -867
722 -861
751 -852
784 -843
814 -836
837 -830
847 -823
853 -812
.PEN_UP
.PEN_DOWN
824 -700
833 -722
845 -754
857 -791
869 -826
878 -865
886 -910
893 -950
899 -985
901 -1011
903 -1023
902 -1028
900 -1025
894 -1010
890 -979
891 -941
900 -910
916 -887
936 -875
957 -872
975 -878
988 -888
998 -905
1006 -927
1013 -949
1023 -968
1035 -985
1050 -994
1069 -997
1090 -993
1114 -982
1131 -966
1147 -943
1154 -916
1154 -888
1150 -872
1141 -863
1131 -859
1125 -861
1113 -869
1106 -879
1098 -902
1094 -926
1094 -953
1102 -975
1113 -991
1131 -1002
1156 -1006
1185 -1003
1215 -994
1242 -979
1262 -959
1276 -937
1282 -913
1281 -898
1278 -889
1276 -885
1276 -887
1275 -892
1276 -909
1276 -930
1274 -948
1276 -964
1277 -976
1278 -977
1277 -975
1277 -965
1279 -941
1290 -907
1308 -874
1333 -856
1356 -852
1377 -858
1395 -875
1407 -905
1414 -945
1420 -977
1426 -1003
1434 -1018
1441 -1025
1445 -1023
.PEN_UP
.PEN_DOWN
505 -791
507 -795
514 -821
529 -862
544 -916
562 -972
580 -1023
595 -1064
605 -1100
614 -1130
623 -1154
630 -1166
636 -1166
640 -1159
.PEN_UP
.PEN_DOWN
492 -1019
520 -1016
564 -1009
616 -996
664 -974
695 -951
710 -927
712 -900
705 -869
694 -840
686 -818
683 -811
683 -812
688 -816
695 -830
710 -861
726 -913
738 -973
746 -1026
753 -1068
759 -1103
768 -1130
769 -1146
771 -1147
771 -1138
766 -1116
767 -1089
775 -1063
794 -1045
817 -1042
845 -1050
869 -1065
894 -1084
917 -1101
940 -1114
966 -1119
996 -1110
1024 -1097
1044 -1081
1053 -1064
1051 -1043
1040 -1022
1025 -1007
1010 -1002
998 -1009
986 -1027
978 -1052
974 -1078
978 -1102
989 -1124
1008 -1138
1034 -1141
1066 -1136
1094 -1125
1113 -1110
1124 -1095
1130 -1077
1132 -1065
1132 -1063
1131 -1063
1132 -1068
1131 -1078
1130 -1089
1129 -1101
1130 -1109
1132 -1111
1131 -1109
1131 -1102
1130 -1086
1131 -1067
1138 -1045
1148 -1026
1159 -1018
1168 -1018
1178 -1023
1192 -1033
1208 -1040
1227 -1047
1250 -1046
1274 -1041
1296 -1033
1312 -1022
1317 -1011
1314 -1001
1305 -994
1294 -993
1281 -1000
1265 -1014
1256 -1031
1247 -1053
1244 -1072
1247 -1088
1256 -1102
1272 -1109
1303 -1109
1339 -1107
1371 -1103
1388 -1103
1394 -1106
.PEN_UP
.PEN_DOWN
0 0
.PEN_UP
.PEN_DOWN
0 0
.PEN_UP
.PEN_DOWN
732 -842
732 -842
732 -851
735 -877
737 -917
740 -969
741 -1020
746 -1064
754 -1105
764 -1143
776 -1171
789 -1186
804 -1192
818 -1185
826 -1172
.PEN_UP
.PEN_DOWN
721 -1037
751 -1031
791 -1018
834 -999
869 -979
887 -957
890 -933
884 -905
876 -883
872 -871
872 -870
874 -872
880 -886
894 -917
905 -962
913 -1008
918 -1048
918 -1083
921 -1109
930 -1126
936 -1130
939 -1126
944 -1109
955 -1085
965 -1064
980 -1049
995 -1044
1007 -1048
1017 -1059
1025 -1077
1032 -1097
1040 -1115
1055 -1128
1075 -1132
1098 -1126
1121 -1114
1137 -1099
1143 -1082
1146 -1063
1145 -1047
1141 -1038
1138 -1035
1138 -1036
1137 -1044
1139 -1059
1145 -1075
1156 -1089
1167 -1100
1181 -1107
1196 -1106
1213 -1097
1226 -1085
1233 -1073
1238 -1061
1238 -1049
1237 -1044
1236 -1042
1236 -1042
1236 -1048
1235 -1057
1235 -1071
1236 -1084
1236 -1096
1236 -1105
1236 -1108
1237 -1108
1236 -1102
1236 -1088
1238 -1068
1246 -1047
1256 -1028
1268 -1018
1275 -1017
1285 -1023
1295 -1034
1307 -1047
1320 -1059
1340 -1067
1364 -1068
1391 -1062
1411 -1050
1425 -1034
1433 -1014
1435 -984
1433 -947
1427 -905
1418 -870
1408 -854
1402 -850
1398 -857
1392 -882
1393 -920
1393 -964
1394 -1004
1396 -1036
1395 -1062
1396 -1080
1395 -1092
1397 -1092
1397 -1088
1396 -1074
1397 -1052
1401 -1022
1418 -992
1440 -970
1458 -962
1472 -965
1483 -977
1490 -992
1490 -1006
1484 -1017
1472 -1024
1453 -1031
1434 -1033
1422 -1033
1414 -1034
1411 -1035
1412 -1042
1418 -1051
1433 -1060
1454 -1071
1475 -1080
1496 -1087
1514 -1092
1523 -1093
1525 -1092
1524 -1088
1518 -1081
.PEN_UP
.PEN_DOWN
1218 -863
1208 -858
1207 -858
1208 -859
1209 -860
1215 -868
1222 -879
1228 -896
.PEN_UP
.PEN_DOWN
575 -715
573 -718
572 -726
577 -759
586 -803
596 -856
604 -916
616 -972
633 -1013
656 -1044
679 -1065
698 -1077
714 -1077
728 -1067
738 -1049
.PEN_UP
.PEN_DOWN
561 -903
602 -887
649 -865
693 -839
725 -811
743 -786
748 -762
744 -738
739 -724
733 -720
731 -725
734 -749
743 -790
754 -835
767 -885
774 -934
780 -976
787 -1006
792 -1024
794 -1030
796 -1025
801 -1006
817 -975
840 -946
868 -925
894 -918
915 -924
931 -941
942 -964
954 -988
966 -1009
982 -1023
1003 -1031
1027 -1029
1052 -1019
1069 -1006
1078 -985
1082 -958
1079 -928
1071 -904
1065 -892
1062 -891
1062 -895
1063 -905
1068 -928
1077 -950
1089 -971
1104 -986
1122 -998
1142 -1001
1163 -997
1187 -984
1205 -966
1217 -943
1222 -916
1223 -887
1224 -866
1225 -856
1229 -854
1239 -858
1255 -871
1275 -892
1291 -917
1304 -940
1312 -960
1310 -974
1298 -986
1277 -991
1256 -990
1240 -982
1227 -969
.PEN_UP
.PEN_DOWN
1079 -754
1058 -748
1053 -747
1053 -748
1053 -751
1063 -762
1075 -774
1083 -788
.PEN_UP
.PEN_DOWN
465 -821
463 -828
462 -852
460 -899
456 -958
456 -1012
462 -1058
474 -1095
493 -1126
522 -1149
556 -1162
595 -1162
624 -1158
648 -1143
662 -1125
663 -1108
.PEN_UP
.PEN_DOWN
423 -1030
443 -1022
472 -1013
512 -994
563 -972
614 -944
649 -915
664 -885
666 -855
660 -826
650 -810
644 -805
642 -806
644 -815
653 -846
669 -897
684 -952
694 -1002
701 -1045
707 -1078
711 -1106
715 -1125
717 -1128
717 -1123
715 -1108
717 -1083
726 -1056
742 -1034
764 -1020
790 -1020
811 -1028
831 -1043
846 -1061
860 -1081
875 -1095
893 -1104
915 -1102
936 -1096
951 -1082
957 -1069
957 -1051
953 -1031
945 -1012
937 -1000
933 -996
933 -999
933 -1012
935 -1031
937 -1050
941 -1067
943 -1081
944 -1090
945 -1090
945 -1087
943 -1076
941 -1057
944 -1037
951 -1014
962 -996
974 -990
988 -993
1004 -1001
1023 -1011
1044 -1020
1069 -1026
1103 -1026
1135 -1019
1160 -1012
1172 -1003
1174 -992
1170 -980
1159 -970
1143 -967
1123 -970
1101 -980
1083 -997
1069 -1017
1065 -1036
1066 -1054
1077 -1068
1097 -1078
1122 -1082
1154 -1081
1186 -1075
1214 -1067
1235 -1055
1253 -1040
1265 -1020
1269 -999
1268 -980
1260 -969
1252 -968
1241 -975
1230 -991
1220 -1015
1216 -1035
1220 -1052
1228 -1066
1241 -1075
1259 -1080
1284 -1080
1311 -1081
1331 -1083
1343 -1087
.PEN_UP
.PEN_DOWN
718 -739
712 -764
705 -802
699 -847
695 -897
697 -949
705 -988
719 -1020
738 -1043
766 -1055
798 -1060
827 -1059
847 -1051
857 -1041
860 -1024
.PEN_UP
.PEN_DOWN
652 -896
668 -888
698 -878
729 -870
765 -860
809 -854
848 -850
876 -850
888 -851
892 -852
891 -854
889 -862
880 -878
870 -900
864 -924
862 -947
866 -970
876 -988
895 -1000
919 -1008
947 -1006
974 -997
995 -985
1010 -967
1020 -942
1021 -909
1013 -874
993 -845
973 -833
951 -829
928 -832
909 -842
896 -856
.PEN_UP
.PEN_DOWN
762 -728
760 -728
758 -734
754 -759
750 -796
747 -836
747 -883
750 -931
758 -978
773 -1011
796 -1031
822 -1045
851 -1051
876 -1049
894 -1039
911 -1022
.PEN_UP
.PEN_DOWN
779 -860
826 -849
880 -839
926 -833
956 -828
972 -826
977 -826
978 -826
977 -827
975 -828
971 -832
962 -846
951 -873
944 -904
944 -934
951 -958
960 -976
979 -987
1002 -987
1031 -979
1059 -966
1080 -947
1094 -924
1099 -891
1093 -856
1075 -826
1049 -810
1022 -801
1001 -800
983 -806
971 -814
962 -829
956 -849
.PEN_UP
.PEN_DOWN
1195 -836
1189 -835
1181 -836
1175 -842
1164 -863
1158 -889
1156 -915
1162 -937
1178 -951
1201 -961
1227 -960
1253 -950
1273 -934
1285 -913
1293 -884
1288 -854
1271 -829
1250 -815
1228 -813
1207 -817
1193 -825
1187 -838
.PEN_UP
.PEN_DOWN
342 -448
341 -448
341 -450
341 -456
338 -484
330 -532
310 -587
287 -651
273 -726
269 -787
276 -831
286 -869
308 -902
337 -923
371 -932
400 -931
424 -923
441 -907
448 -888
448 -868
.PEN_UP
.PEN_DOWN
238 -706
264 -700
301 -695
342 -689
381 -684
413 -678
433 -675
442 -676
.PEN_UP
.PEN_DOWN
430 -826
434 -849
442 -865
457 -875
473 -878
492 -872
513 -856
526 -838
534 -818
538 -793
537 -769
534 -753
532 -749
533 -750
535 -759
541 -779
547 -801
551 -824
560 -842
573 -856
594 -866
615 -872
643 -869
663 -862
680 -848
692 -831
696 -810
695 -784
690 -761
683 -747
678 -740
676 -736
676 -736
677 -735
675 -737
673 -742
.PEN_UP
.PEN_DOWN
754 -743
749 -744
739 -753
728 -770
720 -792
715 -814
715 -835
720 -850
728 -865
742 -877
763 -883
794 -880
827 -871
855 -858
876 -844
893 -826
899 -803
897 -773
883 -748
855 -730
823 -723
788 -726
761 -737
744 -751
.PEN_UP
.PEN_DOWN
0 0
.PEN_UP
.PEN_DOWN
0 0
.PEN_UP
.PEN_DOWN
487 -927
487 -930
488 -950
490 -983
489 -1018
491 -1049
497 -1078
508 -1102
528 -1118
555 -1127
584 -1126
610 -1114
630 -1096
643 -1072
647 -1043
647 -1015
644 -994
643 -987
642 -990
647 -1007
657 -1033
668 -1060
688 -1083
711 -1104
737 -1119
771 -1121
805 -1115
833 -1099
848 -1080
854 -1054
852 -1025
843 -991
827 -957
814 -931
806 -921
806 -922
816 -935
.PEN_UP
.PEN_DOWN
1001 -963
985 -960
964 -965
943 -979
920 -1001
899 -1028
883 -1053
884 -1073
896 -1089
916 -1099
940 -1099
968 -1090
996 -1074
1017 -1056
1029 -1036
1032 -1012
1028 -985
1020 -963
1014 -954
1012 -954
1012 -958
1012 -971
1018 -992
1029 -1012
1041 -1030
1059 -1042
1078 -1050
1102 -1049
1130 -1041
1147 -1029
1158 -1015
1162 -998
1163 -981
1161 -972
1159 -970
1159 -973
1157 -982
1156 -1000
1155 -1019
1156 -1037
1158 -1052
1159 -1060
1161 -1061
1161 -1058
1160 -1049
1160 -1033
1163 -1015
1169 -995
1178 -981
1182 -980
1186 -987
1193 -1003
1200 -1020
1208 -1035
1217 -1047
1224 -1055
1229 -1060
1232 -1062
1234 -1063
1234 -1063
1235 -1063
1235 -1063
1235 -1063
1235 -1063
1235 -1063
1236 -1063
1236 -1064
1236 -1064
1236 -1064
1239 -1066
1241 -1068
1244 -1070
1248 -1070
1255 -1068
1263 -1064
1272 -1056
1281 -1044
1289 -1028
1293 -1006
1295 -974
1292 -937
1287 -902
1281 -874
1276 -854
1273 -847
1273 -847
1273 -850
1274 -859
1279 -885
1284 -922
1286 -964
1290 -998
1299 -1025
1313 -1046
1334 -1060
1359 -1068
1387 -1068
1412 -1064
1429 -1055
1437 -1045
1438 -1031
.PEN_UP
.PEN_DOWN
1230 -952
1239 -947
1258 -939
1290 -928
1327 -918
1363 -912
1388 -910
1403 -911
1406 -915
.PEN_UP
.PEN_DOWN
0 0
.PEN_UP
.PEN_DOWN
0 0
.PEN_UP
.PEN_DOWN
0 0
.PEN_UP
.PEN_DOWN
0 0
.PEN_UP
.PEN_DOWN
0 0
.PEN_UP
.PEN_DOWN
599 -987
601 -1007
605 -1039
608 -1074
616 -1110
629 -1141
645 -1167
665 -1184
689 -1187
711 -1181
733 -1162
750 -1140
758 -1112
761 -1083
759 -1054
757 -1033
756 -1023
755 -1025
756 -1035
763 -1059
770 -1089
781 -1120
795 -1147
816 -1170
842 -1186
873 -1192
905 -1185
933 -1170
951 -1153
960 -1130
962 -1102
958 -1071
950 -1041
943 -1018
937 -1007
935 -1005
935 -1007
940 -1013
951 -1025
963 -1039
980 -1052
1002 -1063
1029 -1073
1063 -1076
1103 -1072
1138 -1063
1165 -1053
1178 -1041
1179 -1030
1174 -1016
1163 -1003
1145 -994
1126 -994
1103 -1005
1083 -1025
1068 -1049
1062 -1078
1063 -1106
1075 -1128
1095 -1147
1119 -1158
1152 -1157
1190 -1147
1224 -1130
1255 -1112
1276 -1092
1289 -1073
1291 -1059
1288 -1053
1283 -1053
1281 -1057
1276 -1068
1270 -1089
1268 -1109
1268 -1127
1269 -1140
1270 -1146
1273 -1145
1274 -1134
1279 -1109
1288 -1081
1300 -1052
1315 -1029
1332 -1014
1348 -1009
1364 -1013
1379 -1024
1398 -1038
1420 -1051
1445 -1059
1469 -1061
1495 -1057
1521 -1047
1531 -1035
1531 -1023
1522 -1010
1506 -1001
1485 -1003
1458 -1017
1436 -1038
1420 -1063
1418 -1090
1428 -1114
1450 -1133
1479 -1143
1515 -1146
1555 -1146
1586 -1146
1605 -1150
1609 -1156
.PEN_UP
.PEN_DOWN
516 -980
514 -993
508 -1024
503 -1062
502 -1099
508 -1130
519 -1159
540 -1180
570 -1188
607 -1182
638 -1168
656 -1148
665 -1126
668 -1101
665 -1078
660 -1062
657 -1060
657 -1065
662 -1083
669 -1106
683 -1131
703 -1153
725 -1171
753 -1182
785 -1183
818 -1173
841 -1158
854 -1136
858 -1110
852 -1082
836 -1056
818 -1032
800 -1017
791 -1012
791 -1009
.PEN_UP
.PEN_DOWN
849 -872
850 -883
858 -915
869 -958
881 -1005
893 -1049
903 -1086
910 -1122
916 -1150
920 -1168
921 -1172
922 -1167
919 -1151
919 -1129
929 -1102
949 -1079
973 -1065
999 -1064
1024 -1071
1044 -1084
1056 -1102
1064 -1121
1069 -1137
1072 -1152
1074 -1163
.PEN_UP
.PEN_DOWN
1167 -1064
1156 -1061
1147 -1063
1136 -1069
1119 -1084
1105 -1103
1096 -1125
1095 -1142
1102 -1156
1119 -1163
1143 -1159
1169 -1147
1189 -1132
1198 -1115
1200 -1097
1197 -1081
1191 -1070
1187 -1068
1186 -1071
1186 -1078
1188 -1093
1194 -1110
1203 -1125
1216 -1135
1230 -1139
1246 -1134
1263 -1121
1275 -1102
1283 -1080
1286 -1054
1281 -1025
1275 -992
1269 -961
1265 -944
1265 -942
1264 -946
1269 -968
1275 -1003
1281 -1038
1290 -1071
1302 -1100
1323 -1122
1348 -1136
1375 -1140
1399 -1137
1419 -1125
1431 -1112
1432 -1097
.PEN_UP
.PEN_DOWN
1243 -1012
1250 -1007
1268 -1003
1296 -997
1332 -990
1365 -986
1389 -984
1400 -986
1398 -992
.PEN_UP
.PEN_DOWN
436 -945
433 -969
430 -1006
429 -1041
431 -1068
440 -1089
454 -1105
474 -1112
501 -1106
533 -1089
555 -1071
565 -1052
567 -1032
565 -1014
561 -1005
560 -1005
561 -1014
566 -1037
574 -1064
591 -1089
617 -1113
646 -1132
676 -1141
703 -1139
724 -1124
739 -1105
748 -1081
751 -1055
748 -1026
740 -996
734 -973
729 -965
725 -964
728 -962
.PEN_UP
.PEN_DOWN
772 -824
776 -848
786 -890
795 -940
800 -990
803 -1031
802 -1063
802 -1088
807 -1103
809 -1104
810 -1098
811 -1080
815 -1054
825 -1029
845 -1006
865 -994
887 -995
905 -1004
921 -1021
932 -1042
944 -1060
957 -1073
972 -1082
992 -1082
1018 -1074
1042 -1061
1061 -1046
1072 -1028
1076 -1008
1072 -991
1064 -982
1052 -980
1040 -987
1024 -1003
1013 -1025
1007 -1046
1008 -1064
1015 -1078
1028 -1089
1047 -1095
1073 -1094
1103 -1087
1133 -1076
1156 -1063
1171 -1047
1180 -1034
1185 -1024
1183 -1024
1182 -1027
1181 -1034
1180 -1047
1180 -1059
1180 -1068
1181 -1073
1182 -1072
1183 -1064
1191 -1045
1206 -1020
1225 -997
1241 -985
1254 -980
1265 -987
1274 -1005
1284 -1028
1293 -1055
1302 -1080
1311 -1102
1322 -1119
1334 -1123
.PEN_UP
.PEN_DOWN
0 0
.PEN_UP
.PEN_DOWN
0 0
.PEN_UP
.PEN_DOWN
627 -803
626 -825
627 -864
627 -912
624 -960
624 -998
637 -1026
658 -1044
686 -1053
716 -1048
745 -1030
767 -1008
781 -978
785 -942
779 -907
771 -885
766 -877
764 -878
762 -895
766 -925
774 -959
788 -989
808 -1014
833 -1031
862 -1040
889 -1039
913 -1029
928 -1014
936 -992
939 -965
935 -929
928 -897
920 -868
914 -854
910 -846
909 -836
.PEN_UP
.PEN_DOWN
971 -717
976 -768
980 -818
984 -867
987 -914
990 -951
994 -981
999 -995
1000 -999
1000 -997
999 -987
998 -963
1002 -924
1014 -890
1032 -867
1056 -858
1077 -860
1100 -875
1119 -899
1134 -927
1145 -953
1155 -976
1162 -993
1170 -1004
1177 -1010
1187 -1009
.PEN_UP
.PEN_DOWN
1242 -875
1239 -877
1233 -883
1226 -904
1222 -932
1221 -956
1223 -975
1231 -990
1243 -1001
1262 -1002
1287 -994
1311 -981
1329 -963
1337 -938
1333 -909
1316 -878
1293 -861
1270 -855
1249 -854
1236 -858
1230 -863
1232 -869
.PEN_UP
.PEN_DOWN
620 -1005
629 -1023
638 -1050
648 -1079
659 -1105
673 -1129
691 -1145
710 -1149
728 -1145
742 -1133
748 -1117
748 -1098
743 -1077
738 -1058
737 -1047
737 -1047
739 -1055
748 -1072
760 -1096
777 -1120
798 -1139
826 -1150
854 -1152
878 -1145
893 -1133
899 -1118
898 -1099
892 -1079
885 -1061
882 -1049
880 -1045
881 -1047
887 -1055
896 -1070
907 -1087
916 -1104
927 -1119
940 -1130
950 -1138
958 -1141
965 -1143
968 -1141
969 -1140
970 -1137
972 -1134
973 -1132
973 -1131
972 -1131
973 -1131
973 -1132
973 -1132
974 -1132
974 -1132
974 -1131
974 -1132
974 -1131
974 -1131
974 -1131
975 -1132
974 -1133
974 -1134
975 -1135
974 -1134
974 -1133
977 -1129
982 -1122
990 -1110
998 -1096
1003 -1079
1007 -1060
1007 -1043
1004 -1032
1000 -1027
996 -1026
995 -1027
996 -1028
997 -1031
998 -1035
1001 -1040
1002 -1049
1005 -1061
1006 -1076
1008 -1090
1013 -1102
1021 -1111
1029 -1115
1038 -1116
1053 -1112
1071 -1104
1088 -1093
1106 -1076
1123 -1053
1139 -1024
1150 -987
1156 -950
1153 -919
1145 -893
1136 -877
1127 -871
1121 -870
1118 -873
1113 -891
1108 -924
1100 -965
1094 -1004
1091 -1036
1099 -1060
1114 -1077
1134 -1088
1157 -1093
1183 -1089
1208 -1079
1232 -1062
1252 -1041
1268 -1013
1278 -975
1280 -933
1273 -898
1260 -878
1245 -873
1235 -877
1228 -896
1223 -932
1221 -971
1221 -1008
1224 -1039
1235 -1059
1250 -1071
1269 -1077
1291 -1075
1308 -1070
1318 -1061
.PEN_UP
.PEN_DOWN
1004 -864
989 -859
987 -860
988 -861
996 -866
1009 -875
.PEN_UP
.PEN_DOWN
0 0
.PEN_UP
.PEN_DOWN
0 0
.PEN_UP
.PEN_DOWN
0 0
.PEN_UP
.PEN_DOWN
0 0
.PEN_UP
.PEN_DOWN
0 0
.PEN_UP
.PEN_DOWN
0 0
.PEN_UP
.PEN_DOWN
638 -820
639 -841
638 -881
640 -923
648 -962
659 -996
676 -1021
699 -1038
726 -1045
754 -1042
786 -1027
822 -1003
848 -972
863 -934
866 -894
862 -856
857 -830
854 -814
852 -804
851 -803
851 -803
854 -806
856 -813
862 -827
867 -849
872 -880
876 -927
879 -982
879 -1039
876 -1089
870 -1137
857 -1185
831 -1225
796 -1254
762 -1270
736 -1275
713 -1272
695 -1261
684 -1242
684 -1209
.PEN_UP
.PEN_DOWN
968 -809
958 -829
949 -861
942 -897
943 -925
950 -954
965 -972
985 -983
1008 -982
1034 -972
1057 -952
1070 -929
1073 -893
1061 -857
1038 -832
1013 -821
991 -817
976 -823
971 -829
.PEN_UP
.PEN_DOWN
1163 -836
1162 -846
1161 -868
1160 -894
1162 -921
1169 -946
1180 -964
1195 -975
1213 -976
1231 -964
1244 -947
1251 -924
1254 -896
1252 -871
1252 -857
1252 -853
1252 -854
1252 -859
1254 -875
1258 -903
1264 -931
1272 -955
1284 -972
1302 -982
1323 -982
1344 -977
1356 -971
1361 -967
1363 -966
.PEN_UP
.PEN_DOWN
0 0
.PEN_UP
.PEN_DOWN
0 0
.PEN_UP
.PEN_DOWN
0 0
.PEN_UP
