
.WRITER_ID Norman_Franklin
.STYLE PRINTED
.PEN_DOWN
	289	1672
	287	1672
	288	1672
	290	1663
	287	1645
	281	1619
	274	1584
	268	1544
	255	1495
	244	1443
	232	1397
	222	1371
	217	1362
	213	1362
	211	1375
	217	1414
	232	1459
	253	1499
	282	1532
	314	1558
	351	1586
	389	1610
	418	1623
	430	1628
	429	1628
	417	1622
	392	1616
	360	1603
	329	1588
	307	1567
	291	1545
	279	1516
	270	1486
	270	1457
	277	1434
	289	1417
	309	1414
	335	1417
	360	1417
	377	1415
	391	1408
	397	1401
.PEN_UP
.PEN_DOWN
	570	1630
	570	1633
	572	1637
	575	1638
	578	1632
	581	1623
	580	1610
	574	1583
	558	1544
	537	1493
	518	1446
	511	1412
	515	1391
.PEN_UP
.PEN_DOWN
	644	1420
	648	1417
	662	1414
	680	1421
	701	1430
	720	1446
	735	1465
	740	1482
	739	1495
	722	1509
	697	1511
	671	1506
	649	1486
	638	1460
	632	1424
	636	1394
	649	1371
	669	1357
	695	1353
	724	1355
	747	1362
	765	1370
.PEN_UP
.PEN_DOWN
	901	1482
	901	1482
	905	1477
	910	1466
	907	1446
	903	1427
	896	1404
	883	1384
	872	1365
	866	1352
	868	1339
.PEN_UP
.PEN_DOWN
	928	1583
	923	1577
	919	1571
	919	1564
	926	1558
.PEN_UP
.PEN_DOWN
	1011	1447
	1006	1437
	1006	1419
	999	1398
	995	1378
	988	1365
	985	1358
	984	1359
	983	1362
	989	1375
	1003	1398
	1019	1427
	1037	1450
	1056	1469
	1070	1480
	1078	1482
	1085	1477
	1089	1459
	1089	1443
	1091	1424
	1092	1404
	1092	1388
	1090	1376
.PEN_UP
.PEN_DOWN
	278	1176
	276	1182
	276	1182
	276	1176
	270	1154
	259	1126
	243	1098
	229	1067
	213	1029
	199	990
	189	959
	189	945
	191	941
	201	944
	217	958
	237	976
	259	993
	274	1002
	283	1007
	287	1003
	291	998
.PEN_UP
.PEN_DOWN
	417	1091
	406	1084
	394	1069
	383	1045
	371	1016
	362	989
	360	961
	367	940
	380	935
	401	938
	425	963
	452	998
	471	1033
	486	1061
	491	1081
	492	1091
	489	1091
	481	1084
	471	1068
	466	1058
	463	1051
	459	1042
	458	1029
	463	1012
	469	997
	475	984
.PEN_UP
.PEN_DOWN
	609	1064
	605	1049
	598	1027
	590	1000
	581	974
	572	951
	568	945
	568	945
	575	960
	588	982
	606	1003
	620	1026
	635	1051
	647	1072
	654	1078
	655	1078
	651	1071
	645	1049
	640	1031
	636	1016
	632	999
	632	984
	636	970
	644	967
	658	970
	674	980
	691	995
	704	1012
	715	1033
	721	1049
	726	1061
	726	1069
	725	1068
.PEN_UP
.PEN_DOWN
	877	1075
	871	1081
	861	1074
	848	1066
	833	1052
	823	1030
	816	1010
	815	990
	820	972
	831	964
	855	979
	884	1013
	913	1058
	936	1101
	953	1149
	964	1193
	967	1224
	961	1232
	952	1228
	938	1198
	923	1156
	912	1104
	906	1049
	911	1012
	926	997
	949	996
	976	1006
	999	1016
	1015	1022
	1021	1029
	1021	1029
.PEN_UP
.PEN_DOWN
	213	709
	213	709
	211	703
	208	680
	205	640
	201	592
	196	552
	193	536
	193	527
	195	526
	199	536
	213	566
	230	601
	243	643
	252	684
	261	716
	269	728
	272	726
	276	701
	277	664
	277	623
	276	582
	276	562
	276	562
	285	576
	301	608
	317	650
	336	689
	351	732
	367	758
	371	762
	373	754
	371	728
	365	696
	360	656
	357	621
	354	592
	349	568
	349	559
	349	554
.PEN_UP
.PEN_DOWN
	478	650
	474	654
	465	650
	456	640
	443	621
	434	601
	425	581
	423	563
	428	550
	436	546
	452	559
	471	581
	492	609
	510	639
	520	666
	524	677
	526	679
	518	670
	507	643
	495	614
	494	585
	494	563
	502	550
	516	545
	535	553
	557	565
.PEN_UP
.PEN_DOWN
	677	656
	668	650
	658	641
	647	630
	635	614
	623	595
	617	578
	614	565
	616	552
	625	548
	647	549
	670	562
	695	579
	717	595
.PEN_UP
.PEN_DOWN
	836	758
	833	749
	831	726
	824	700
	816	664
	806	625
	798	581
	792	552
	791	545
	791	549
	794	568
	796	601
	801	641
	803	683
	807	728
	815	761
	825	777
	837	784
	850	785
	868	780
	888	772
	909	758
	928	742
	936	726
	938	706
	930	680
	915	660
	894	639
	870	614
	846	592
	829	575
	822	569
.PEN_UP
.PEN_DOWN
	986	686
	987	689
	980	689
	969	683
	961	679
	953	663
	951	640
	951	617
	958	598
	967	585
	984	585
	1002	599
	1021	624
	1035	650
	1041	670
	1039	683
	1037	689
	1027	687
	1015	679
	1004	667
	995	657
	991	654
	993	653
.PEN_UP
.PEN_DOWN
	1117	664
	1116	663
	1113	663
	1114	666
	1116	670
	1120	673
	1124	673
	1127	670
	1127	657
	1127	643
	1127	624
	1122	598
	1117	572
	1112	553
	1109	550
	1110	552
	1116	572
	1127	601
	1142	630
	1158	662
	1173	686
	1188	696
	1199	692
	1208	678
	1213	657
	1213	637
	1208	615
	1199	598
	1190	585
	1188	581
.PEN_UP
.PEN_DOWN
	1254	692
	1252	696
	1247	693
	1236	680
	1227	658
	1219	634
	1214	615
	1214	599
	1221	591
	1231	591
	1249	604
	1269	628
	1289	650
	1302	674
	1307	687
	1304	697
	1298	702
	1287	696
	1272	686
	1264	673
	1262	654
	1262	634
	1271	618
	1284	608
	1305	607
	1324	608
	1344	617
	1361	627
	1372	638
.PEN_UP
.PEN_DOWN
	1473	834
	1479	816
	1478	790
	1471	758
	1460	718
	1445	674
	1429	634
	1418	598
	1411	576
.PEN_UP
.PEN_DOWN
	1521	692
	1519	676
	1510	657
	1501	634
	1495	608
	1493	589
	1495	582
	1506	588
	1524	611
	1543	644
	1565	689
	1585	738
	1598	785
	1600	829
	1598	858
	1592	860
	1579	840
	1563	807
	1552	763
	1545	716
	1541	670
	1545	631
	1558	607
	1578	601
	1602	602
	1633	614
	1664	628
	1683	640
	1692	647
	1690	653
.PEN_UP
.PEN_DOWN
	206	315
	206	315
	204	303
	200	277
	191	243
	184	208
	178	179
	172	167
	171	164
	169	168
	171	184
	177	205
	187	234
	197	266
	206	295
	213	315
	213	319
	216	311
	216	288
	217	258
	224	222
	232	180
	241	157
	254	153
	270	167
	288	200
	302	239
	316	279
	321	317
	321	346
	321	359
	320	359
	318	351
	314	333
.PEN_UP
.PEN_DOWN
	364	161
	364	151
	366	147
	376	154
	390	177
	406	206
	416	232
	422	256
	416	265
	406	271
	390	264
	373	246
	354	222
	340	196
	334	167
	333	137
	339	115
	351	102
	372	102
	397	108
.PEN_UP
.PEN_DOWN
	511	232
	502	219
	493	197
	487	173
	482	148
	485	125
	491	106
	504	97
	519	102
	538	119
	553	141
	568	168
	575	195
	579	216
	577	229
	577	231
	570	223
	565	207
	563	186
	564	164
	568	148
	577	135
	590	133
	609	144
	631	168
	651	193
	665	219
	673	236
	677	252
.PEN_UP
.PEN_DOWN
	809	296
	808	298
	804	301
	803	301
	802	301
	802	301
	802	301
	802	300
	801	291
	792	275
	781	248
	768	226
	757	199
	750	170
	750	147
	755	134
	769	135
	789	147
	809	171
	827	193
	840	210
	846	218
	843	222
.PEN_UP
.PEN_DOWN
	706	272
	704	272
	709	268
	724	265
	752	262
	783	257
	818	256
.PEN_UP
.PEN_DOWN
	925	279
	923	266
	918	249
	912	230
	907	205
	904	177
	905	151
	912	128
	919	122
	927	124
	943	147
	958	177
	969	213
	975	245
	975	269
	968	282
	957	288
	943	281
	928	265
	921	254
	918	245
.PEN_UP
.PEN_DOWN
	1094	279
	1096	269
	1096	249
	1094	219
	1087	186
	1079	155
	1072	125
	1064	115
	1059	112
	1059	112
	1063	128
	1079	158
	1105	197
	1135	236
	1166	266
	1191	278
	1203	272
	1212	252
	1212	220
	1208	187
	1201	159
	1197	141
	1195	134
	1191	128
.PEN_UP
