
.WRITER_ID Norman_Franklin
.STYLE PRINTED
.PEN_DOWN
	290	1655
	282	1656
	272	1651
	261	1642
	252	1630
	243	1610
	235	1587
	229	1561
	222	1529
	219	1496
	223	1468
	235	1456
	257	1460
	283	1486
	314	1525
	342	1574
	363	1623
	372	1669
	368	1704
	351	1727
	327	1731
	294	1720
	268	1694
	249	1662
	246	1632
.PEN_UP
.PEN_DOWN
	456	1740
	459	1738
	465	1726
	472	1704
	476	1681
	478	1666
.PEN_UP
.PEN_DOWN
	634	1627
	627	1619
	617	1593
	601	1564
	588	1535
	571	1511
	552	1499
	541	1495
	537	1498
	537	1512
	549	1535
	566	1570
	586	1610
	608	1650
	631	1681
	653	1699
	671	1707
	687	1705
	698	1692
	695	1672
	687	1649
	671	1632
	653	1616
	636	1603
	624	1593
	621	1591
	622	1588
	627	1590
	644	1591
	666	1591
	688	1581
	706	1570
	719	1561
	721	1548
	713	1535
	695	1518
	671	1505
	644	1499
	620	1499
	597	1505
	579	1509
	568	1512
	566	1512
	566	1512
	569	1512
	577	1512
.PEN_UP
.PEN_DOWN
	807	1594
	809	1593
	809	1591
	807	1574
	796	1541
	783	1508
	772	1477
	761	1450
	757	1441
	757	1441
	763	1454
	780	1489
	804	1522
	826	1558
	850	1594
	875	1619
	895	1632
	906	1632
	912	1620
	905	1597
	895	1576
	886	1561
	878	1551
	872	1544
.PEN_UP
.PEN_DOWN
	1011	1619
	1013	1615
	1011	1610
	1004	1591
	995	1566
	986	1541
	980	1519
	977	1499
	978	1483
.PEN_UP
.PEN_DOWN
	1031	1734
	1029	1738
	1029	1735
	1022	1728
.PEN_UP
.PEN_DOWN
	1067	1514
	1065	1509
	1065	1508
	1076	1512
	1092	1525
	1109	1544
	1129	1567
	1144	1588
	1153	1604
	1156	1613
	1153	1618
	1140	1616
	1120	1606
	1102	1597
	1085	1581
	1072	1565
	1061	1545
	1057	1526
	1061	1508
	1072	1499
	1088	1493
	1110	1499
	1132	1512
	1149	1525
	1162	1535
	1172	1545
.PEN_UP
.PEN_DOWN
	1293	1646
	1293	1645
	1293	1637
	1287	1619
	1276	1597
	1263	1574
	1249	1552
	1240	1531
	1234	1518
	1234	1512
	1234	1509
	1243	1516
	1259	1532
	1278	1548
	1302	1574
	1326	1594
	1346	1606
	1359	1610
	1366	1607
	1368	1593
	1365	1577
	1361	1558
	1359	1545
	1359	1532
	1361	1525
	1363	1515
	1365	1509
	1364	1502
	1355	1498
.PEN_UP
.PEN_DOWN
	257	803
	248	802
	240	791
	230	777
	217	758
	204	735
	191	706
	183	679
	184	651
	193	628
	209	619
	231	624
	257	644
	283	674
	307	709
	325	749
	336	784
	335	811
	327	826
	310	833
	289	829
	269	816
	250	800
	235	784
.PEN_UP
.PEN_DOWN
	285	699
	290	683
	301	664
	314	638
	327	614
	334	594
	341	585
	344	582
	348	582
	349	580
.PEN_UP
.PEN_DOWN
	460	785
	454	780
	449	771
	449	758
	449	748
	447	741
	447	734
	443	725
	438	712
	437	699
	438	683
	443	667
	454	654
	463	647
	475	650
	489	661
	504	679
	520	702
	535	732
	545	754
	552	767
	553	777
	555	780
	555	778
	551	774
	546	762
	540	749
	535	735
	530	716
	529	696
	531	674
	538	659
	548	651
	560	647
	570	646
	579	644
.PEN_UP
.PEN_DOWN
	684	772
	684	772
	686	772
	686	772
	687	765
	685	754
	680	736
	671	713
	661	689
	651	670
	646	650
	642	637
	644	634
.PEN_UP
.PEN_DOWN
	694	848
	688	846
	688	842
	694	833
	700	819
.PEN_UP
.PEN_DOWN
	811	748
	810	738
	809	722
	807	699
	803	674
	796	648
	789	627
	785	617
	785	617
	785	627
	791	644
	800	667
	815	696
	836	723
	857	745
	879	759
	894	759
	903	749
	907	732
	906	712
	900	687
	892	664
	886	644
	883	637
.PEN_UP
.PEN_DOWN
	1008	746
	1004	732
	999	718
	998	700
	995	676
	991	651
	989	634
	988	627
	989	628
	996	640
	1008	663
	1024	692
	1041	719
	1056	741
	1070	755
	1083	761
	1094	761
	1102	751
	1107	738
	1107	726
	1103	706
	1096	686
	1087	664
	1081	650
.PEN_UP
.PEN_DOWN
	200	305
	200	305
	200	296
	202	281
	202	258
	199	232
	196	208
	194	193
	192	183
	191	181
	191	181
.PEN_UP
.PEN_DOWN
	188	363
	197	384
	213	399
	235	412
	262	409
	283	399
	298	386
	304	379
	305	369
	300	354
	292	340
	279	327
	265	310
	249	301
	236	288
	228	281
	224	272
	225	268
	231	262
	241	252
	254	242
	270	233
	283	222
	294	209
	300	197
	305	189
	309	180
.PEN_UP
.PEN_DOWN
	392	294
	388	291
	382	278
	378	259
	373	235
	368	207
	369	186
	379	173
	392	173
	408	181
	425	203
	438	230
	450	262
	457	292
	457	315
	458	321
	456	321
	452	310
	445	290
	441	268
	438	246
	438	223
	443	203
	451	183
	459	171
	469	164
	478	160
	487	163
	489	170
	492	174
	492	173
	493	173
	492	173
	493	173
	492	173
	493	173
	491	173
.PEN_UP
.PEN_DOWN
	660	337
	653	341
	640	341
	623	331
	603	311
	585	288
	571	271
	564	257
	566	246
	572	235
	587	222
	602	213
	617	206
	626	200
	630	199
	630	200
	625	195
	614	190
	601	186
	590	184
	577	183
	568	181
	564	177
	563	174
	571	173
.PEN_UP
.PEN_DOWN
	769	347
	772	357
	769	359
	761	360
	745	350
	728	330
	711	314
	700	292
	698	279
	704	263
	715	252
	732	238
	747	226
	761	216
	767	208
	767	200
	764	190
	756	183
	744	173
	728	170
	712	168
	700	171
	691	174
.PEN_UP
.PEN_DOWN
	866	199
	872	203
	884	216
	896	235
	912	261
	923	284
	929	305
	929	315
	927	321
	919	317
	907	307
	895	294
	881	276
	872	259
	866	239
	866	222
	870	207
	881	195
	896	193
	916	197
	934	210
	950	226
.PEN_UP
.PEN_DOWN
	1096	452
	1096	448
	1095	438
	1092	421
	1083	396
	1073	368
	1063	333
	1053	297
	1041	266
	1035	239
	1032	229
	1036	229
.PEN_UP
.PEN_DOWN
	1155	458
	1151	441
	1142	418
	1136	386
	1127	347
	1118	306
	1111	266
	1103	225
	1096	193
	1094	180
	1094	174
.PEN_UP
