



.WRITER_ID phil-writer-ber


.SEX M

.COMMENT .SEGMENT WORD 0-6 OK "zoology"
.PEN_DOWN
0 0
.PEN_UP
.PEN_DOWN
0 0
.PEN_UP
.PEN_DOWN
0 0
.PEN_UP
.PEN_DOWN
0 0
.PEN_UP
.PEN_DOWN
0 0
.PEN_UP
.PEN_DOWN
0 0
.PEN_UP
.PEN_DOWN
0 0
.PEN_UP
.PEN_DOWN
1911 2793
1914 2798
1914 2800
1914 2800
1914 2794
1913 2783
1904 2763
1894 2731
1875 2679
1858 2613
1848 2551
1853 2500
1876 2463
1916 2442
1957 2436
1994 2435
.PEN_UP
.PEN_DOWN
1860 2634
1866 2634
1888 2635
1926 2635
1979 2637
2015 2640
2050 2645
2070 2648
2088 2647
.PEN_UP
.PEN_DOWN
2428 2813
2425 2805
2424 2782
2420 2742
2410 2689
2397 2621
2390 2561
2384 2516
2382 2493
2384 2483
2397 2495
2422 2528
2447 2563
2470 2588
2493 2594
2514 2588
2531 2560
2538 2523
2536 2492
2536 2472
2541 2459
2546 2459
.PEN_UP
.PEN_DOWN
2873 2601
2873 2596
2890 2587
2926 2576
2971 2572
3010 2573
3037 2582
3052 2597
3058 2614
3053 2637
3032 2653
2999 2661
2961 2658
2926 2638
2906 2608
2903 2567
2933 2530
2987 2510
3057 2498
3131 2489
.PEN_UP
.PEN_DOWN
0 0
.PEN_UP
.PEN_DOWN
0 0
.PEN_UP
.PEN_DOWN
0 0
.PEN_UP
.PEN_DOWN
0 0
.PEN_UP
.PEN_DOWN
0 0
.PEN_UP
.PEN_DOWN
0 0
.PEN_UP
.PEN_DOWN
0 0
.PEN_UP
.PEN_DOWN
2207 2856
2204 2855
2202 2852
2204 2845
2204 2823
2204 2784
2199 2722
2187 2643
2179 2565
2172 2503
2169 2458
2174 2432
.PEN_UP
.PEN_DOWN
1885 2859
1883 2860
1880 2862
1903 2861
1951 2861
2032 2861
2119 2862
2215 2862
2304 2857
2377 2860
2433 2861
2468 2861
2486 2865
2493 2864
.PEN_UP
.PEN_DOWN
3068 2881
3063 2881
3053 2883
3034 2882
3005 2873
2972 2852
2934 2819
2903 2773
2885 2720
2878 2661
2886 2603
2911 2547
2953 2504
2999 2470
3058 2451
3111 2444
3163 2448
3204 2468
3235 2495
3262 2530
3280 2566
3290 2604
3296 2640
3293 2678
3287 2714
3272 2745
3250 2773
3229 2798
3202 2823
3167 2840
3129 2856
3090 2869
3043 2876
.PEN_UP
.PEN_DOWN
2101 2816
2106 2824
2109 2831
2114 2828
2118 2810
2119 2773
2114 2706
2101 2613
2088 2526
2078 2454
2075 2404
.PEN_UP
.PEN_DOWN
1888 2840
1886 2840
1896 2842
1918 2845
1984 2850
2073 2852
2185 2857
2247 2856
2309 2859
2351 2864
2374 2862
.PEN_UP
.PEN_DOWN
1889 2406
1889 2406
1901 2406
1941 2406
2002 2404
2070 2400
2136 2397
2197 2397
2245 2401
2281 2400
.PEN_UP
.PEN_DOWN
2921 2664
2918 2650
2911 2616
2900 2557
2878 2488
2853 2427
2835 2390
2830 2385
2843 2417
2885 2472
2938 2530
2989 2575
3025 2598
3047 2596
3050 2566
3045 2518
3040 2462
3047 2411
3072 2373
3125 2354
.PEN_UP
.PEN_DOWN
0 0
.PEN_UP
.PEN_DOWN
0 0
.PEN_UP
.PEN_DOWN
0 0
.PEN_UP
.PEN_DOWN
0 0
.PEN_UP
.PEN_DOWN
0 0
.PEN_UP
.PEN_DOWN
0 0
.PEN_UP
.PEN_DOWN
0 0
.PEN_UP
.PEN_DOWN
0 0
.PEN_UP
.PEN_DOWN
0 0
.PEN_UP
.PEN_DOWN
0 0
.PEN_UP
.PEN_DOWN
2035 2875
2042 2890
2048 2891
2066 2865
2081 2809
2091 2748
2101 2616
2109 2539
2124 2449
2139 2395
2166 2376
2195 2407
2227 2477
2242 2534
2260 2599
2266 2609
2280 2590
2301 2537
2329 2446
2347 2396
2381 2344
2395 2334
2417 2360
2445 2430
2480 2525
2508 2635
2534 2748
2548 2809
2556 2835
.PEN_UP
.PEN_DOWN
2969 2563
2969 2577
2953 2593
2926 2601
2890 2593
2850 2567
2822 2525
2815 2472
2822 2426
2857 2405
2895 2411
2929 2441
2953 2483
2964 2529
2972 2556
2972 2563
2972 2540
2974 2498
2991 2448
3024 2411
3070 2400
.PEN_UP
.PEN_DOWN
3473 2644
3473 2653
3467 2660
3450 2665
3415 2666
3374 2659
3341 2643
3325 2621
3339 2592
3371 2563
3411 2532
3439 2500
3435 2466
3411 2439
3379 2427
3354 2421
.PEN_UP
.PEN_DOWN
2376 2913
2379 2911
2384 2881
2389 2816
2381 2721
2367 2612
2357 2498
2349 2396
2346 2351
2347 2344
2362 2369
2394 2447
2419 2493
2455 2542
2480 2552
2498 2530
2505 2497
2509 2432
2508 2394
2505 2353
2505 2327
.PEN_UP
.PEN_DOWN
2883 2518
2878 2514
2888 2503
2926 2494
2979 2492
3027 2497
3055 2505
3072 2523
3070 2546
3050 2570
3017 2583
2979 2581
2938 2560
2905 2520
2888 2472
2893 2423
2939 2386
3024 2373
3125 2384
.PEN_UP
.PEN_DOWN
0 0
.PEN_UP
.PEN_DOWN
0 0
.PEN_UP
.PEN_DOWN
0 0
.PEN_UP
.PEN_DOWN
0 0
.PEN_UP
.PEN_DOWN
0 0
.PEN_UP
.PEN_DOWN
2443 2804
2442 2802
2443 2798
2442 2777
2443 2733
2443 2665
2440 2573
2438 2490
2432 2423
2432 2379
.PEN_UP
.PEN_DOWN
2242 2798
2233 2797
2237 2797
2270 2797
2371 2804
2450 2809
2559 2811
2648 2815
2711 2816
2751 2814
.PEN_UP
.PEN_DOWN
2258 2354
2252 2353
2266 2351
2313 2358
2384 2360
2462 2364
2538 2366
2599 2369
2638 2375
2660 2376
.PEN_UP
.PEN_DOWN
3019 2764
3022 2761
3027 2737
3025 2692
3014 2632
3002 2561
2994 2489
3005 2432
3037 2391
3091 2377
3146 2385
.PEN_UP
.PEN_DOWN
2966 2580
3009 2586
3070 2588
3129 2593
3177 2596
.PEN_UP
.PEN_DOWN
0 0
.PEN_UP
.PEN_DOWN
0 0
.PEN_UP
.PEN_DOWN
0 0
.PEN_UP
.PEN_DOWN
0 0
.PEN_UP
.PEN_DOWN
0 0
.PEN_UP
.PEN_DOWN
0 0
.PEN_UP
.PEN_DOWN
0 0
.PEN_UP
.PEN_DOWN
0 0
.PEN_UP
.PEN_DOWN
0 0
.PEN_UP
.PEN_DOWN
0 0
.PEN_UP
.PEN_DOWN
0 0
.PEN_UP
.PEN_DOWN
0 0
.PEN_UP
.PEN_DOWN
0 0
.PEN_UP
.PEN_DOWN
0 0
.PEN_UP
.PEN_DOWN
0 0
.PEN_UP
.PEN_DOWN
0 0
.PEN_UP
.PEN_DOWN
0 0
.PEN_UP
.PEN_DOWN
0 0
.PEN_UP
.PEN_DOWN
0 0
.PEN_UP
.PEN_DOWN
0 0
.PEN_UP
.PEN_DOWN
0 0
.PEN_UP
.PEN_DOWN
0 0
.PEN_UP
.PEN_DOWN
0 0
.PEN_UP
.PEN_DOWN
2432 2854
2433 2844
2437 2811
2440 2753
2435 2670
2428 2578
2422 2497
2417 2441
2422 2412
.PEN_UP
.PEN_DOWN
2149 2777
2152 2787
2179 2805
2243 2829
2338 2852
2442 2859
2533 2850
2605 2828
2642 2797
2645 2759
2619 2723
2564 2692
2501 2674
2450 2663
2420 2659
2419 2660
2448 2671
2500 2674
2557 2665
2609 2644
2648 2614
2670 2577
2673 2531
2652 2485
2610 2443
2544 2408
2462 2391
2377 2394
2301 2402
2253 2417
.PEN_UP
.PEN_DOWN
2910 2658
2913 2658
2926 2645
2951 2616
2976 2576
2997 2539
3014 2513
.PEN_UP
.PEN_DOWN
3116 2606
3126 2619
3125 2613
3103 2583
3067 2530
3017 2447
2959 2354
2908 2275
2877 2218
.PEN_UP
.PEN_DOWN
2665 2846
2675 2841
2685 2797
2686 2746
2678 2627
2672 2545
2655 2433
2648 2376
.PEN_UP
.PEN_DOWN
2473 2830
2466 2833
2471 2834
2508 2836
2584 2842
2683 2851
2776 2859
2845 2857
2893 2860
.PEN_UP
.PEN_DOWN
2495 2350
2500 2346
2539 2346
2607 2349
2686 2359
2754 2368
2807 2377
.PEN_UP
.PEN_DOWN
0 0
.PEN_UP
.PEN_DOWN
0 0
.PEN_UP
.PEN_DOWN
0 0
.PEN_UP
.PEN_DOWN
0 0
.PEN_UP
.PEN_DOWN
0 0
.PEN_UP
.PEN_DOWN
0 0
.PEN_UP
.PEN_DOWN
0 0
.PEN_UP
.PEN_DOWN
0 0
.PEN_UP
.PEN_DOWN
0 0
.PEN_UP
.PEN_DOWN
0 0
.PEN_UP
.PEN_DOWN
0 0
.PEN_UP
.PEN_DOWN
0 0
.PEN_UP
.PEN_DOWN
0 0
.PEN_UP
.PEN_DOWN
0 0
.PEN_UP
.PEN_DOWN
0 0
.PEN_UP
.PEN_DOWN
2409 2870
2400 2841
2387 2785
2357 2695
2319 2586
2278 2475
2247 2394
2232 2345
2225 2344
2240 2390
2273 2478
2313 2590
2346 2700
2374 2782
2397 2834
2427 2851
2457 2830
2481 2779
2501 2696
2523 2596
2541 2493
2561 2405
2576 2343
2582 2309
2590 2299
2595 2317
.PEN_UP
.PEN_DOWN
2291 2541
2301 2540
2333 2536
2390 2534
2457 2536
2505 2537
2539 2541
2559 2542
2576 2554
.PEN_UP
.PEN_DOWN
3017 2560
3015 2542
3014 2499
3009 2441
3001 2389
2997 2358
2992 2356
2994 2384
3004 2432
3030 2485
3068 2520
3110 2542
3146 2552
3164 2557
3176 2552
3161 2554
.PEN_UP
.PEN_DOWN
3475 2523
3477 2514
3487 2508
3520 2499
3576 2497
3630 2499
3670 2505
3692 2516
3690 2532
3677 2549
3654 2568
3616 2583
3573 2583
3536 2566
3508 2526
3492 2483
3505 2437
3556 2413
3622 2406
3700 2413
.PEN_UP
.PEN_DOWN
0 0
.PEN_UP
.PEN_DOWN
0 0
.PEN_UP
.PEN_DOWN
0 0
.PEN_UP
.PEN_DOWN
0 0
.PEN_UP
.PEN_DOWN
0 0
.PEN_UP
.PEN_DOWN
0 0
.PEN_UP
.PEN_DOWN
0 0
.PEN_UP
.PEN_DOWN
0 0
.PEN_UP
.PEN_DOWN
0 0
.PEN_UP
.PEN_DOWN
0 0
.PEN_UP
.PEN_DOWN
0 0
.PEN_UP
.PEN_DOWN
0 0
.PEN_UP
.PEN_DOWN
0 0
.PEN_UP
.PEN_DOWN
0 0
.PEN_UP
.PEN_DOWN
0 0
.PEN_UP
.PEN_DOWN
0 0
.PEN_UP
.PEN_DOWN
0 0
.PEN_UP
.PEN_DOWN
0 0
.PEN_UP
.PEN_DOWN
0 0
.PEN_UP
.PEN_DOWN
0 0
.PEN_UP
.PEN_DOWN
0 0
.PEN_UP
.PEN_DOWN
0 0
.PEN_UP
.PEN_DOWN
0 0
.PEN_UP
.PEN_DOWN
0 0
.PEN_UP
.PEN_DOWN
0 0
.PEN_UP
.PEN_DOWN
0 0
.PEN_UP
.PEN_DOWN
0 0
.PEN_UP
.PEN_DOWN
0 0
.PEN_UP
.PEN_DOWN
0 0
.PEN_UP
.PEN_DOWN
0 0
.PEN_UP
.PEN_DOWN
0 0
.PEN_UP
.PEN_DOWN
0 0
.PEN_UP
.PEN_DOWN
0 0
.PEN_UP
.PEN_DOWN
0 0
.PEN_UP
.PEN_DOWN
0 0
.PEN_UP
.PEN_DOWN
0 0
.PEN_UP
.PEN_DOWN
0 0
.PEN_UP
.PEN_DOWN
0 0
.PEN_UP
.PEN_DOWN
0 0
.PEN_UP
.PEN_DOWN
0 0
.PEN_UP
.PEN_DOWN
0 0
.PEN_UP
.PEN_DOWN
0 0
.PEN_UP
.PEN_DOWN
2478 2535
2460 2544
2428 2544
2390 2525
2352 2483
2328 2417
2334 2346
2376 2294
2440 2280
2508 2296
2557 2337
2574 2390
2556 2447
2516 2492
2475 2514
.PEN_UP
.PEN_DOWN
2729 2555
2728 2550
2734 2523
2729 2478
2724 2420
2713 2366
2708 2333
2706 2332
2721 2365
2743 2425
2774 2482
2805 2515
2835 2511
2858 2483
2870 2436
2875 2391
2883 2355
.PEN_UP
.PEN_DOWN
3073 2514
3098 2511
3144 2513
3194 2523
3222 2537
3224 2556
3197 2573
3151 2581
3098 2570
3052 2531
3030 2475
3040 2417
3096 2375
3194 2359
.PEN_UP
.PEN_DOWN
0 0
.PEN_UP
.PEN_DOWN
0 0
.PEN_UP
.PEN_DOWN
0 0
.PEN_UP
.PEN_DOWN
0 0
.PEN_UP
.PEN_DOWN
2328 2474
2329 2468
2338 2435
2351 2381
2361 2322
2374 2271
2390 2245
2414 2253
2437 2291
2458 2350
2470 2402
2476 2423
2483 2404
2493 2351
2514 2289
2543 2249
2574 2246
2600 2277
2620 2339
2637 2408
2650 2461
.PEN_UP
.PEN_DOWN
2868 2420
2870 2416
2893 2411
2934 2404
2976 2406
3015 2417
3032 2438
3025 2462
2997 2483
2962 2501
2913 2501
2867 2483
2835 2439
2830 2375
2857 2313
2913 2275
2997 2262
.PEN_UP
.PEN_DOWN
3356 2473
3348 2472
3343 2454
3346 2421
3348 2373
3346 2325
3341 2294
3333 2287
3333 2311
3344 2363
3371 2417
3406 2461
3444 2483
3470 2493
.PEN_UP
.PEN_DOWN
3624 2430
3627 2430
3640 2423
3680 2416
3728 2416
3776 2425
3804 2441
3817 2462
3801 2480
3761 2492
3713 2484
3668 2459
3642 2413
3639 2363
3673 2319
3745 2302
3832 2304
.PEN_UP
.PEN_DOWN
0 0
.PEN_UP
.PEN_DOWN
0 0
.PEN_UP
.PEN_DOWN
0 0
.PEN_UP
.PEN_DOWN
2415 2877
2417 2866
2415 2839
2404 2780
2379 2697
2347 2599
2309 2494
2280 2413
2265 2361
2261 2355
2278 2404
2304 2488
2334 2594
2364 2699
2400 2783
2440 2845
2478 2880
2506 2878
2533 2846
2557 2780
2572 2690
2587 2588
2602 2494
2615 2420
2627 2376
2632 2361
.PEN_UP
.PEN_DOWN
2252 2547
2260 2545
2303 2544
2377 2544
2457 2547
2524 2552
.PEN_UP
.PEN_DOWN
3010 2860
3007 2860
3012 2849
3017 2826
3017 2764
3010 2712
2997 2627
2991 2516
2996 2458
3029 2400
.PEN_UP
.PEN_DOWN
3339 2862
3336 2857
3336 2844
3325 2805
3311 2741
3296 2650
3287 2557
3295 2482
3323 2426
3386 2407
.PEN_UP
.PEN_DOWN
0 0
.PEN_UP
.PEN_DOWN
0 0
.PEN_UP
.PEN_DOWN
0 0
.PEN_UP
.PEN_DOWN
0 0
.PEN_UP
.PEN_DOWN
0 0
.PEN_UP
.PEN_DOWN
0 0
.PEN_UP
.PEN_DOWN
0 0
.PEN_UP
.PEN_DOWN
0 0
.PEN_UP
.PEN_DOWN
0 0
.PEN_UP
.PEN_DOWN
0 0
.PEN_UP
.PEN_DOWN
0 0
.PEN_UP
.PEN_DOWN
0 0
.PEN_UP
.PEN_DOWN
0 0
.PEN_UP
.PEN_DOWN
0 0
.PEN_UP
.PEN_DOWN
0 0
.PEN_UP
.PEN_DOWN
0 0
.PEN_UP
.PEN_DOWN
0 0
.PEN_UP
.PEN_DOWN
0 0
.PEN_UP
.PEN_DOWN
0 0
.PEN_UP
.PEN_DOWN
0 0
.PEN_UP
.PEN_DOWN
0 0
.PEN_UP
.PEN_DOWN
0 0
.PEN_UP
.PEN_DOWN
0 0
.PEN_UP
.PEN_DOWN
0 0
.PEN_UP
.PEN_DOWN
0 0
.PEN_UP
.PEN_DOWN
0 0
.PEN_UP
.PEN_DOWN
0 0
.PEN_UP
.PEN_DOWN
0 0
.PEN_UP
.PEN_DOWN
0 0
.PEN_UP
.PEN_DOWN
0 0
.PEN_UP
.PEN_DOWN
0 0
.PEN_UP
.PEN_DOWN
0 0
.PEN_UP
.PEN_DOWN
0 0
.PEN_UP
.PEN_DOWN
0 0
.PEN_UP
.PEN_DOWN
0 0
.PEN_UP
.PEN_DOWN
0 0
.PEN_UP
.PEN_DOWN
0 0
.PEN_UP
.PEN_DOWN
0 0
.PEN_UP
.PEN_DOWN
0 0
.PEN_UP
.PEN_DOWN
0 0
.PEN_UP
.PEN_DOWN
0 0
.PEN_UP
.PEN_DOWN
0 0
.PEN_UP
.PEN_DOWN
2341 2643
2344 2629
2359 2590
2376 2526
2394 2461
2409 2410
2432 2385
2455 2400
2470 2439
2476 2492
2481 2523
2488 2513
2508 2475
2533 2423
2564 2390
2604 2395
2630 2432
2653 2494
2665 2568
2675 2619
.PEN_UP
.PEN_DOWN
2939 2945
2934 2917
2926 2846
2908 2740
2885 2621
2867 2521
2857 2456
2860 2435
2881 2461
2923 2508
2972 2532
3022 2525
3055 2488
3073 2438
3085 2399
3091 2375
3103 2379
.PEN_UP
.PEN_DOWN
3373 2516
3389 2514
3420 2519
3452 2535
3475 2557
3470 2581
3444 2596
3404 2586
3373 2546
3361 2492
3381 2444
3430 2415
3495 2415
.PEN_UP
.PEN_DOWN
3728 2612
3726 2602
3730 2573
3728 2529
3718 2474
3711 2432
3706 2408
3715 2416
3736 2456
3764 2515
3794 2552
3816 2561
3830 2541
3837 2504
3849 2467
3873 2435
.PEN_UP
.PEN_DOWN
0 0
.PEN_UP
.PEN_DOWN
0 0
.PEN_UP
.PEN_DOWN
0 0
.PEN_UP
.PEN_DOWN
0 0
.PEN_UP
.PEN_DOWN
0 0
.PEN_UP
.PEN_DOWN
0 0
.PEN_UP
.PEN_DOWN
0 0
.PEN_UP
.PEN_DOWN
0 0
.PEN_UP
.PEN_DOWN
2402 2851
2400 2839
2407 2794
2410 2710
2407 2608
2392 2501
2379 2415
2379 2366
.PEN_UP
.PEN_DOWN
2414 2821
2407 2831
2407 2836
2417 2821
2430 2785
2450 2733
2470 2678
2495 2638
2511 2616
2538 2624
2569 2663
2599 2728
2625 2785
2650 2815
2670 2810
2675 2766
2678 2689
2678 2596
2672 2504
2667 2428
2673 2384
.PEN_UP
.PEN_DOWN
3005 2784
2994 2787
2971 2784
2939 2758
2910 2699
2885 2614
2881 2525
2913 2453
2967 2416
3035 2417
3093 2452
3128 2516
3133 2602
3110 2684
3067 2738
3009 2761
2959 2757
.PEN_UP
.PEN_DOWN
3384 2798
3384 2794
3386 2763
3389 2711
3387 2637
3381 2555
3368 2482
3363 2430
.PEN_UP
.PEN_DOWN
3412 2797
3397 2800
3382 2808
3381 2826
3409 2847
3462 2864
3520 2862
3566 2841
3573 2805
3538 2757
3497 2716
3468 2680
3467 2647
3485 2606
3523 2551
3563 2500
3599 2458
3627 2430
.PEN_UP
.PEN_DOWN
3811 2767
3811 2766
3812 2753
3811 2725
3801 2676
3789 2609
3786 2544
3796 2490
3830 2454
3892 2439
3956 2442
.PEN_UP
.PEN_DOWN
3864 2594
3898 2592
3948 2594
3999 2599
4032 2606
.PEN_UP
.PEN_DOWN
3830 2821
3897 2828
3973 2833
4029 2835
4090 2834
.PEN_UP
.PEN_DOWN
0 0
.PEN_UP
.PEN_DOWN
0 0
.PEN_UP
.PEN_DOWN
0 0
.PEN_UP
.PEN_DOWN
0 0
.PEN_UP
.PEN_DOWN
0 0
.PEN_UP
.PEN_DOWN
0 0
.PEN_UP
.PEN_DOWN
0 0
.PEN_UP
.PEN_DOWN
0 0
.PEN_UP
.PEN_DOWN
2595 2515
2569 2509
2544 2504
2495 2472
2466 2412
2457 2356
2478 2287
2531 2250
2617 2257
2660 2284
2695 2338
2680 2411
2637 2447
2604 2457
.PEN_UP
.PEN_DOWN
3001 2493
2987 2468
2972 2421
2972 2355
2996 2299
3037 2275
3088 2284
3126 2323
3151 2382
3164 2437
.PEN_UP
.PEN_DOWN
3488 2782
3477 2749
3460 2687
3437 2602
3419 2505
3419 2413
3442 2346
3493 2309
3549 2309
.PEN_UP
.PEN_DOWN
3437 2627
3462 2625
3516 2623
3589 2625
.PEN_UP
.PEN_DOWN
2739 2898
2744 2901
2746 2904
2734 2917
2711 2932
2668 2942
2604 2943
2538 2931
2475 2909
2428 2881
2404 2846
2415 2816
2465 2789
2543 2754
2627 2714
2708 2656
2766 2587
2794 2518
2779 2448
2714 2385
2629 2339
2526 2312
2433 2309
2362 2314
.PEN_UP
.PEN_DOWN
3138 2542
3110 2532
3085 2516
3047 2469
3035 2421
3057 2375
3086 2356
3149 2358
3209 2384
3250 2425
3263 2487
3244 2519
3182 2535
.PEN_UP
.PEN_DOWN
0 0
.PEN_UP
.PEN_DOWN
0 0
.PEN_UP
.PEN_DOWN
0 0
.PEN_UP
.PEN_DOWN
0 0
.PEN_UP
.PEN_DOWN
0 0
.PEN_UP
.PEN_DOWN
0 0
.PEN_UP
.PEN_DOWN
0 0
.PEN_UP
.PEN_DOWN
0 0
.PEN_UP
.PEN_DOWN
0 0
.PEN_UP
.PEN_DOWN
0 0
.PEN_UP
.PEN_DOWN
0 0
.PEN_UP
.PEN_DOWN
0 0
.PEN_UP
.PEN_DOWN
0 0
.PEN_UP
.PEN_DOWN
0 0
.PEN_UP
.PEN_DOWN
0 0
.PEN_UP
.PEN_DOWN
0 0
.PEN_UP
.PEN_DOWN
0 0
.PEN_UP
.PEN_DOWN
2433 2816
2442 2778
2437 2716
2432 2623
2425 2540
2415 2411
2409 2345
.PEN_UP
.PEN_DOWN
2169 2808
2189 2813
2255 2815
2357 2821
2478 2835
2594 2854
2686 2865
.PEN_UP
.PEN_DOWN
2232 2297
2237 2301
2266 2308
2346 2319
2432 2327
2518 2338
2576 2349
.PEN_UP
.PEN_DOWN
2817 2766
2819 2754
2815 2721
2810 2663
2799 2583
2782 2493
2777 2411
2792 2351
2830 2323
2880 2328
.PEN_UP
.PEN_DOWN
2776 2559
2810 2561
2863 2565
.PEN_UP
.PEN_DOWN
3220 2498
3222 2506
3222 2515
3215 2524
3191 2526
3153 2523
3115 2513
3091 2493
3098 2464
3131 2435
3172 2401
3206 2373
3210 2345
3187 2327
3146 2314
.PEN_UP
.PEN_DOWN
2419 2826
2414 2795
2404 2733
2384 2643
2356 2531
2324 2421
2301 2344
2286 2309
2296 2333
2321 2410
2361 2521
2394 2644
2422 2738
2443 2794
2468 2809
2498 2778
2534 2716
2566 2624
2592 2530
2617 2444
2632 2380
2643 2342
2652 2334
.PEN_UP
.PEN_DOWN
2339 2541
2369 2536
2437 2537
2519 2539
2604 2546
.PEN_UP
.PEN_DOWN
2979 2754
2972 2720
2953 2633
2933 2566
2913 2479
2905 2411
.PEN_UP
.PEN_DOWN
2834 2701
2829 2715
2840 2741
2885 2767
2956 2787
3037 2793
3108 2779
3141 2754
3129 2716
3072 2680
3007 2652
2976 2639
2984 2633
3029 2632
3095 2627
3163 2604
3209 2561
3217 2504
3169 2444
3072 2387
2961 2346
2868 2324
.PEN_UP
.PEN_DOWN
3437 2678
3425 2687
3402 2692
3371 2675
3338 2632
3316 2568
3311 2497
3338 2437
3394 2399
3467 2394
3538 2412
3594 2458
3614 2531
3584 2607
3520 2660
3449 2683
3394 2684
.PEN_UP
.PEN_DOWN
3786 2706
3781 2687
3776 2644
3769 2583
3778 2506
3802 2447
3844 2408
3893 2402
3941 2433
3983 2499
4004 2583
4011 2652
4011 2689
.PEN_UP
.PEN_DOWN
4279 2709
4270 2699
4260 2675
4250 2625
4237 2562
4234 2506
4229 2459
4231 2451
.PEN_UP
.PEN_DOWN
4108 2774
4128 2776
4183 2769
4279 2766
4381 2772
4474 2780
.PEN_UP
.PEN_DOWN
2324 2771
2333 2761
2342 2717
2346 2644
2349 2561
2342 2479
2338 2418
2334 2390
.PEN_UP
.PEN_DOWN
2050 2754
2091 2764
2184 2777
2300 2793
2415 2805
2506 2814
2571 2819
.PEN_UP
.PEN_DOWN
2152 2333
2154 2339
2180 2345
2232 2351
2309 2359
2399 2369
2480 2381
2544 2391
.PEN_UP
.PEN_DOWN
2723 2537
2718 2504
2713 2452
2698 2392
2683 2344
2670 2322
2672 2335
2695 2385
2728 2451
2764 2501
2805 2526
2837 2523
2860 2495
2875 2449
2890 2402
2898 2366
2915 2350
.PEN_UP
.PEN_DOWN
3078 2840
3070 2810
3058 2749
3035 2659
3022 2557
3024 2470
3043 2405
3083 2376
3128 2377
.PEN_UP
.PEN_DOWN
3050 2655
3090 2654
3161 2660
.PEN_UP
.PEN_DOWN
3404 2500
3377 2482
3359 2459
3351 2415
3373 2365
3407 2350
3475 2356
3515 2376
3546 2427
3536 2474
3513 2497
.PEN_UP
.PEN_DOWN
2371 2836
2371 2805
2372 2738
2376 2645
2371 2540
2374 2451
2374 2400
.PEN_UP
.PEN_DOWN
1985 2808
1999 2810
2065 2814
2187 2828
2338 2846
2481 2862
2594 2872
2665 2883
.PEN_UP
.PEN_DOWN
2779 2966
2796 2947
2809 2900
2822 2821
2827 2726
2820 2616
2804 2516
2787 2443
2777 2408
2786 2422
2819 2485
2875 2560
2931 2614
2981 2625
3012 2601
3032 2555
3037 2497
3035 2448
.PEN_UP
.PEN_DOWN
3377 2635
3358 2642
3321 2640
3278 2614
3234 2566
3210 2510
3214 2472
3244 2461
3287 2484
3321 2523
3336 2557
3333 2570
3328 2546
3330 2503
3344 2452
3376 2416
.PEN_UP
.PEN_DOWN
3705 2642
3700 2611
3690 2557
3680 2489
3665 2433
3660 2405
3670 2410
3693 2452
3735 2520
3776 2571
3807 2587
3824 2571
3827 2530
3827 2477
3829 2435
3845 2402
.PEN_UP
.PEN_DOWN
2243 2860
2240 2824
2235 2759
2222 2660
2217 2559
2223 2470
2245 2404
2286 2369
.PEN_UP
.PEN_DOWN
2126 2634
2137 2635
2184 2633
2260 2632
2357 2640
2412 2652
.PEN_UP
.PEN_DOWN
2625 2878
2622 2850
2622 2789
2614 2702
2600 2597
2584 2493
2571 2412
2564 2369
2577 2373
2605 2412
2643 2474
2683 2524
2714 2537
2738 2515
2748 2466
2749 2407
2748 2360
2749 2332
.PEN_UP
.PEN_DOWN
2949 2489
2971 2482
3010 2477
3055 2482
3086 2494
3103 2515
3095 2531
3070 2547
3032 2551
2996 2540
2967 2500
2962 2443
2981 2394
3022 2359
3078 2346
.PEN_UP
.PEN_DOWN
3315 2576
3315 2568
3311 2541
3316 2498
3316 2447
3313 2401
3310 2375
3316 2381
3331 2417
3354 2473
3377 2515
3391 2518
3397 2488
3397 2436
3396 2387
3399 2364
3415 2376
3439 2415
3465 2468
3488 2500
3503 2501
3506 2472
3506 2427
3510 2382
3525 2353
.PEN_UP
.PEN_DOWN
2543 2666
2538 2666
2529 2675
2509 2684
2473 2689
2422 2680
2361 2648
2309 2588
2286 2513
2298 2442
2361 2402
.PEN_UP
.PEN_DOWN
3012 2614
2992 2623
2966 2632
2931 2638
2891 2629
2848 2598
2814 2545
2800 2484
2812 2438
2852 2427
2895 2447
2933 2482
2953 2528
2962 2566
2964 2582
2962 2568
2962 2531
2974 2488
3012 2453
3080 2441
.PEN_UP
.PEN_DOWN
3392 2638
3384 2629
3377 2598
3369 2540
3353 2469
3338 2407
3330 2373
3336 2379
3356 2415
3394 2479
3434 2535
3467 2563
3492 2562
3506 2536
3520 2490
3528 2448
3558 2417
.PEN_UP
.PEN_DOWN
0 0
.PEN_UP
.PEN_DOWN
0 0
.PEN_UP
.PEN_DOWN
0 0
.PEN_UP
.PEN_DOWN
0 0
.PEN_UP
.PEN_DOWN
0 0
.PEN_UP
.PEN_DOWN
0 0
.PEN_UP
.PEN_DOWN
0 0
.PEN_UP
.PEN_DOWN
0 0
.PEN_UP
.PEN_DOWN
0 0
.PEN_UP
.PEN_DOWN
0 0
.PEN_UP
.PEN_DOWN
0 0
.PEN_UP
.PEN_DOWN
0 0
.PEN_UP
.PEN_DOWN
0 0
.PEN_UP
.PEN_DOWN
0 0
.PEN_UP
.PEN_DOWN
0 0
.PEN_UP
.PEN_DOWN
0 0
.PEN_UP
.PEN_DOWN
0 0
.PEN_UP
.PEN_DOWN
0 0
.PEN_UP
.PEN_DOWN
0 0
.PEN_UP
.PEN_DOWN
0 0
.PEN_UP
.PEN_DOWN
0 0
.PEN_UP
.PEN_DOWN
2557 2849
2561 2852
2554 2861
2536 2872
2496 2876
2440 2882
2377 2876
2313 2865
2257 2842
2220 2815
2212 2789
2238 2759
2296 2728
2374 2689
2455 2634
2528 2567
2571 2503
2576 2444
2536 2397
2465 2366
2377 2350
2295 2348
2233 2351
2197 2355
.PEN_UP
.PEN_DOWN
2858 2510
2840 2505
2807 2492
2772 2468
2749 2415
2749 2384
2779 2344
2853 2332
2901 2340
2966 2377
2989 2411
2979 2472
2934 2503
2891 2511
2830 2510
.PEN_UP
.PEN_DOWN
3194 2557
3189 2535
3186 2495
3174 2438
3159 2384
3151 2349
3154 2355
3174 2387
3209 2442
3230 2484
3245 2495
3252 2478
3250 2432
3247 2386
3244 2359
3257 2363
3285 2392
3316 2443
3344 2483
3366 2490
3376 2472
3382 2435
3384 2394
3389 2363
.PEN_UP
.PEN_DOWN
3569 2511
3586 2508
3629 2505
3680 2506
3731 2520
3768 2534
3783 2559
3764 2577
3721 2593
3660 2590
3611 2562
3579 2514
3571 2457
3602 2404
3677 2373
3784 2373
.PEN_UP
.PEN_DOWN
0 0
.PEN_UP
.PEN_DOWN
0 0
.PEN_UP
.PEN_DOWN
0 0
.PEN_UP
.PEN_DOWN
0 0
.PEN_UP
.PEN_DOWN
0 0
.PEN_UP
.PEN_DOWN
0 0
.PEN_UP
.PEN_DOWN
0 0
.PEN_UP
.PEN_DOWN
0 0
.PEN_UP
.PEN_DOWN
0 0
.PEN_UP
.PEN_DOWN
0 0
.PEN_UP
.PEN_DOWN
0 0
.PEN_UP
.PEN_DOWN
0 0
.PEN_UP
.PEN_DOWN
0 0
.PEN_UP
.PEN_DOWN
0 0
.PEN_UP
.PEN_DOWN
0 0
.PEN_UP
.PEN_DOWN
0 0
.PEN_UP
.PEN_DOWN
0 0
.PEN_UP
.PEN_DOWN
2372 2945
2377 2934
2374 2901
2366 2849
2352 2762
2339 2656
2341 2557
2367 2482
2414 2441
2478 2441
.PEN_UP
.PEN_DOWN
2308 2718
2338 2715
2400 2712
2473 2711
2549 2711
.PEN_UP
.PEN_DOWN
2719 2623
2724 2617
2738 2594
2753 2554
2767 2497
2782 2446
2800 2420
2817 2426
2832 2459
2845 2499
2853 2519
2863 2506
2877 2464
2901 2425
2931 2407
2969 2430
3002 2477
3025 2546
3042 2596
.PEN_UP
.PEN_DOWN
3189 2559
3177 2547
3164 2526
3161 2489
3182 2459
3222 2449
3260 2466
3278 2499
3268 2545
3234 2583
3196 2587
.PEN_UP
.PEN_DOWN
2342 2612
2364 2628
2394 2627
2410 2608
2425 2541
2427 2493
2415 2415
2407 2387
2410 2387
2428 2430
2470 2524
2506 2581
2529 2601
2562 2582
2579 2536
2589 2479
2594 2448
2600 2426
2612 2441
2635 2490
2670 2550
2703 2587
2731 2586
2749 2541
2754 2504
2754 2452
2757 2402
.PEN_UP
.PEN_DOWN
3280 2603
3263 2613
3242 2622
3212 2619
3177 2596
3148 2550
3134 2501
3146 2467
3172 2452
3201 2466
3225 2497
3242 2539
3247 2567
3249 2582
3247 2570
3247 2537
3262 2500
3288 2466
3336 2452
.PEN_UP
.PEN_DOWN
3548 2614
3556 2592
3566 2571
3597 2550
3660 2551
3695 2561
3733 2588
3740 2599
3736 2596
3715 2560
3667 2483
3630 2420
3566 2312
3544 2262
3520 2209
.PEN_UP
.PEN_DOWN
2397 2825
2400 2810
2407 2763
2410 2690
2414 2604
2414 2520
2419 2458
2422 2421
.PEN_UP
.PEN_DOWN
2123 2805
2171 2809
2265 2816
2372 2825
2476 2834
2559 2841
.PEN_UP
.PEN_DOWN
2769 2896
2764 2875
2761 2830
2757 2753
2743 2659
2729 2562
2721 2484
2716 2438
2724 2433
2751 2469
2792 2519
2837 2546
2877 2546
2905 2520
2923 2484
2929 2443
2938 2413
.PEN_UP
.PEN_DOWN
3141 2528
3169 2531
3202 2544
3229 2560
3230 2580
3209 2592
3167 2599
3121 2588
3093 2551
3090 2501
3116 2458
3174 2435
3242 2441
.PEN_UP
.PEN_DOWN
3458 2645
3458 2642
3463 2616
3470 2578
3468 2532
3470 2492
3468 2468
3472 2473
3488 2501
3513 2550
3538 2586
3564 2592
3584 2570
3596 2526
3604 2482
3621 2447
.PEN_UP
.PEN_DOWN
0 0
.PEN_UP
.PEN_DOWN
0 0
.PEN_UP
.PEN_DOWN
0 0
.PEN_UP
.PEN_DOWN
2319 2869
2319 2869
2319 2852
2326 2814
2329 2743
2329 2653
2326 2550
2318 2461
2314 2402
.PEN_UP
.PEN_DOWN
2268 2895
2276 2895
2308 2891
2377 2890
2466 2891
2544 2898
2607 2907
2653 2914
.PEN_UP
.PEN_DOWN
2290 2643
2304 2639
2347 2637
2415 2639
2483 2645
.PEN_UP
.PEN_DOWN
2835 2525
2834 2511
2830 2473
2827 2428
2824 2395
.PEN_UP
.PEN_DOWN
2852 2683
2855 2678
.PEN_UP
.PEN_DOWN
3020 2542
3025 2515
3025 2475
3027 2441
3025 2421
3024 2427
3035 2459
3057 2501
3093 2539
3136 2562
3172 2575
.PEN_UP
.PEN_DOWN
3336 2555
3326 2563
3305 2566
3282 2562
3267 2539
3267 2506
3273 2467
3278 2436
3270 2408
3258 2401
.PEN_UP
.PEN_DOWN
3468 2797
3463 2789
3460 2758
3452 2712
3445 2645
3444 2583
3454 2531
3478 2497
3501 2489
.PEN_UP
.PEN_DOWN
3472 2656
3501 2660
3553 2666
.PEN_UP
.PEN_DOWN
2592 2940
2582 2907
2559 2835
2529 2737
2488 2621
2442 2513
2409 2431
2392 2399
2395 2422
2417 2493
2452 2597
2490 2712
2529 2809
2564 2870
2592 2888
2615 2870
2635 2814
2657 2740
2673 2654
2696 2566
2728 2480
2754 2408
2779 2360
.PEN_UP
.PEN_DOWN
2491 2571
2501 2573
2538 2575
2599 2580
2668 2586
.PEN_UP
.PEN_DOWN
3090 2661
3096 2621
3096 2559
3085 2483
3073 2425
3068 2396
3077 2415
3100 2470
3136 2547
3176 2602
3214 2622
3242 2604
3262 2561
3270 2510
3272 2467
3278 2443
.PEN_UP
.PEN_DOWN
3490 2642
3508 2619
3536 2596
3578 2586
3622 2597
3654 2619
3670 2642
3673 2656
3663 2652
3647 2613
3616 2537
3578 2439
3536 2329
3500 2237
3482 2174
.PEN_UP
.PEN_DOWN
0 0
.PEN_UP
.PEN_DOWN
0 0
.PEN_UP
.PEN_DOWN
0 0
.PEN_UP
.PEN_DOWN
2501 2867
2498 2833
2491 2751
2483 2645
2468 2528
2450 2428
.PEN_UP
.PEN_DOWN
2486 2821
2488 2823
2490 2823
2496 2819
2511 2790
2544 2737
2581 2659
2625 2575
2676 2503
2716 2449
2751 2428
2774 2444
2796 2501
2814 2599
2827 2709
2835 2794
2834 2852
2837 2882
.PEN_UP
.PEN_DOWN
3164 2885
3143 2870
3115 2834
3082 2769
3057 2673
3050 2578
3080 2504
3134 2467
3194 2467
3250 2497
3290 2551
3305 2627
3291 2707
3257 2777
3214 2821
3166 2844
.PEN_UP
.PEN_DOWN
3576 2852
3579 2860
3584 2850
3589 2807
3599 2745
3607 2670
3619 2603
3630 2560
3644 2547
3662 2572
3687 2627
3703 2705
3720 2769
3730 2797
3735 2773
3740 2712
3746 2633
3763 2566
3791 2530
3826 2534
3859 2577
3893 2659
3920 2754
3936 2824
3945 2860
.PEN_UP
.PEN_DOWN
2557 2851
2561 2856
2556 2862
2536 2872
2496 2871
2440 2866
2379 2847
2329 2823
2300 2793
2295 2764
2324 2737
2377 2707
2445 2663
2508 2602
2549 2541
2562 2484
2534 2435
2468 2402
2372 2381
2273 2375
2192 2373
2137 2371
.PEN_UP
.PEN_DOWN
2916 2875
2911 2869
2896 2844
2881 2794
2873 2720
2868 2633
2885 2552
2924 2490
2971 2461
3027 2464
3078 2509
3118 2577
3143 2665
3153 2745
3153 2799
3153 2833
.PEN_UP
.PEN_DOWN
3627 2882
3602 2886
3556 2886
3506 2875
3455 2846
3419 2799
3391 2732
3382 2656
3397 2582
3440 2528
3516 2503
3606 2510
.PEN_UP
.PEN_DOWN
3938 2893
3936 2885
3933 2851
3926 2797
3910 2725
3903 2654
3900 2592
3902 2546
.PEN_UP
.PEN_DOWN
3913 2728
3935 2725
3983 2727
4040 2733
4085 2746
.PEN_UP
.PEN_DOWN
4115 2928
4113 2916
4110 2886
4102 2831
4083 2756
4067 2660
4060 2566
.PEN_UP
.PEN_DOWN
2248 2917
2255 2904
2260 2871
2257 2815
2247 2737
2225 2640
2205 2547
2195 2472
2205 2428
2261 2422
2356 2441
2450 2464
2534 2482
.PEN_UP
.PEN_DOWN
2971 2895
2966 2880
2962 2841
2964 2769
2962 2683
2962 2599
2961 2539
.PEN_UP
.PEN_DOWN
2984 3097
2992 3090
.PEN_UP
.PEN_DOWN
3318 2898
3321 2907
3328 2898
3336 2845
3336 2790
3325 2690
3318 2634
3318 2586
3359 2587
3465 2660
3543 2727
3635 2809
3697 2862
.PEN_UP
.PEN_DOWN
3602 2753
3607 2725
3614 2674
3621 2609
3629 2549
3645 2503
.PEN_UP
.PEN_DOWN
3974 2896
3978 2888
3983 2869
3981 2826
3974 2768
3958 2699
3954 2630
3964 2578
4004 2547
4070 2545
4141 2555
4196 2571
.PEN_UP
.PEN_DOWN
4006 2762
4032 2759
4082 2753
4131 2753
4164 2759
4176 2768
.PEN_UP
.PEN_DOWN
3979 2964
4014 2974
4078 2983
4148 2991
4207 2994
.PEN_UP
.PEN_DOWN
2369 2849
2334 2840
2291 2816
2247 2774
2200 2709
2167 2619
2152 2523
2162 2441
2205 2386
2265 2364
2334 2377
2400 2416
2458 2473
2496 2542
2511 2613
2505 2684
2476 2746
2430 2789
2369 2809
2298 2810
2240 2792
.PEN_UP
.PEN_DOWN
2809 2793
2810 2779
2804 2759
2799 2694
2792 2616
2797 2550
2822 2463
2847 2427
2895 2410
2948 2422
3004 2463
3043 2528
3065 2607
3077 2676
3077 2742
3080 2766
3082 2785
3078 2789
.PEN_UP
.PEN_DOWN
3336 2793
3339 2776
3338 2732
3338 2670
3331 2591
3325 2516
3320 2454
.PEN_UP
.PEN_DOWN
3333 2785
3321 2788
3316 2802
3336 2824
3386 2852
3449 2873
3508 2875
3549 2861
3559 2825
3525 2777
3473 2732
3425 2697
3391 2674
3374 2659
3387 2639
3415 2614
3457 2573
3511 2530
3559 2489
3604 2454
3634 2433
.PEN_UP
.PEN_DOWN
2632 2922
2615 2924
2586 2922
2548 2912
2503 2888
2453 2849
2407 2792
2364 2723
2341 2640
2334 2555
2349 2478
2387 2412
2440 2363
2506 2330
2577 2322
2657 2334
2731 2365
2792 2413
2840 2480
2868 2551
2875 2627
2863 2701
2837 2768
2791 2826
2733 2866
2660 2885
2592 2888
.PEN_UP
.PEN_DOWN
3128 2580
3125 2588
3125 2586
3131 2561
3136 2515
3146 2464
3158 2417
3174 2394
3201 2404
3232 2446
3260 2513
3278 2581
3291 2629
3300 2653
.PEN_UP
.PEN_DOWN
3401 2525
3406 2525
3427 2524
3465 2524
3516 2536
3558 2555
3582 2583
3579 2608
3549 2628
3500 2629
3455 2608
3422 2563
3409 2508
3424 2456
3473 2418
3548 2410
3625 2422
.PEN_UP
.PEN_DOWN
3852 2632
3852 2632
3854 2622
3860 2594
3862 2554
3859 2511
3855 2482
3845 2474
3837 2497
3840 2541
3862 2588
3907 2625
3958 2654
4002 2665
4027 2669
.PEN_UP
.PEN_DOWN
2261 2867
2268 2831
2273 2763
2268 2658
2260 2525
2250 2404
2247 2325
.PEN_UP
.PEN_DOWN
2268 2836
2273 2851
2278 2859
2290 2852
2309 2820
2336 2762
2367 2692
2395 2624
2419 2582
2445 2570
2476 2599
2511 2663
2543 2745
2569 2814
2592 2847
2614 2845
2632 2803
2645 2726
2655 2628
2658 2529
2663 2437
2667 2366
.PEN_UP
.PEN_DOWN
3014 2554
2981 2567
2948 2571
2905 2561
2868 2520
2847 2461
2855 2410
2898 2391
2939 2413
2964 2441
2979 2492
2987 2530
2987 2540
2984 2516
2987 2472
2996 2421
3017 2379
3050 2361
.PEN_UP
.PEN_DOWN
3182 2565
3187 2546
3199 2503
3204 2468
3207 2417
3207 2384
3209 2376
3220 2399
3242 2452
3285 2519
3310 2537
3338 2528
3358 2490
3373 2423
3387 2376
.PEN_UP
.PEN_DOWN
0 0
.PEN_UP
.PEN_DOWN
0 0
.PEN_UP
.PEN_DOWN
0 0
.PEN_UP
.PEN_DOWN
0 0
.PEN_UP
.PEN_DOWN
0 0
.PEN_UP
.PEN_DOWN
0 0
.PEN_UP
.PEN_DOWN
0 0
.PEN_UP
.PEN_DOWN
0 0
.PEN_UP
.PEN_DOWN
0 0
.PEN_UP
.PEN_DOWN
0 0
.PEN_UP
.PEN_DOWN
0 0
.PEN_UP
.PEN_DOWN
0 0
.PEN_UP
.PEN_DOWN
0 0
.PEN_UP
.PEN_DOWN
0 0
.PEN_UP
.PEN_DOWN
0 0
.PEN_UP
.PEN_DOWN
0 0
.PEN_UP
.PEN_DOWN
0 0
.PEN_UP
.PEN_DOWN
0 0
.PEN_UP
.PEN_DOWN
0 0
.PEN_UP
.PEN_DOWN
0 0
.PEN_UP
.PEN_DOWN
0 0
.PEN_UP
.PEN_DOWN
0 0
.PEN_UP
.PEN_DOWN
0 0
.PEN_UP
.PEN_DOWN
0 0
.PEN_UP
.PEN_DOWN
0 0
.PEN_UP
.PEN_DOWN
2471 2895
2465 2873
2450 2819
2430 2722
2400 2603
2362 2482
2328 2391
2311 2344
2316 2345
2341 2399
2377 2489
2412 2611
2440 2726
2466 2805
2491 2846
2524 2851
2557 2814
2581 2745
2597 2654
2612 2557
2624 2469
2643 2408
.PEN_UP
.PEN_DOWN
2468 2555
2490 2549
2529 2542
.PEN_UP
.PEN_DOWN
2886 2365
2886 2365
2883 2369
2875 2385
2870 2420
2865 2475
2872 2551
2895 2647
2929 2736
2964 2800
2997 2835
3039 2838
3070 2813
.PEN_UP
.PEN_DOWN
2862 2582
2863 2581
2888 2577
2928 2577
2979 2575
.PEN_UP
.PEN_DOWN
3311 2821
3308 2804
3303 2759
3298 2695
3293 2618
3291 2540
3301 2479
3328 2441
3363 2436
.PEN_UP
.PEN_DOWN
3277 2680
3303 2678
3343 2671
3382 2670
.PEN_UP
.PEN_DOWN
3553 2575
3582 2573
3604 2577
3630 2583
3645 2592
3645 2606
3629 2621
3604 2625
3584 2621
3559 2598
3548 2557
3553 2503
3576 2477
3619 2459
.PEN_UP
.PEN_DOWN
3809 2629
3809 2622
3814 2594
3814 2571
3807 2535
3801 2504
3801 2501
3804 2515
3822 2547
3854 2578
3907 2608
3938 2616
.PEN_UP
.PEN_DOWN
2561 2582
2561 2597
2556 2613
2534 2632
2505 2639
2457 2629
2410 2591
2381 2534
2376 2472
2389 2423
2428 2411
2470 2428
2505 2463
2523 2508
2528 2549
2531 2580
2531 2583
2529 2557
2536 2503
2559 2443
2609 2399
2686 2391
.PEN_UP
.PEN_DOWN
2994 2912
2994 2912
2992 2892
2989 2847
2982 2776
2976 2685
2969 2581
2981 2493
3019 2435
.PEN_UP
.PEN_DOWN
3439 2706
3414 2707
3391 2702
3366 2671
3366 2642
3391 2586
3411 2556
3425 2520
3411 2488
3379 2479
3366 2477
.PEN_UP
.PEN_DOWN
3624 2601
3617 2601
3599 2594
3586 2567
3591 2532
3621 2501
3672 2494
3695 2506
3706 2546
3690 2585
3652 2606
.PEN_UP
.PEN_DOWN
2710 2518
2710 2526
2706 2541
2685 2559
2652 2573
2609 2580
2561 2562
2526 2526
2514 2470
2519 2408
2548 2364
2595 2358
2655 2390
2708 2444
.PEN_UP
.PEN_DOWN
2759 2841
2757 2835
2749 2809
2741 2761
2729 2685
2714 2588
2714 2493
2738 2417
2777 2370
.PEN_UP
.PEN_DOWN
3086 2506
3085 2483
3085 2442
3085 2397
3093 2370
.PEN_UP
.PEN_DOWN
3088 2685
3088 2685
.PEN_UP
.PEN_DOWN
3556 2541
3543 2549
3518 2557
3488 2565
3454 2560
3417 2540
3391 2497
3384 2442
3399 2394
3435 2374
3482 2390
3521 2428
3554 2488
.PEN_UP
.PEN_DOWN
3645 2788
3640 2762
3632 2720
3612 2656
3587 2571
3578 2497
3592 2435
3624 2401
3673 2395
.PEN_UP
.PEN_DOWN
0 0
.PEN_UP
.PEN_DOWN
0 0
.PEN_UP
.PEN_DOWN
0 0
.PEN_UP
.PEN_DOWN
0 0
.PEN_UP
.PEN_DOWN
2463 2976
2460 2969
2460 2938
2462 2877
2460 2788
2453 2684
2442 2590
2433 2528
2432 2497
2435 2510
2458 2551
2498 2587
2536 2592
2577 2573
2590 2537
2579 2503
2546 2489
2505 2494
2475 2514
.PEN_UP
.PEN_DOWN
2895 2616
2921 2611
2956 2612
2986 2623
3001 2640
2996 2663
2962 2678
2918 2683
2877 2669
2852 2633
2855 2591
2890 2560
2954 2551
.PEN_UP
.PEN_DOWN
3387 2514
3376 2519
3354 2541
3338 2582
3321 2644
3318 2727
3336 2828
3369 2909
3411 2966
3457 3000
3497 3004
.PEN_UP
.PEN_DOWN
3249 2704
3268 2706
3296 2709
3351 2706
3411 2704
.PEN_UP
.PEN_DOWN
3786 2674
3773 2673
3741 2658
3713 2624
3705 2580
3721 2542
3763 2532
3802 2549
3827 2578
3826 2621
3796 2645
.PEN_UP
.PEN_DOWN
3994 2671
3993 2653
3991 2625
3988 2591
3986 2567
3983 2563
3984 2583
3996 2619
4019 2665
4055 2700
4085 2718
.PEN_UP
.PEN_DOWN
4224 2643
4234 2642
4260 2645
4298 2653
4331 2665
4351 2680
4341 2692
4315 2697
4277 2689
4241 2659
4227 2617
4252 2577
4320 2557
.PEN_UP
.PEN_DOWN
2179 2895
2180 2871
2185 2810
2189 2718
2179 2612
2172 2516
.PEN_UP
.PEN_DOWN
2182 2861
2182 2861
2187 2857
2195 2835
2209 2795
2230 2743
2260 2694
2296 2663
2336 2665
2372 2692
2407 2743
2437 2800
2452 2839
2465 2847
2466 2814
2468 2748
2466 2663
2470 2578
2471 2510
2480 2467
.PEN_UP
.PEN_DOWN
2719 2790
2713 2769
2714 2728
2726 2674
2756 2612
2802 2566
2857 2557
2908 2576
2943 2625
2951 2704
2948 2777
2941 2820
.PEN_UP
.PEN_DOWN
3311 2852
3285 2860
3247 2864
3217 2855
3204 2830
3224 2795
3267 2759
3313 2716
3346 2674
3348 2633
3320 2601
3280 2581
.PEN_UP
.PEN_DOWN
3622 2842
3622 2839
3625 2816
3622 2776
3617 2716
3609 2653
3599 2601
3599 2567
.PEN_UP
.PEN_DOWN
3495 2895
3528 2895
3601 2896
3693 2897
3789 2893
.PEN_UP
.PEN_DOWN
0 0
.PEN_UP
.PEN_DOWN
0 0
.PEN_UP
.PEN_DOWN
0 0
.PEN_UP
.PEN_DOWN
0 0
.PEN_UP
.PEN_DOWN
0 0
.PEN_UP
.PEN_DOWN
0 0
.PEN_UP
.PEN_DOWN
0 0
.PEN_UP
.PEN_DOWN
0 0
.PEN_UP
.PEN_DOWN
2354 2896
2364 2873
2377 2813
2389 2722
2394 2627
2395 2545
2402 2494
.PEN_UP
.PEN_DOWN
2134 2798
2128 2809
2146 2831
2204 2855
2296 2877
2387 2881
2458 2864
2495 2830
2486 2784
2428 2736
2361 2702
2319 2686
2319 2683
2362 2689
2427 2680
2501 2656
2556 2612
2586 2561
2574 2506
2526 2457
2455 2427
2390 2415
.PEN_UP
.PEN_DOWN
2936 2604
2933 2604
2916 2611
2890 2611
2847 2587
2815 2544
2802 2498
2809 2462
2838 2461
2873 2490
2900 2528
2913 2562
2921 2573
2921 2549
2929 2505
2951 2458
2991 2431
3043 2432
.PEN_UP
.PEN_DOWN
3316 2611
3308 2619
3300 2627
3275 2627
3230 2601
3196 2556
3187 2504
3199 2470
3245 2451
3313 2463
.PEN_UP
.PEN_DOWN
3586 2901
3573 2893
3563 2859
3556 2797
3544 2710
3526 2623
3510 2550
3510 2510
.PEN_UP
.PEN_DOWN
3536 2597
3563 2609
3621 2638
3662 2659
.PEN_UP
.PEN_DOWN
3596 2639
3597 2628
3607 2598
3627 2559
3652 2521
3677 2494
.PEN_UP
.PEN_DOWN
0 0
.PEN_UP
.PEN_DOWN
0 0
.PEN_UP
.PEN_DOWN
0 0
.PEN_UP
.PEN_DOWN
0 0
.PEN_UP
.PEN_DOWN
0 0
.PEN_UP
.PEN_DOWN
0 0
.PEN_UP
.PEN_DOWN
0 0
.PEN_UP
.PEN_DOWN
0 0
.PEN_UP
.PEN_DOWN
0 0
.PEN_UP
.PEN_DOWN
2309 2943
2333 2927
2369 2890
2412 2835
2457 2776
2496 2730
2533 2702
.PEN_UP
.PEN_DOWN
2731 2931
2719 2913
2696 2876
2662 2803
2609 2696
2544 2575
2485 2463
2447 2379
.PEN_UP
.PEN_DOWN
2867 2572
2852 2561
2825 2529
2809 2478
2809 2421
2838 2385
2888 2386
2933 2416
2954 2466
2946 2516
2916 2555
.PEN_UP
.PEN_DOWN
3156 2523
3148 2509
3143 2477
3154 2437
3186 2405
3235 2399
3280 2423
3308 2467
3318 2519
3316 2559
.PEN_UP
.PEN_DOWN
3548 2563
3551 2561
3551 2532
3548 2501
3538 2437
3530 2407
3530 2401
3536 2430
3551 2472
3591 2535
3657 2583
3706 2599
3736 2603
.PEN_UP
.PEN_DOWN
2385 2891
2385 2888
2390 2865
2402 2802
2417 2715
2433 2616
2453 2536
2485 2499
2518 2511
2543 2565
2557 2630
2566 2679
2576 2683
2589 2639
2610 2562
2637 2480
2672 2426
2713 2415
2749 2449
2782 2532
2812 2643
2834 2749
2847 2821
.PEN_UP
.PEN_DOWN
3153 2602
3149 2624
3139 2644
3113 2660
3078 2664
3042 2640
3012 2597
3001 2549
3014 2521
3042 2525
3073 2551
3096 2587
3110 2616
3115 2622
3115 2592
3120 2544
3144 2500
3187 2478
.PEN_UP
.PEN_DOWN
3316 2644
3325 2624
3349 2599
3396 2588
3442 2597
3477 2619
3485 2637
3480 2638
3463 2611
3440 2549
3402 2452
3359 2337
3334 2242
.PEN_UP
.PEN_DOWN
0 0
.PEN_UP
.PEN_DOWN
0 0
.PEN_UP
.PEN_DOWN
0 0
.PEN_UP
.PEN_DOWN
0 0
.PEN_UP
.PEN_DOWN
2452 2829
2448 2829
2450 2808
2455 2754
2453 2679
2452 2597
2448 2532
2447 2503
.PEN_UP
.PEN_DOWN
2352 2898
2414 2887
2493 2859
2571 2804
2620 2723
2635 2643
2595 2559
2506 2487
2399 2431
2316 2399
.PEN_UP
.PEN_DOWN
2881 2846
2858 2810
2835 2743
2835 2654
2870 2570
2936 2516
3015 2511
3083 2545
3121 2608
3115 2687
3068 2764
3009 2810
2949 2824
.PEN_UP
.PEN_DOWN
3268 2873
3282 2823
3291 2773
3308 2692
3336 2619
3354 2601
3384 2616
3406 2669
3417 2723
3422 2748
3429 2736
3437 2684
3452 2608
3495 2549
3535 2546
3571 2592
3594 2650
3612 2746
3629 2820
.PEN_UP
.PEN_DOWN
3869 2815
3862 2777
3844 2707
3816 2622
3792 2551
.PEN_UP
.PEN_DOWN
3844 2828
3854 2803
3873 2745
3902 2668
3941 2598
3991 2561
4032 2556
4070 2593
4093 2669
4108 2771
4118 2856
4123 2906
.PEN_UP
.PEN_DOWN
2390 2566
2389 2582
2376 2594
2351 2607
2303 2608
2252 2598
2220 2578
2233 2546
2281 2511
2344 2467
2392 2428
2400 2386
2352 2342
2276 2307
2220 2280
.PEN_UP
.PEN_DOWN
2624 2854
2624 2871
2627 2881
2635 2872
2650 2836
2663 2768
2663 2670
2658 2561
2645 2464
2633 2399
2629 2366
2638 2385
2667 2446
2713 2506
2762 2539
2802 2529
2832 2490
2843 2431
2842 2376
2837 2340
.PEN_UP
.PEN_DOWN
3035 2513
3015 2484
2999 2436
3009 2382
3043 2350
3091 2354
3125 2381
3131 2428
3105 2474
3058 2494
.PEN_UP
.PEN_DOWN
3260 2540
3255 2513
3253 2468
3265 2408
3298 2373
3343 2370
3377 2397
3396 2448
3404 2498
.PEN_UP
.PEN_DOWN
3601 2790
3597 2759
3591 2705
3569 2602
3551 2532
3546 2447
3564 2377
.PEN_UP
.PEN_DOWN
3933 2514
3916 2521
3893 2535
3864 2544
3824 2540
3789 2511
3756 2461
3745 2404
3751 2363
3776 2349
3819 2371
3857 2417
3887 2487
3902 2570
3910 2647
3916 2696
3920 2723
3920 2723
3913 2679
3898 2604
3893 2519
3908 2448
3951 2402
4017 2399
.PEN_UP
.PEN_DOWN
2506 2911
2505 2885
2508 2830
2508 2738
2503 2619
2495 2503
2490 2416
2493 2359
.PEN_UP
.PEN_DOWN
2430 2580
2481 2580
2559 2590
2630 2609
2691 2627
.PEN_UP
.PEN_DOWN
2744 2926
2744 2926
2743 2898
2741 2861
2736 2753
2724 2643
2719 2555
2713 2449
2718 2360
.PEN_UP
.PEN_DOWN
3138 2841
3133 2829
3131 2790
3129 2730
3120 2653
3101 2562
3093 2479
3103 2420
3144 2389
3212 2387
3282 2396
.PEN_UP
.PEN_DOWN
3197 2634
3239 2639
3293 2645
3344 2650
.PEN_UP
.PEN_DOWN
3153 2901
3206 2906
3290 2913
3373 2926
3440 2935
.PEN_UP
.PEN_DOWN
0 0
.PEN_UP
.PEN_DOWN
0 0
.PEN_UP
.PEN_DOWN
0 0
.PEN_UP
.PEN_DOWN
0 0
.PEN_UP
.PEN_DOWN
0 0
.PEN_UP
.PEN_DOWN
0 0
.PEN_UP
.PEN_DOWN
0 0
.PEN_UP
.PEN_DOWN
0 0
.PEN_UP
.PEN_DOWN
2384 2904
2384 2904
2384 2911
2376 2913
2357 2913
2336 2904
2309 2892
2280 2876
2250 2854
2228 2826
2207 2794
2194 2756
2185 2707
2180 2654
2180 2603
2190 2556
2204 2515
2230 2478
2266 2443
2308 2416
2354 2395
2402 2382
2448 2376
2490 2382
2531 2396
2569 2416
2597 2439
2624 2469
2645 2508
2657 2544
2667 2578
2678 2613
2680 2644
2683 2679
2683 2712
2676 2740
2667 2769
2653 2794
2635 2813
2620 2836
2602 2856
2584 2873
2566 2887
2548 2898
2528 2907
2514 2913
2500 2921
2483 2924
2466 2926
2447 2924
2422 2924
2392 2922
.PEN_UP
.PEN_DOWN
2958 2439
2956 2433
2956 2428
2956 2428
2956 2426
2954 2430
2953 2438
2951 2456
2944 2477
2938 2509
2931 2544
2923 2577
2916 2617
2910 2656
2908 2695
2911 2735
2915 2769
2924 2802
2938 2833
2962 2865
2986 2892
3007 2913
3030 2929
3057 2940
3085 2944
3115 2942
3133 2931
3146 2914
3156 2901
.PEN_UP
.PEN_DOWN
2910 2656
2900 2656
2898 2656
2905 2654
2923 2658
2951 2664
2984 2666
3017 2671
3037 2670
3048 2669
.PEN_UP
.PEN_DOWN
2447 2989
2443 2979
2432 2954
2412 2909
2384 2834
2346 2731
2304 2609
2261 2488
2232 2390
2217 2323
.PEN_UP
.PEN_DOWN
2443 2978
2442 2981
2442 2985
2442 2985
2442 2988
2442 2988
2442 2980
2445 2964
2453 2938
2460 2901
2473 2854
2490 2799
2506 2732
2528 2661
2548 2582
2569 2509
2587 2444
2605 2389
2617 2345
2624 2315
2630 2296
.PEN_UP
.PEN_DOWN
2336 2622
2326 2622
2324 2622
2326 2622
2344 2623
2371 2624
2407 2628
2450 2628
2488 2627
2524 2627
2551 2625
2566 2628
2576 2629
.PEN_UP
.PEN_DOWN
2908 2964
2908 2966
2908 2966
2910 2957
2910 2937
2911 2900
2913 2841
2915 2766
2915 2675
2911 2580
2906 2466
2895 2387
2890 2329
.PEN_UP
.PEN_DOWN
2896 2963
2896 2969
2896 2973
2896 2970
2898 2965
2908 2949
2923 2928
2943 2901
2961 2865
2977 2825
2996 2779
3012 2733
3027 2686
3043 2640
3067 2594
3088 2552
3108 2511
3126 2473
3146 2441
3161 2411
3179 2391
3192 2371
3194 2359
3201 2353
3201 2349
3201 2351
3202 2363
3202 2389
3202 2421
3196 2467
3192 2513
3187 2568
3182 2627
3181 2689
3176 2756
3171 2818
3166 2872
3159 2918
3153 2953
3144 2979
3146 2989
.PEN_UP
.PEN_DOWN
3576 2953
3578 2955
3578 2949
3576 2939
3573 2917
3569 2890
3569 2823
3566 2756
3568 2675
3569 2596
3566 2541
3561 2478
3559 2425
3559 2396
.PEN_UP
.PEN_DOWN
3563 2978
3554 2975
3558 2975
3564 2979
3582 2981
3607 2983
3635 2988
3668 2988
3700 2986
3736 2986
3771 2985
3807 2979
3837 2970
3857 2954
3878 2939
3892 2919
3905 2896
3915 2866
3925 2838
3930 2809
3931 2778
3930 2745
3926 2710
3920 2671
3911 2634
3898 2601
3885 2566
3870 2531
3852 2501
3840 2477
3821 2456
3804 2439
3786 2427
3769 2416
3749 2404
3726 2396
3700 2390
3675 2385
3650 2379
3622 2377
3592 2373
3564 2374
3544 2375
3538 2377
.PEN_UP
.PEN_DOWN
0 0
.PEN_UP
.PEN_DOWN
0 0
.PEN_UP
.PEN_DOWN
0 0
.PEN_UP
