
.WRITER_ID Dave_Washburn
.STYLE MIXED

.PEN_DOWN
777 15430
772 15414
765 15391
745 15357
724 15321
707 15291
698 15277
.PEN_UP
.PEN_DOWN
718 15421
710 15420
707 15420
704 15421
703 15421
704 15427
714 15434
731 15445
758 15458
793 15467
831 15468
870 15458
890 15445
892 15430
875 15411
849 15398
815 15391
784 15388
763 15394
756 15400
.PEN_UP
.PEN_DOWN
921 15394
937 15397
964 15401
987 15410
1000 15418
1004 15424
1000 15434
980 15441
955 15441
929 15437
909 15427
898 15414
898 15407
911 15399
.PEN_UP
.PEN_DOWN
1039 15384
1041 15380
1043 15378
1039 15387
1035 15404
1037 15424
1044 15444
1059 15455
1080 15464
1101 15464
1114 15460
1121 15458
1121 15455
1119 15458
.PEN_UP
.PEN_DOWN
1257 15578
1264 15571
1268 15561
1266 15544
1255 15517
1234 15478
1209 15434
1193 15397
1186 15374
1186 15363
.PEN_UP
.PEN_DOWN
1310 15464
1309 15465
1290 15470
1251 15467
1209 15470
1173 15471
1147 15475
1136 15480
.PEN_UP
.PEN_DOWN
546 15026
545 15008
540 14979
532 14943
521 14901
510 14867
506 14852
506 14849
510 14859
.PEN_UP
.PEN_DOWN
461 14973
462 14969
464 14970
475 14977
489 14990
512 15007
551 15024
597 15034
646 15033
683 15016
693 14996
680 14974
651 14957
620 14949
587 14949
563 14953
550 14963
.PEN_UP
.PEN_DOWN
711 14923
718 14920
722 14923
728 14929
731 14940
724 14957
708 14974
694 14987
689 14993
688 14994
694 14996
713 15000
739 15003
767 15004
786 15006
795 15004
797 15003
.PEN_UP
.PEN_DOWN
849 15007
853 15000
853 14987
845 14967
838 14946
829 14928
826 14923
.PEN_UP
.PEN_DOWN
921 14923
921 14920
920 14917
919 14918
918 14919
916 14917
914 14916
914 14913
913 14909
913 14907
913 14906
913 14906
915 14906
918 14913
926 14923
933 14940
942 14957
948 14973
949 14977
949 14979
944 14977
939 14973
935 14969
935 14968
935 14967
942 14974
957 14982
974 14990
998 15000
1016 15007
1028 15007
1032 15004
1032 14995
1021 14976
1009 14957
1001 14943
1000 14939
1002 14943
1017 14956
1036 14970
1058 14984
1086 14997
1106 15003
1119 15003
1123 15000
1122 14994
1115 14977
1104 14959
1093 14940
1086 14923
1086 14915
1091 14913
.PEN_UP
.PEN_DOWN
1192 15019
1193 15016
1194 15016
1199 15016
1207 15017
1219 15020
1237 15020
1252 15019
1263 15014
1266 15001
1262 14984
1253 14967
1244 14950
1235 14933
1229 14926
1229 14923
1229 14926
1231 14933
1234 14946
1229 14957
1218 14968
1196 14975
1170 14974
1149 14966
1138 14953
1134 14939
1139 14923
1158 14909
1184 14903
1209 14903
1223 14903
1231 14908
1236 14919
.PEN_UP
.PEN_DOWN
1316 14923
1316 14916
1316 14910
1316 14910
1315 14916
1313 14930
1316 14945
1320 14959
1326 14969
1335 14977
1347 14984
1365 14989
1387 14993
1406 14994
1421 14993
1430 14989
1434 14983
1437 14979
1439 14979
1443 14989
.PEN_UP
.PEN_DOWN
1526 14936
1534 14930
1538 14933
1542 14933
1544 14933
1545 14933
1545 14930
1543 14926
1537 14917
1529 14903
1523 14886
1518 14868
1514 14855
1514 14850
.PEN_UP
.PEN_DOWN
1753 15157
1760 15161
1760 15161
1762 15156
1762 15150
1760 15144
1758 15136
1753 15124
1745 15108
1723 15076
1693 15027
1661 14967
1637 14908
1628 14872
1627 14864
.PEN_UP
.PEN_DOWN
1782 15014
1786 15010
1784 15002
1763 14980
1737 14958
1719 14940
1712 14930
1715 14926
1741 14926
1777 14934
1810 14946
1838 14953
1851 14956
1857 14953
1858 14946
1851 14933
1840 14916
1824 14890
1803 14846
1777 14790
1757 14733
1743 14690
1737 14670
1732 14673
.PEN_UP
.PEN_DOWN
1576 15064
1589 15064
1602 15070
1613 15084
.PEN_UP
.PEN_DOWN
570 14575
569 14562
560 14536
544 14499
521 14456
499 14408
487 14372
484 14349
485 14345
496 14356
512 14388
521 14426
.PEN_UP
.PEN_DOWN
489 14518
488 14518
492 14523
506 14533
521 14543
545 14556
579 14565
620 14562
659 14543
682 14518
683 14495
663 14475
635 14462
598 14459
566 14468
545 14478
.PEN_UP
.PEN_DOWN
728 14525
723 14516
718 14506
707 14495
697 14484
692 14472
702 14466
723 14462
743 14468
765 14482
782 14498
795 14516
800 14533
803 14542
802 14546
.PEN_UP
.PEN_DOWN
870 14569
868 14566
864 14565
862 14565
862 14565
862 14565
866 14566
875 14566
888 14569
908 14569
929 14568
946 14566
952 14566
953 14565
950 14562
935 14555
911 14543
885 14532
864 14516
853 14503
847 14493
849 14482
860 14472
882 14466
908 14468
931 14472
946 14476
952 14479
955 14482
952 14482
.PEN_UP
.PEN_DOWN
1003 14585
1002 14579
1000 14575
1000 14573
1008 14575
1024 14579
1050 14579
1073 14575
1087 14569
1091 14559
1084 14545
1062 14528
1034 14515
1011 14499
998 14485
996 14472
1007 14456
1028 14442
1054 14438
1075 14438
1088 14444
1095 14456
.PEN_UP
.PEN_DOWN
1216 14660
1222 14665
1228 14669
1234 14670
1236 14672
1237 14670
1236 14663
1224 14644
1205 14616
1180 14579
1156 14532
1139 14488
1130 14458
1130 14446
1139 14452
.PEN_UP
.PEN_DOWN
1258 14539
1257 14533
1259 14529
1265 14525
1281 14526
1298 14532
1313 14536
1322 14543
1324 14546
1316 14548
1292 14548
1263 14539
1242 14526
1227 14512
1221 14498
1224 14486
1238 14476
1252 14472
1268 14472
1283 14478
1301 14487
.PEN_UP
.PEN_DOWN
1452 14543
1450 14543
1423 14536
1380 14522
1344 14503
1324 14488
1322 14475
1341 14465
1373 14462
1408 14469
1442 14489
1471 14518
1491 14556
1503 14605
1506 14655
1505 14703
1502 14736
1499 14750
1499 14750
1497 14743
1493 14733
.PEN_UP
.PEN_DOWN
682 14165
683 14154
676 14134
663 14104
646 14071
624 14032
599 13998
582 13974
573 13965
572 13965
582 13978
596 14001
.PEN_UP
.PEN_DOWN
588 14106
586 14105
585 14108
588 14114
597 14127
612 14138
636 14151
670 14161
713 14161
758 14148
784 14128
787 14108
772 14088
749 14074
719 14065
688 14064
664 14068
648 14074
.PEN_UP
.PEN_DOWN
798 14037
801 14036
813 14041
825 14052
832 14069
831 14092
825 14108
819 14118
818 14118
819 14121
830 14128
849 14128
868 14131
888 14132
905 14136
.PEN_UP
.PEN_DOWN
980 14054
998 14046
1021 14051
1039 14058
1050 14074
1052 14088
1039 14104
1016 14114
987 14114
963 14104
946 14087
940 14071
946 14055
.PEN_UP
.PEN_DOWN
1099 14101
1091 14088
1082 14075
1073 14062
1069 14051
1069 14041
1084 14034
1108 14031
1130 14035
1149 14045
1168 14061
1181 14081
1190 14102
1195 14118
1194 14128
.PEN_UP
.PEN_DOWN
1347 14087
1348 14088
1349 14088
1343 14088
1315 14078
1284 14064
1261 14047
1247 14035
1247 14025
1264 14020
1292 14025
1324 14041
1354 14067
1380 14102
1399 14148
1410 14202
1406 14251
1400 14275
1395 14285
1391 14288
1387 14285
.PEN_UP
