
.WRITER_ID Jane_Zahra
.STYLE MIXED

.PEN_DOWN
685 15684
691 15696
694 15703
694 15704
690 15696
673 15668
651 15635
629 15602
611 15575
604 15556
604 15550
614 15552
631 15569
.PEN_UP
.PEN_DOWN
578 15704
572 15703
574 15700
596 15704
643 15716
703 15736
762 15757
806 15766
830 15772
835 15765
.PEN_UP
.PEN_DOWN
695 15595
688 15588
687 15585
691 15592
707 15611
733 15642
762 15673
788 15691
806 15700
817 15700
823 15699
828 15687
828 15668
822 15645
811 15621
802 15602
801 15596
806 15595
826 15609
857 15635
887 15660
911 15683
926 15693
930 15696
930 15696
925 15685
915 15667
904 15647
897 15631
898 15621
911 15615
939 15624
971 15642
1003 15661
1029 15681
1047 15696
1056 15705
1057 15706
1056 15705
1046 15692
1029 15668
1008 15634
977 15585
937 15523
888 15452
837 15392
788 15343
750 15310
733 15297
732 15298
751 15324
.PEN_UP
.PEN_DOWN
1373 15785
1376 15791
1377 15792
1375 15790
1364 15765
1340 15726
1309 15681
1277 15640
1257 15611
1252 15596
1252 15592
1266 15599
1294 15627
1318 15658
1329 15687
1331 15706
1327 15714
1321 15714
1313 15706
1307 15687
1312 15671
1333 15661
1364 15658
1397 15664
1426 15674
1448 15684
1459 15696
1463 15706
1460 15714
1454 15718
1441 15714
1423 15704
1408 15687
1401 15664
1402 15647
1414 15632
1437 15625
1462 15628
1495 15638
1526 15655
1551 15670
1570 15684
1578 15693
1581 15696
1581 15696
1581 15696
1583 15694
1585 15690
1587 15686
1588 15680
1587 15673
1582 15661
1576 15651
1568 15638
1561 15630
1557 15624
1556 15622
1555 15622
1554 15622
1559 15624
.PEN_UP
.PEN_DOWN
1631 15772
1625 15776
1618 15773
1614 15765
1618 15750
.PEN_UP
.PEN_DOWN
1673 15687
1660 15677
1646 15664
1629 15651
1616 15638
1609 15631
1608 15628
1612 15628
1627 15638
1647 15654
1668 15670
1692 15687
1714 15696
1727 15696
1734 15687
1734 15677
1732 15661
1730 15651
1732 15645
1741 15641
1763 15645
1791 15653
1821 15664
1846 15677
1861 15686
1866 15687
1867 15690
1856 15684
1834 15670
1811 15655
1793 15638
1782 15627
1782 15619
1786 15615
1802 15615
1820 15624
1837 15635
1851 15648
1861 15658
1863 15660
1865 15661
1865 15651
1859 15631
1848 15598
1828 15549
1797 15488
1762 15422
1728 15366
1703 15323
1686 15294
.PEN_UP
.PEN_DOWN
642 15248
645 15251
653 15259
673 15278
694 15304
707 15328
709 15343
701 15350
681 15349
654 15335
623 15310
598 15278
578 15245
568 15219
570 15202
580 15195
596 15199
616 15216
635 15242
649 15271
657 15294
660 15304
660 15307
659 15301
653 15278
645 15251
640 15225
639 15209
640 15200
648 15200
666 15213
692 15238
723 15262
749 15278
768 15287
777 15288
780 15281
777 15259
767 15235
754 15209
740 15187
728 15173
727 15170
734 15177
758 15203
788 15235
813 15262
831 15281
838 15285
839 15285
836 15277
828 15256
817 15235
810 15218
809 15205
816 15200
835 15209
866 15230
896 15255
922 15275
941 15291
948 15297
948 15298
946 15291
936 15271
924 15245
913 15219
909 15200
910 15190
924 15189
951 15205
981 15230
1007 15259
1026 15286
1038 15313
1042 15320
1043 15321
1040 15318
1034 15295
1026 15265
1014 15226
998 15173
976 15114
951 15058
920 15012
885 14972
855 14948
835 14944
822 14958
821 14993
835 15033
864 15071
902 15104
941 15128
975 15148
1009 15169
1044 15196
.PEN_UP
.PEN_DOWN
1191 15368
1207 15393
1211 15402
1211 15402
1202 15390
1186 15353
1165 15308
1138 15258
1108 15209
1084 15169
1068 15144
1064 15137
1065 15138
1073 15159
1086 15191
1089 15232
1089 15259
1088 15264
1088 15264
1087 15252
1095 15236
1110 15226
1129 15226
1155 15232
1185 15251
1217 15278
1251 15310
1277 15350
1298 15390
1306 15406
1306 15408
1297 15390
1280 15351
1262 15309
1241 15262
1217 15222
1196 15187
1183 15167
1181 15164
1186 15170
1205 15200
1228 15232
1249 15259
1266 15274
1272 15277
1275 15274
1271 15255
1264 15230
1254 15205
1247 15179
1248 15160
1257 15151
1278 15153
1305 15169
1331 15195
1352 15223
1369 15249
1375 15262
1377 15264
1371 15258
1362 15236
1355 15212
1347 15186
1346 15167
1351 15154
1360 15151
1380 15160
1403 15183
1424 15203
1447 15226
1465 15242
1471 15248
1478 15245
1478 15229
1474 15210
1465 15189
1454 15169
1445 15154
1443 15147
1444 15147
1456 15160
1474 15177
1494 15200
1513 15219
1529 15229
1535 15232
1537 15231
1537 15221
1535 15210
1533 15196
1537 15189
1547 15183
1566 15186
1592 15196
1626 15210
1657 15223
1680 15235
1690 15241
1691 15241
1684 15239
1664 15226
1642 15210
1620 15189
1606 15169
1602 15154
1605 15147
1619 15147
1640 15158
1659 15173
1675 15190
1691 15213
1701 15228
1706 15230
1707 15229
1705 15212
1700 15184
1692 15147
1675 15102
1652 15039
1620 14983
1583 14931
1544 14889
1503 14862
1466 14848
1436 14849
1416 14855
1408 14859
1405 14863
1410 14872
1430 14887
.PEN_UP
.PEN_DOWN
1447 15360
1434 15360
1434 15360
1440 15357
.PEN_UP
.PEN_DOWN
635 14950
635 14953
635 14954
629 14938
615 14898
600 14853
589 14819
589 14798
596 14791
611 14797
640 14823
669 14862
690 14904
703 14944
711 14974
713 14980
713 14977
712 14951
708 14907
703 14848
695 14777
683 14706
666 14646
644 14594
620 14555
598 14529
576 14518
559 14523
550 14549
556 14588
577 14639
611 14695
654 14751
701 14802
744 14844
772 14872
784 14881
784 14882
779 14878
761 14858
740 14829
720 14797
709 14774
711 14757
719 14748
738 14755
760 14778
777 14807
782 14838
780 14872
777 14895
776 14905
777 14911
788 14917
811 14919
836 14917
857 14908
867 14891
870 14869
863 14845
850 14819
837 14798
830 14787
830 14784
832 14784
851 14800
878 14823
905 14849
930 14875
948 14898
956 14908
959 14911
959 14911
957 14901
951 14878
945 14850
941 14823
946 14803
957 14790
976 14783
999 14787
1025 14796
.PEN_UP
.PEN_DOWN
1353 14856
1370 14881
1379 14908
1380 14934
1373 14947
1354 14951
1321 14937
1283 14905
1249 14868
1228 14834
1220 14810
1229 14797
1248 14796
1277 14807
1307 14828
1331 14852
1346 14879
1351 14895
1351 14899
1345 14898
1331 14879
1318 14856
1312 14836
1311 14820
1313 14813
1324 14811
1349 14823
1378 14845
1410 14869
1438 14895
1460 14914
1472 14918
1474 14918
1475 14908
1469 14886
1459 14863
1448 14840
1440 14818
1439 14803
1449 14794
1472 14794
1504 14804
1542 14820
1579 14840
1605 14863
1622 14886
1627 14901
1624 14908
1607 14908
1584 14895
1561 14875
1543 14850
1535 14827
1537 14810
1548 14800
1567 14797
1591 14806
1616 14820
1640 14837
1662 14859
1677 14872
1684 14876
1686 14875
1682 14859
1677 14837
1666 14816
1656 14796
1648 14784
1647 14780
1648 14780
1664 14791
1685 14809
1705 14832
1725 14855
1741 14868
1746 14872
1747 14869
1746 14855
1741 14836
1737 14816
1734 14800
1738 14790
1746 14787
1764 14791
1787 14801
1815 14817
1844 14843
1876 14885
1911 14943
1941 15000
1953 15026
1955 15032
1951 15032
1934 15003
1911 14959
1883 14902
1850 14850
1825 14813
1813 14787
1808 14778
1809 14778
1810 14781
1815 14797
1823 14823
1835 14850
1850 14868
1865 14876
1878 14881
1892 14881
1912 14881
1935 14885
1958 14888
1975 14895
1983 14904
1982 14918
.PEN_UP
.PEN_DOWN
1832 15044
1806 15019
1787 14983
1780 14950
1789 14915
.PEN_UP
