
.WRITER_ID Dennis_Farnden
.STYLE PRINTED
.PEN_DOWN
	294	1697
	294	1694
	294	1684
	294	1667
	294	1647
	289	1623
	285	1601
	281	1590
	279	1581
	278	1580
	278	1581
	278	1594
.PEN_UP
.PEN_DOWN
	240	1687
	239	1687
	242	1687
	248	1687
	261	1687
	277	1690
	303	1697
	326	1704
	338	1707
	347	1703
	353	1691
	357	1677
.PEN_UP
.PEN_DOWN
	373	1597
	373	1597
	373	1601
	377	1610
	379	1626
	381	1644
	382	1664
	383	1684
	383	1703
	384	1718
	384	1727
	384	1728
	384	1721
	383	1703
.PEN_UP
.PEN_DOWN
	377	1630
	375	1627
	375	1627
	375	1626
	379	1631
	388	1634
	395	1636
	402	1636
	412	1634
	423	1631
	434	1627
	441	1626
	443	1624
	445	1616
	447	1604
	447	1596
	447	1591
.PEN_UP
.PEN_DOWN
	455	1630
	461	1631
	471	1631
	484	1627
	502	1626
	514	1626
	519	1626
	519	1626
	514	1633
	504	1642
	495	1647
	484	1650
	477	1647
	471	1642
	468	1631
	469	1617
	473	1604
	479	1597
	489	1596
	503	1596
	515	1596
	524	1594
	532	1593
	539	1594
.PEN_UP
.PEN_DOWN
	534	1647
	537	1644
	543	1636
	556	1626
	573	1614
	590	1606
	602	1606
.PEN_UP
.PEN_DOWN
	602	1637
	604	1647
	605	1647
	602	1644
	596	1634
	591	1617
	584	1597
	581	1576
	581	1560
	581	1553
.PEN_UP
.PEN_DOWN
	712	1673
	713	1674
	713	1674
	709	1677
	702	1674
	696	1672
	689	1667
	685	1663
	683	1657
	686	1651
	692	1643
	699	1633
	706	1623
	711	1616
	713	1611
	713	1606
	707	1600
	699	1596
	692	1595
	685	1597
	681	1603
	681	1606
	681	1607
.PEN_UP
.PEN_DOWN
	744	1603
	746	1603
	748	1604
	751	1613
	751	1630
	748	1651
	744	1670
	740	1687
	738	1700
	738	1707
	738	1707
	738	1707
	740	1697
	740	1684
	740	1667
	740	1653
	738	1641
	740	1633
	742	1626
	742	1621
	748	1620
	756	1619
	767	1621
	782	1626
	795	1631
	805	1633
	810	1631
	815	1626
	818	1617
	821	1607
	821	1597
	823	1593
	825	1593
.PEN_UP
.PEN_DOWN
	850	1630
	850	1627
	850	1627
	850	1627
	849	1626
	845	1621
	840	1616
	838	1610
	836	1603
	840	1594
	849	1586
	861	1581
	873	1580
	884	1581
	893	1587
	897	1600
	898	1610
	895	1617
	888	1623
	879	1625
	871	1624
	864	1624
	858	1624
	856	1624
	858	1623
.PEN_UP
.PEN_DOWN
	902	1643
	909	1634
	915	1626
	921	1617
	927	1610
	932	1603
	937	1601
	944	1601
	950	1601
	955	1606
	959	1613
	962	1624
	963	1636
	963	1644
	962	1647
	961	1647
	961	1647
	957	1647
.PEN_UP
.PEN_DOWN
	969	1673
	974	1669
	980	1660
	985	1650
	990	1636
	996	1621
	1000	1614
	1002	1613
.PEN_UP
.PEN_DOWN
	1035	1651
	1040	1651
	1042	1651
	1044	1651
	1044	1651
	1044	1652
	1039	1650
	1033	1647
	1027	1644
	1022	1640
	1017	1634
	1016	1626
	1020	1617
	1026	1612
	1035	1610
	1045	1613
	1055	1622
	1062	1637
	1066	1657
	1068	1681
	1069	1707
	1066	1727
	1063	1737
	1057	1740
	1051	1733
	1044	1721
	1041	1703
	1044	1683
	1051	1661
	1064	1643
	1076	1627
	1086	1617
	1090	1611
.PEN_UP
.PEN_DOWN
	1158	1593
	1160	1591
	1162	1593
	1166	1597
	1166	1616
	1165	1636
	1164	1660
	1164	1677
	1165	1690
	1166	1697
	1167	1703
	1167	1703
	1168	1703
	1167	1697
	1166	1687
	1165	1674
	1160	1650
	1160	1641
	1158	1634
	1160	1630
	1162	1626
	1166	1623
	1171	1621
	1179	1621
	1190	1620
	1201	1620
	1210	1616
	1219	1611
	1223	1607
	1225	1601
	1225	1593
	1226	1586
	1227	1583
	1232	1590
.PEN_UP
.PEN_DOWN
	1258	1630
	1259	1630
	1259	1630
	1259	1630
	1259	1630
	1256	1626
	1250	1620
	1247	1611
	1244	1604
	1245	1597
	1250	1591
	1260	1586
	1272	1586
	1283	1591
	1289	1600
	1293	1607
	1291	1617
	1285	1627
	1278	1637
	1271	1641
	1260	1640
	1250	1636
	1243	1634
.PEN_UP
.PEN_DOWN
	1302	1690
	1307	1683
	1313	1670
	1317	1650
	1320	1630
	1321	1611
	1324	1596
	1324	1586
	1326	1580
	1332	1580
.PEN_UP
.PEN_DOWN
	1387	1627
	1390	1627
	1391	1626
	1391	1626
	1391	1626
	1385	1626
	1379	1624
	1371	1621
	1365	1617
	1361	1613
	1360	1604
	1363	1594
	1371	1586
	1380	1581
	1392	1580
	1406	1586
	1418	1600
	1429	1617
	1433	1636
	1431	1657
	1423	1679
	1413	1694
	1405	1703
	1399	1704
	1392	1701
	1385	1691
	1383	1674
	1388	1653
	1396	1630
	1412	1607
	1429	1587
	1446	1573
	1459	1567
.PEN_UP
.PEN_DOWN
	1576	1621
	1578	1620
	1579	1620
	1579	1621
	1579	1621
	1579	1621
	1573	1620
	1563	1616
	1555	1610
	1549	1601
	1547	1591
	1549	1581
	1555	1571
	1569	1564
	1584	1560
	1604	1560
	1619	1566
	1626	1570
	1626	1577
	1623	1590
	1614	1601
	1604	1611
	1595	1616
	1590	1620
	1587	1620
	1586	1620
	1584	1616
	1595	1613
	1608	1604
.PEN_UP
.PEN_DOWN
	1646	1556
	1654	1550
	1659	1544
	1661	1543
	1664	1544
	1669	1548
	1674	1560
	1676	1574
	1676	1584
	1678	1594
	1681	1600
	1685	1601
	1698	1596
	1713	1586
	1724	1573
	1731	1563
	1735	1556
	1738	1549
	1738	1547
.PEN_UP
.PEN_DOWN
	522	1430
	523	1433
	521	1429
	515	1423
	509	1407
	502	1390
	495	1373
	488	1360
	482	1350
	480	1346
	479	1343
	478	1343
	482	1350
	487	1366
	491	1384
	493	1403
	495	1420
	497	1434
	499	1446
	500	1453
	501	1453
	501	1454
	501	1454
	502	1444
	508	1430
	515	1413
	523	1397
	532	1377
	542	1360
	547	1352
	548	1350
	548	1348
	548	1349
	547	1353
	543	1366
	534	1379
	525	1386
	512	1390
	502	1390
	497	1390
	495	1391
	495	1386
	506	1380
.PEN_UP
.PEN_DOWN
	581	1413
	585	1400
	589	1389
	592	1374
	593	1363
	594	1353
	595	1352
	595	1350
	595	1353
	592	1370
	589	1393
	589	1416
	589	1433
	591	1440
	595	1446
	605	1446
	613	1439
	622	1433
	626	1428
	626	1422
	624	1413
	622	1407
	616	1400
	608	1397
	600	1396
	598	1393
	595	1393
.PEN_UP
.PEN_DOWN
	641	1393
	646	1383
	651	1373
	653	1363
	654	1357
	654	1357
	654	1356
	651	1360
	646	1373
	641	1387
	640	1405
	642	1417
	646	1426
	653	1430
	659	1433
	664	1430
	670	1427
	672	1423
	672	1416
	668	1409
	663	1400
	657	1396
	652	1393
	648	1390
.PEN_UP
.PEN_DOWN
	692	1450
	694	1447
	696	1437
	698	1423
	700	1409
	702	1393
	705	1383
	705	1373
	710	1367
	713	1363
	719	1366
.PEN_UP
.PEN_DOWN
	718	1383
	721	1383
	725	1383
	736	1383
	751	1383
	766	1383
	776	1387
	783	1393
	785	1397
	783	1400
	775	1404
	764	1403
	753	1397
	745	1389
	742	1383
	742	1373
	747	1363
	756	1357
	766	1356
	781	1357
	794	1360
	801	1363
	805	1363
.PEN_UP
