
.WRITER_ID DeanBlackketter
.STYLE PRINTED
.PEN_DOWN
	230	381
	230	382
	229	382
	229	383
	228	383
	227	384
	226	384
	225	384
	224	384
	223	384
	222	384
	221	384
	220	384
	218	384
	217	383
	216	383
	215	383
	215	382
.PEN_UP
.PEN_DOWN
	219	383
	219	382
	219	381
	219	380
	218	379
	218	377
	218	376
	218	374
	218	373
	218	372
	218	371
	218	370
	218	369
	218	370
.PEN_UP
.PEN_DOWN
	229	383
	229	382
	228	382
	228	381
	227	380
	227	378
	227	377
	227	376
	227	375
	227	374
	227	373
	226	372
	226	371
	226	370
	226	371
	227	371
	227	372
	228	373
	228	375
	229	376
	230	377
	230	378
	231	379
	232	379
	233	378
	233	377
	233	376
	234	376
	234	375
	234	374
	235	373
	235	372
	236	372
	236	371
	237	371
.PEN_UP
.PEN_DOWN
	235	384
	235	383
	235	382
	235	381
	235	379
	234	378
	234	375
	234	374
	234	373
	234	372
	234	371
	234	370
	234	369
.PEN_UP
.PEN_DOWN
	245	377
	245	378
	245	379
	244	379
	244	378
	244	377
	243	377
	243	376
	243	375
	243	374
	242	373
	242	371
	242	370
	242	369
	243	369
	243	370
	244	370
	245	371
	246	371
	246	372
	247	372
	247	371
	248	371
	249	371
	249	370
.PEN_UP
.PEN_DOWN
	244	376
	245	376
	245	377
	246	377
	247	377
.PEN_UP
.PEN_DOWN
	246	382
	246	383
	247	384
	248	384
	249	385
.PEN_UP
.PEN_DOWN
	268	384
	268	383
	267	383
	267	382
	267	381
	267	380
	267	379
	266	378
	266	377
	266	375
	266	374
	266	373
	266	372
	267	372
	267	373
	268	373
	268	374
	269	374
	270	374
	270	375
	271	375
	272	375
	273	375
	274	375
	274	374
	275	374
	276	374
	276	373
	276	372
.PEN_UP
.PEN_DOWN
	266	381
	266	382
	267	382
	267	383
	268	384
	269	384
	270	385
	271	385
	272	385
	273	385
	274	385
	275	385
	276	385
.PEN_UP
.PEN_DOWN
	269	377
	270	377
	271	377
	272	378
	273	378
.PEN_UP
.PEN_DOWN
	278	379
	279	379
	280	378
	281	377
	282	377
	283	376
	284	376
	285	375
	286	374
.PEN_UP
.PEN_DOWN
	286	382
	286	381
	286	380
	285	380
	285	379
	284	379
	283	378
	282	377
	282	376
	281	376
	281	375
	280	374
	280	373
	280	372
	279	372
.PEN_UP
.PEN_DOWN
	291	378
	291	379
	292	379
	292	380
	293	380
	293	381
	294	382
	295	383
	296	383
	297	383
	298	383
	298	382
	299	382
	299	381
	299	380
	299	378
	299	377
	298	376
	298	375
	297	374
	297	373
	295	371
	294	371
	293	371
	292	371
	291	371
	291	372
	290	372
	290	373
	290	375
	290	376
	290	377
	290	378
.PEN_UP
.PEN_DOWN
	294	374
	295	374
	295	375
	295	374
	295	373
	296	373
	296	372
	297	371
	297	370
	298	370
	298	369
	299	368
.PEN_UP
.PEN_DOWN
	301	381
	301	380
	301	379
	301	378
	301	377
	301	376
	302	376
	302	375
	303	374
	304	374
	305	374
	306	375
	307	376
	307	377
	308	377
	308	380
	309	381
	309	382
	309	383
.PEN_UP
.PEN_DOWN
	313	382
	314	382
	313	382
	313	381
	313	380
	313	379
	313	378
	313	377
	313	376
	313	375
	313	374
	313	373
	313	372
	314	371
.PEN_UP
.PEN_DOWN
	322	388
	322	387
	322	386
	321	386
	321	385
	320	384
	319	384
	319	383
	318	383
	318	382
	317	382
	317	381
	318	381
	318	380
	319	379
	319	378
	320	377
	321	377
	321	376
	321	375
	320	374
	319	373
	318	372
.PEN_UP
.PEN_DOWN
	329	382
	329	381
	329	380
	329	379
	329	378
	329	377
	329	376
	329	375
	329	374
	329	372
.PEN_UP
.PEN_DOWN
	341	384
	342	384
	341	384
	340	384
	339	384
	338	384
	337	384
	335	384
	334	383
	333	383
.PEN_UP
.PEN_DOWN
	337	383
	337	382
	337	381
	336	380
	336	378
	336	377
	336	376
	336	375
	336	374
	336	373
	337	373
.PEN_UP
.PEN_DOWN
	341	382
	341	381
	341	380
	341	379
	341	378
	340	376
	340	375
	340	374
	340	373
	340	372
	339	372
	339	371
	340	371
	340	372
	341	372
	341	373
	342	373
	343	373
	343	374
	344	374
	345	373
	346	373
	346	372
	347	372
	347	371
.PEN_UP
.PEN_DOWN
	341	380
	342	381
	342	382
	343	382
	343	383
	344	383
	345	383
	346	384
	347	384
	348	384
	349	384
.PEN_UP
.PEN_DOWN
	343	378
	344	378
	344	379
	345	379
	346	379
	346	380
	347	380
	347	379
.PEN_UP
.PEN_DOWN
	371	377
	371	376
	371	377
	371	376
	371	375
	370	374
	370	373
	370	372
	369	371
	369	369
	369	368
	370	369
	370	370
	370	371
	370	372
	370	373
	370	374
	370	375
	370	376
	371	377
	371	378
	371	380
	372	381
	372	382
	373	383
	374	384
	375	385
	376	386
	377	387
	378	387
	379	387
	379	386
	379	385
	379	384
	379	383
	379	382
	378	381
	378	380
	377	379
	377	378
	376	378
	375	378
	374	378
.PEN_UP
.PEN_DOWN
	381	376
	381	375
	380	374
	380	373
	379	373
	379	372
	379	371
	378	370
	378	369
	378	370
	379	370
	379	371
	380	371
	380	372
	381	374
	382	375
	382	376
	382	377
	383	378
	383	379
	384	379
	385	378
	385	377
	386	377
	386	376
	386	375
	386	374
	387	373
	387	372
	387	371
	386	371
	386	370
	385	370
	386	370
	386	371
	386	372
	385	373
	384	374
	383	374
	383	375
	382	375
.PEN_UP
.PEN_DOWN
	394	379
	394	378
	394	377
	394	376
	394	374
	394	373
	393	372
	393	371
	393	370
	394	370
.PEN_UP
.PEN_DOWN
	401	377
	401	376
	400	376
	400	375
	400	374
	400	373
	399	372
	400	372
	400	373
	401	374
	401	375
	402	376
	402	377
	403	378
	403	379
	403	380
	403	379
	403	378
	403	377
	404	377
	404	376
	404	375
	405	375
	405	374
	406	374
	407	374
	408	374
	409	375
	410	376
	410	377
	410	378
	410	379
	410	380
	410	381
	410	382
.PEN_UP
.PEN_DOWN
	420	378
	419	378
	418	378
	417	379
	416	379
	415	379
	414	379
	413	379
.PEN_UP
.PEN_DOWN
	417	379
	417	378
	417	377
	416	377
	416	376
	416	375
	416	374
	415	373
	415	372
	415	371
	416	371
	416	370
.PEN_UP
.PEN_DOWN
	422	381
	422	380
	422	379
	421	378
	421	377
	421	376
	421	375
	421	374
	421	373
	421	372
	421	371
	421	370
.PEN_UP
.PEN_DOWN
	429	376
	429	375
	428	375
	428	374
	428	373
	428	372
	428	371
	428	372
	429	372
	429	373
	429	374
	429	375
	430	376
	430	377
	430	378
	430	379
	430	380
	430	379
	430	378
	430	377
	431	376
	431	375
	432	374
	432	373
	433	372
	433	371
	434	371
	435	371
	436	371
	437	372
	437	373
	438	374
	438	375
	438	376
	438	377
	438	378
	438	379
	438	380
	439	380
.PEN_UP
.PEN_DOWN
	446	378
	447	378
	447	379
	447	380
	447	381
	446	381
	445	380
	444	380
	443	379
	443	378
	442	377
	442	376
	442	375
	442	374
	442	373
	443	372
	444	371
	445	371
	446	371
	447	371
	447	372
	448	373
	448	374
	447	374
	447	373
	448	373
	448	372
	448	371
	448	370
	448	369
	448	368
	448	367
	448	366
	447	365
	447	363
	447	362
	447	361
	447	359
	447	358
.PEN_UP
.PEN_DOWN
	446	376
	447	376
	448	375
	449	375
	450	375
	451	375
	451	376
	452	376
	453	376
	453	375
.PEN_UP
.PEN_DOWN
	465	380
	466	380
	466	381
	466	380
	465	380
	465	379
	465	378
	465	377
	465	376
	466	375
	466	374
	467	374
	467	375
	468	375
	469	376
	470	376
	470	377
	471	378
	470	378
	470	377
	470	376
	471	375
	471	374
	472	374
	473	375
	474	376
	475	376
	475	377
	476	377
	476	378
	477	379
.PEN_UP
.PEN_DOWN
	481	379
	481	378
	480	377
	480	376
	480	375
	479	374
	478	373
	478	372
	478	371
	478	370
	478	371
	479	371
	479	372
	480	373
	481	374
	481	376
	482	377
	482	378
	483	381
	484	382
	484	383
	485	383
	485	382
	485	381
	485	380
	485	379
	485	378
	486	377
	486	376
	486	375
	486	374
	486	373
	486	372
	487	372
	486	373
	485	373
	485	374
	484	374
	483	374
	482	374
	482	373
.PEN_UP
.PEN_DOWN
	496	384
	496	383
	495	383
	494	382
	493	381
	492	380
	491	380
	492	380
	493	379
	494	378
	495	377
	495	376
	495	375
	495	374
	495	373
	494	372
	493	372
	493	371
	492	371
	491	371
	491	370
	490	370
.PEN_UP
.PEN_DOWN
	515	381
	515	380
	515	381
	515	380
	514	380
	514	379
	514	378
	513	377
	513	376
	513	375
	512	374
	513	374
	514	375
	514	376
	515	377
	515	378
	515	379
	516	380
	516	381
	517	383
	517	384
	518	385
	518	386
	519	387
	519	388
	520	389
	521	389
	521	390
	522	390
	523	390
	524	389
	525	388
	525	387
	525	386
	525	385
	524	384
	524	383
	524	382
	523	381
	522	380
	521	380
	520	379
	520	378
	519	378
	518	378
	519	378
	519	377
	519	376
	520	375
	521	374
	521	373
	522	372
	523	371
	523	370
	524	369
	525	368
.PEN_UP
.PEN_DOWN
	530	384
	530	383
	529	383
	529	382
	529	381
	529	378
	529	377
	530	376
	531	375
	532	375
	533	375
	534	376
	535	376
	536	377
	536	378
	537	379
	537	380
.PEN_UP
.PEN_DOWN
	543	379
	542	379
	542	378
	542	377
	541	375
	541	374
	541	373
	541	372
	542	371
.PEN_UP
.PEN_DOWN
	548	375
	547	374
	547	373
	547	372
	548	372
	548	373
	549	374
	550	375
	550	376
	551	376
	551	377
	551	378
	551	377
	552	376
	552	375
	553	374
	554	373
	555	373
	556	373
	557	374
	558	375
	558	376
	559	377
	559	378
	559	379
	559	380
	560	380
.PEN_UP
.PEN_DOWN
	562	381
	562	380
	563	380
	562	380
	562	379
	562	378
	562	377
	561	377
	561	376
	561	375
	561	374
	561	373
	561	374
	562	374
	563	374
	564	374
	565	374
	566	374
	567	373
	568	373
.PEN_UP
.PEN_DOWN
	563	377
	563	378
	564	378
	565	377
	566	377
.PEN_UP
.PEN_DOWN
	566	384
	568	384
	568	383
	569	383
	570	383
	571	382
.PEN_UP
.PEN_DOWN
	575	384
	575	383
	575	382
	574	382
	574	381
	574	380
	574	379
	574	378
	574	377
	574	376
	574	375
.PEN_UP
.PEN_DOWN
	576	382
	576	383
	577	383
	577	384
	578	384
	579	384
	580	384
	580	383
	580	382
	580	381
	580	380
	580	379
	580	378
	580	377
	579	376
	579	375
	578	374
	577	374
	577	373
.PEN_UP
