
.WRITER_ID Jackie_Schrier
.STYLE PRINTED
.PEN_DOWN
	265	1572
	266	1576
	269	1581
	271	1586
	272	1590
	271	1596
	269	1602
	264	1606
	261	1606
	252	1603
	244	1596
	236	1586
	229	1572
	222	1556
	220	1540
	220	1526
	222	1512
	226	1507
	230	1505
	236	1505
	245	1515
	255	1529
	263	1545
	267	1559
	269	1576
	268	1586
	267	1592
	267	1593
	267	1593
	267	1589
	267	1581
	265	1570
	265	1560
	267	1545
	271	1535
	276	1525
	283	1516
	291	1512
	297	1509
	303	1509
	309	1513
	313	1515
.PEN_UP
.PEN_DOWN
	457	1629
	457	1632
	457	1633
	459	1633
	462	1630
	462	1621
	462	1610
	460	1596
	461	1579
	462	1559
	464	1543
	466	1529
	469	1520
	469	1512
	470	1509
	470	1510
	470	1509
	468	1515
	466	1526
	466	1536
	468	1549
	470	1557
	475	1563
	480	1570
	486	1576
	492	1576
	499	1577
	506	1572
	510	1565
	514	1559
	515	1549
	517	1540
	517	1532
	515	1525
	511	1520
	506	1516
	495	1516
	484	1515
	474	1516
	464	1516
	459	1519
	455	1520
	455	1519
	455	1522
	461	1521
.PEN_UP
.PEN_DOWN
	725	1583
	723	1586
	725	1590
	724	1593
	721	1594
	717	1596
	712	1592
	703	1589
	697	1584
	692	1576
	688	1563
	687	1549
	686	1536
	687	1525
	691	1515
	694	1510
	701	1505
	709	1503
	720	1503
	734	1505
	745	1509
	754	1512
.PEN_UP
.PEN_DOWN
	974	1552
	971	1560
	968	1566
	967	1572
	962	1576
	953	1579
	945	1579
	936	1579
	926	1573
	917	1566
	909	1555
	904	1545
	902	1531
	900	1520
	903	1510
	907	1505
	913	1499
	922	1500
	935	1506
	946	1516
	955	1529
	960	1542
	962	1559
	960	1583
	960	1606
	956	1626
	955	1640
	953	1647
	953	1646
	953	1646
	953	1640
	953	1626
	953	1607
	955	1586
	960	1565
	964	1546
	969	1530
	975	1520
	982	1513
	984	1510
	987	1509
	988	1509
	988	1515
.PEN_UP
.PEN_DOWN
	1143	1569
	1139	1565
	1139	1563
	1141	1560
	1142	1560
	1148	1560
	1155	1559
	1166	1562
	1174	1565
	1183	1568
	1190	1576
	1194	1581
	1195	1586
	1192	1592
	1188	1595
	1183	1596
	1174	1592
	1168	1589
	1160	1586
	1153	1580
	1148	1572
	1145	1560
	1148	1545
	1150	1533
	1157	1519
	1165	1509
	1177	1505
	1188	1502
	1196	1502
	1205	1505
	1212	1509
.PEN_UP
.PEN_DOWN
	1404	1620
	1400	1623
	1396	1630
	1391	1636
	1384	1642
	1378	1649
	1371	1656
	1365	1661
	1360	1662
	1358	1662
	1358	1663
	1358	1662
	1361	1657
	1365	1652
	1369	1643
	1372	1632
	1376	1616
	1377	1599
	1378	1579
	1378	1559
	1376	1539
	1374	1524
	1373	1512
	1372	1505
	1372	1502
	1372	1502
	1371	1502
	1369	1509
.PEN_UP
.PEN_DOWN
	1337	1559
	1341	1560
	1349	1559
	1360	1560
	1376	1559
	1392	1565
	1407	1565
.PEN_UP
.PEN_DOWN
	1626	1563
	1624	1570
	1620	1576
	1615	1583
	1608	1586
	1601	1586
	1593	1586
	1586	1579
	1579	1572
	1575	1562
	1575	1553
	1575	1542
	1578	1532
	1581	1526
	1586	1522
	1591	1519
	1598	1522
	1604	1526
	1611	1536
	1615	1546
	1620	1560
	1621	1566
	1622	1572
	1622	1572
	1621	1569
	1621	1563
	1621	1555
	1624	1544
	1626	1533
	1630	1520
	1632	1505
	1635	1489
	1637	1473
	1639	1455
	1637	1443
	1632	1432
	1624	1423
	1612	1418
	1600	1419
	1591	1419
	1581	1422
	1575	1422
	1571	1422
.PEN_UP
.PEN_DOWN
	241	1149
	240	1148
	242	1144
	243	1138
	245	1128
	245	1114
	245	1099
	243	1081
	242	1061
	240	1045
	240	1030
	240	1021
	241	1018
	241	1015
	241	1018
	242	1025
	245	1038
	247	1055
	251	1071
	257	1084
	262	1094
	271	1099
	278	1102
	287	1105
	294	1101
	298	1092
	300	1078
	302	1065
	304	1051
	306	1038
	309	1029
	311	1022
	310	1018
	311	1014
	311	1014
	310	1018
	313	1022
.PEN_UP
.PEN_DOWN
	515	1098
	512	1101
	512	1101
	510	1099
	508	1089
	506	1078
	509	1064
	509	1051
	508	1042
	506	1031
	506	1025
	504	1021
	504	1021
	504	1021
	504	1029
.PEN_UP
.PEN_DOWN
	491	1148
	488	1149
	489	1151
	488	1149
	495	1149
	499	1142
.PEN_UP
.PEN_DOWN
	712	1109
	709	1112
	707	1112
	707	1112
	708	1111
	709	1112
	712	1114
	714	1112
.PEN_UP
.PEN_DOWN
	718	1045
	718	1038
	720	1028
	721	1018
	725	1005
	727	991
	729	978
	727	964
	724	951
	718	938
	712	927
	704	921
	697	915
	689	911
	681	911
	674	914
	666	916
.PEN_UP
.PEN_DOWN
	918	1145
	918	1148
	917	1145
	920	1136
	922	1125
	926	1108
	930	1089
	932	1073
	933	1058
	931	1048
	931	1041
	931	1035
	931	1034
	931	1035
.PEN_UP
.PEN_DOWN
	971	1171
	971	1169
	969	1161
	964	1148
	956	1131
	946	1119
	935	1104
	926	1098
	924	1094
	922	1094
	922	1094
	924	1094
	929	1095
	935	1093
	942	1088
	953	1081
	962	1072
	973	1063
	982	1054
	991	1048
	999	1043
	1006	1041
	1013	1041
	1019	1041
	1024	1044
.PEN_UP
.PEN_DOWN
	1192	1138
	1192	1139
	1191	1141
	1192	1139
	1192	1138
	1192	1135
	1190	1128
	1189	1119
	1188	1104
	1187	1088
	1188	1072
	1188	1054
	1188	1042
	1187	1032
	1185	1025
	1185	1021
	1186	1018
	1185	1019
	1185	1021
	1187	1028
.PEN_UP
.PEN_DOWN
	1349	1109
	1349	1109
	1350	1109
	1351	1104
	1352	1098
	1351	1091
	1350	1078
	1347	1068
	1345	1055
	1345	1048
	1345	1041
	1345	1041
	1345	1041
	1345	1041
	1347	1050
	1349	1061
	1352	1078
	1358	1091
	1361	1101
	1367	1105
	1371	1104
	1375	1101
	1378	1094
	1378	1084
	1380	1072
	1381	1061
	1380	1053
	1381	1044
	1383	1041
	1383	1041
	1382	1041
	1387	1048
	1389	1055
	1393	1068
	1397	1082
	1401	1094
	1407	1098
	1412	1101
	1418	1102
	1425	1098
	1431	1094
	1433	1085
	1433	1071
	1431	1058
	1432	1044
	1432	1033
	1432	1028
	1432	1024
	1433	1024
	1433	1022
	1431	1025
	1429	1031
.PEN_UP
.PEN_DOWN
	1577	1109
	1580	1112
	1584	1112
	1586	1112
	1588	1101
	1588	1088
	1586	1072
	1584	1058
	1584	1044
	1583	1034
	1584	1028
	1584	1028
	1584	1028
	1584	1028
	1586	1038
	1586	1048
	1589	1062
	1593	1075
	1601	1084
	1610	1091
	1617	1094
	1626	1098
	1635	1097
	1642	1094
	1648	1088
	1655	1081
	1657	1071
	1657	1062
	1659	1052
	1659	1039
	1661	1031
	1661	1024
	1662	1021
	1662	1021
	1662	1021
	1662	1021
	1663	1021
	1662	1024
.PEN_UP
.PEN_DOWN
	256	647
	250	647
	245	644
	240	641
	236	631
	230	617
	227	600
	227	580
	231	564
	240	553
	251	547
	265	550
	280	561
	292	576
	296	594
	293	614
	284	633
	273	644
	262	651
	253	651
	251	647
	251	640
	256	631
.PEN_UP
.PEN_DOWN
	482	634
	480	634
	478	630
	475	623
	473	610
	472	593
	472	573
	473	553
	473	537
	475	523
	477	516
	480	513
	479	510
	480	519
.PEN_UP
.PEN_DOWN
	455	647
	462	654
	473	661
	484	664
	494	668
	501	664
	508	660
	513	651
	517	637
	517	624
	515	610
	510	600
	504	590
	497	584
	493	583
	488	584
	486	585
.PEN_UP
.PEN_DOWN
	734	633
	734	640
	730	647
	727	651
	720	653
	712	653
	705	654
	697	650
	689	644
	685	633
	683	627
	684	617
	687	613
	691	610
	699	611
	708	614
	720	624
	732	633
	740	642
	743	647
	745	647
	745	647
	741	640
	734	631
	727	613
	719	594
	709	571
	701	546
	697	520
	694	500
	698	487
	708	477
	721	473
	734	476
	745	483
	751	496
	753	514
	749	533
	739	543
	722	547
	703	544
	685	540
	672	536
	665	531
.PEN_UP
.PEN_DOWN
	918	649
	922	650
	922	647
	922	644
	924	634
	924	622
	926	607
	927	591
	929	577
	929	567
	929	564
	929	561
	927	560
	924	564
	922	573
	922	586
	925	606
	935	624
	946	634
	957	644
	971	647
	984	651
	997	651
.PEN_UP
.PEN_DOWN
	1184	563
	1184	566
	1181	567
	1181	567
	1181	566
	1179	564
	1179	561
	1179	557
	1184	553
	1190	553
	1199	554
	1210	560
	1221	566
	1227	570
	1230	576
	1227	584
	1221	593
	1210	603
	1199	610
	1188	617
	1179	627
	1174	634
	1172	644
	1174	650
	1177	657
	1183	660
	1192	663
	1199	661
	1207	660
	1215	657
	1219	653
.PEN_UP
.PEN_DOWN
	1378	667
	1380	670
	1382	671
	1384	670
	1387	664
	1387	655
	1387	640
	1385	620
	1383	600
	1380	581
	1380	566
	1380	552
	1381	547
	1382	543
	1383	544
.PEN_UP
.PEN_DOWN
	1330	610
	1329	611
	1334	611
	1345	611
	1363	611
	1387	613
	1413	613
.PEN_UP
.PEN_DOWN
	1599	640
	1600	641
	1599	633
	1599	624
	1598	611
	1597	597
	1599	584
	1604	576
	1608	567
	1613	564
	1622	564
	1630	566
	1639	576
	1646	584
	1650	597
	1655	613
	1657	633
	1659	647
	1661	653
	1659	654
	1659	653
	1657	644
	1657	633
	1657	617
	1657	601
	1659	584
	1661	572
	1666	561
	1668	553
	1671	550
	1671	550
	1670	550
	1668	551
.PEN_UP
.PEN_DOWN
	220	169
	224	169
	229	165
	234	159
	236	149
	240	139
	242	123
	250	110
	256	94
	264	82
	269	76
	273	72
	273	72
	273	72
	276	82
	278	95
	279	112
	281	135
	285	155
	287	169
	291	178
	294	183
	298	186
	304	180
.PEN_UP
.PEN_DOWN
	442	169
	442	172
	446	172
	448	172
	455	169
	457	162
	462	152
	463	139
	466	125
	468	115
	472	106
	475	100
	475	99
	475	99
	479	106
	482	116
	486	131
	489	149
	493	165
	495	172
	495	173
	497	172
	500	165
	502	155
	506	142
	511	130
	515	119
	519	109
	524	105
	526	102
	525	99
	528	103
	532	110
	540	119
	544	135
	551	155
	555	176
	558	186
	561	192
	563	193
	568	192
	572	186
.PEN_UP
.PEN_DOWN
	765	176
	765	179
	763	180
	761	179
	754	173
	743	159
	734	139
	723	123
	717	106
	711	95
	707	89
	706	83
	706	84
	705	89
.PEN_UP
.PEN_DOWN
	703	196
	704	196
	706	192
	709	182
	714	169
	722	155
	730	139
	739	125
	747	116
	756	105
	765	99
	772	95
.PEN_UP
.PEN_DOWN
	880	168
	884	170
	893	172
	900	166
	906	162
	911	152
	915	142
	920	133
	927	125
	933	118
	938	112
	942	109
	948	110
.PEN_UP
.PEN_DOWN
	967	202
	964	206
	964	206
	962	196
	957	181
	953	163
	948	140
	942	116
	934	92
	926	69
	920	49
	917	32
	914	19
	912	12
	911	9
	911	8
	914	13
.PEN_UP
.PEN_DOWN
	1121	160
	1121	163
	1121	165
	1123	170
	1128	172
	1137	174
	1149	176
	1161	183
	1174	186
	1181	186
	1185	186
	1187	186
	1188	186
	1187	186
	1186	180
	1183	173
	1176	165
	1169	156
	1161	142
	1152	129
	1144	113
	1139	102
	1135	92
	1134	85
	1135	79
	1137	79
	1139	76
	1145	76
	1154	77
	1161	79
	1170	79
	1181	79
	1187	79
	1194	79
	1199	76
	1201	79
.PEN_UP
.PEN_DOWN
	1121	125
	1117	128
	1117	129
	1117	129
	1117	131
	1124	133
	1137	136
	1154	136
	1173	139
	1190	139
	1204	136
.PEN_UP
