
.WRITER_ID Janice_Hoctor
.STYLE PRINTED
.PEN_DOWN
	309	1576
	309	1581
	309	1585
	306	1589
	304	1589
	298	1591
	293	1588
	282	1581
	271	1575
	260	1566
	251	1552
	243	1538
	241	1529
	242	1518
	251	1512
	262	1508
	280	1506
	298	1506
	311	1509
	318	1513
	324	1515
	328	1525
	333	1536
	336	1552
	338	1565
	337	1576
	336	1586
	331	1589
	326	1592
	320	1589
	315	1582
.PEN_UP
.PEN_DOWN
	549	1581
	550	1589
	550	1591
	549	1591
	552	1586
	552	1574
	545	1555
	534	1534
	523	1513
	512	1496
	505	1483
	504	1475
	508	1469
.PEN_UP
.PEN_DOWN
	745	1569
	744	1572
	742	1575
	742	1575
	746	1578
	752	1585
	762	1591
	773	1596
	786	1601
	797	1601
	804	1601
	811	1596
	813	1586
	808	1574
	793	1558
	775	1542
	757	1525
	742	1511
	738	1503
	736	1498
	740	1493
	749	1489
	765	1492
	782	1497
	797	1502
	808	1508
	818	1512
	824	1515
	828	1515
	833	1510
.PEN_UP
.PEN_DOWN
	994	1578
	992	1581
	992	1583
	992	1589
	992	1590
	993	1591
	1000	1595
	1014	1599
	1027	1601
	1041	1601
	1047	1596
	1049	1592
	1045	1581
	1027	1569
	1003	1556
	986	1547
	974	1542
	972	1542
	974	1542
	988	1543
	1009	1548
	1030	1552
	1045	1549
	1056	1546
	1058	1539
	1054	1526
	1037	1512
	1014	1499
	998	1492
	988	1488
	983	1489
	979	1488
	975	1489
	975	1489
.PEN_UP
.PEN_DOWN
	1226	1582
	1224	1591
	1224	1592
	1224	1591
	1222	1588
	1215	1579
	1206	1569
	1198	1562
	1193	1555
	1193	1549
	1195	1542
	1208	1542
	1228	1542
	1249	1545
	1266	1546
	1277	1548
	1284	1548
.PEN_UP
.PEN_DOWN
	1311	1621
	1306	1615
	1299	1605
	1286	1591
	1274	1576
	1260	1559
	1248	1539
	1238	1522
	1233	1508
	1231	1495
.PEN_UP
.PEN_DOWN
	1441	1582
	1443	1585
	1445	1588
	1443	1585
	1438	1575
	1430	1562
	1420	1548
	1410	1536
	1403	1529
	1401	1526
	1401	1525
	1403	1525
	1416	1530
	1432	1536
	1448	1538
	1461	1536
	1469	1532
	1474	1525
	1472	1516
	1462	1508
	1445	1498
	1430	1495
	1417	1492
	1410	1493
	1405	1495
	1401	1496
	1405	1502
.PEN_UP
.PEN_DOWN
	1432	1569
	1434	1575
	1439	1579
	1452	1581
	1469	1585
	1491	1588
	1510	1588
	1525	1589
	1538	1588
.PEN_UP
.PEN_DOWN
	1693	1600
	1700	1608
	1703	1608
	1702	1608
	1698	1600
	1686	1582
	1667	1558
	1651	1537
	1642	1519
	1640	1503
	1646	1489
	1659	1480
	1675	1477
	1695	1482
	1710	1488
	1724	1499
	1728	1512
	1726	1522
	1713	1523
	1693	1518
	1673	1505
	1658	1493
	1652	1478
.PEN_UP
.PEN_DOWN
	260	1117
	262	1117
	263	1119
	263	1119
	262	1118
	264	1114
	264	1110
	262	1103
	261	1098
	259	1094
	258	1093
	258	1094
	258	1094
	258	1100
	265	1106
	275	1116
	288	1124
	304	1129
	322	1136
	337	1139
	348	1138
	353	1136
	356	1130
	355	1120
	348	1107
	338	1092
	325	1076
	313	1060
	305	1046
	299	1036
	300	1023
.PEN_UP
.PEN_DOWN
	584	1110
	581	1117
	578	1123
	570	1130
	558	1133
	548	1134
	538	1129
	531	1124
	532	1116
	536	1105
	548	1096
	561	1087
	570	1079
	576	1070
	572	1057
	554	1040
	526	1023
	508	1017
	498	1013
	494	1017
	494	1025
	503	1040
	519	1053
	536	1066
	555	1079
	569	1087
	583	1090
.PEN_UP
.PEN_DOWN
	777	1100
	777	1106
	782	1110
	782	1119
	784	1127
	784	1134
	784	1143
	777	1146
	768	1146
	755	1143
	742	1134
	734	1123
	728	1111
	730	1103
	734	1100
	742	1100
	760	1103
	776	1110
	787	1119
	794	1124
	797	1126
	799	1121
	796	1110
	784	1090
	771	1071
	755	1050
	741	1030
	729	1011
	726	993
.PEN_UP
.PEN_DOWN
	997	1095
	994	1101
	992	1104
	992	1104
	985	1100
	974	1087
	961	1070
	952	1053
	949	1040
	950	1030
	961	1023
	981	1026
	1001	1034
	1020	1046
	1032	1063
	1036	1077
	1032	1090
	1025	1100
	1014	1104
	1006	1107
	998	1105
	996	1100
	995	1090
.PEN_UP
.PEN_DOWN
	1222	1120
	1223	1116
	1222	1106
	1216	1090
	1208	1074
	1200	1055
	1191	1040
	1182	1026
	1173	1014
.PEN_UP
.PEN_DOWN
	1418	1097
	1417	1098
	1412	1096
	1408	1097
	1405	1097
	1405	1097
	1405	1096
	1408	1097
	1423	1103
	1446	1106
	1467	1110
	1485	1110
	1494	1103
	1496	1095
	1483	1080
	1452	1061
	1419	1043
	1392	1031
	1377	1025
	1374	1027
	1376	1036
	1385	1044
	1399	1054
	1410	1057
	1421	1056
	1432	1051
	1441	1037
	1448	1026
	1454	1016
	1460	1006
.PEN_UP
.PEN_DOWN
	1640	1106
	1641	1110
	1641	1110
	1646	1112
	1656	1114
	1673	1114
	1689	1114
	1702	1110
	1710	1108
	1713	1104
	1706	1096
	1686	1090
	1666	1083
	1649	1076
	1640	1070
	1637	1070
	1642	1070
	1660	1070
	1682	1073
	1701	1074
	1715	1070
	1721	1066
	1722	1057
	1713	1043
	1690	1031
	1664	1020
	1642	1013
	1633	1010
	1624	1012
.PEN_UP
.PEN_DOWN
	289	671
	289	671
	291	671
	290	667
	289	661
	281	648
	274	634
	267	623
	262	614
	265	608
	272	602
	287	602
	304	604
	321	605
	337	608
.PEN_UP
.PEN_DOWN
	362	668
	355	657
	346	644
	335	625
	326	608
	320	592
	319	574
	320	561
.PEN_UP
.PEN_DOWN
	537	632
	535	632
	532	624
	526	615
	520	605
	519	602
	519	598
	525	598
	541	598
	559	598
	574	595
	583	588
	588	581
	583	568
	566	554
	543	544
	527	538
	516	539
	510	541
	508	548
	510	553
.PEN_UP
.PEN_DOWN
	539	628
	548	638
	563	644
	585	652
	607	658
	627	661
.PEN_UP
.PEN_DOWN
	764	658
	768	665
	773	668
	773	668
	773	664
	766	651
	752	631
	738	608
	727	589
	722	572
	725	558
	740	550
	762	552
	787	562
	809	574
	822	589
	822	604
	814	608
	796	604
	777	594
	764	584
	758	575
	757	565
	768	559
.PEN_UP
.PEN_DOWN
	992	645
	985	638
	974	632
	965	625
	960	620
	959	618
	959	618
	959	618
	965	622
	979	632
	993	638
	1008	644
	1029	651
	1047	655
	1061	658
	1067	654
	1067	644
	1060	628
	1045	608
	1025	584
	1007	562
	997	544
	993	529
.PEN_UP
.PEN_DOWN
	1253	618
	1262	631
	1264	641
	1262	651
	1251	654
	1233	654
	1216	648
	1200	638
	1194	628
	1195	618
	1204	605
	1222	593
	1240	581
	1247	571
	1244	559
	1224	544
	1194	535
	1164	532
	1149	535
	1145	544
	1149	554
	1167	568
	1191	578
	1216	592
	1239	598
	1259	605
.PEN_UP
.PEN_DOWN
	1469	605
	1474	608
	1477	618
	1480	628
	1481	641
	1476	651
	1469	657
	1454	658
	1437	655
	1421	645
	1407	631
	1399	621
	1399	612
	1404	608
	1416	608
	1436	612
	1454	618
	1468	621
	1476	622
	1479	616
	1470	601
	1456	581
	1441	561
	1427	544
	1414	528
	1407	515
	1401	502
	1399	495
	1401	485
.PEN_UP
