

.STYLE CURSIVE
.COMMENT previously: .WRITER_ID jwsr.102
.WRITER_ID jws
.HAND R
.SEX F

.PEN_DOWN
0 280
3 288
8 288
13 288
18 288
27 302
35 307
44 312
57 319
71 327
81 336
88 346
98 356
105 368
117 380
127 395
139 410
152 424
161 441
174 456
181 468
188 483
193 493
198 505
200 517
200 532
203 544
205 558
205 571
205 580
203 590
200 597
196 605
186 605
178 600
171 595
161 588
156 575
152 566
152 553
149 541
149 532
149 519
149 510
154 497
159 483
166 468
174 449
181 434
188 419
196 405
203 393
213 380
222 366
227 351
232 336
235 324
237 312
237 302
237 293
235 280
230 271
222 263
213 258
200 256
188 254
174 251
161 251
149 249
137 249
125 251
113 251
98 256
83 261
71 271
59 280
52 290
47 302
44 315
44 327
44 339
42 351
42 361
42 373
44 383
49 390
52 390
57 388
64 383
69 375
76 366
83 356
93 346
105 336
117 327
127 322
137 319
.PEN_UP
.PEN_DOWN
344 327
342 322
339 317
344 317
349 317
366 317
373 317
381 319
391 327
400 336
408 349
413 361
417 373
415 383
413 390
405 393
398 390
393 383
386 375
378 363
373 349
369 334
366 319
369 310
373 300
383 293
391 288
403 285
415 288
427 290
437 295
447 305
459 317
473 329
488 341
503 354
517 363
527 373
537 380
547 388
554 385
559 383
564 375
564 371
559 361
556 349
551 336
547 322
544 307
539 295
537 285
539 290
542 297
549 307
559 319
573 336
590 354
608 368
620 375
630 371
632 366
630 356
627 344
622 327
617 310
612 290
612 276
617 263
627 254
639 249
654 251
.PEN_UP
.PEN_DOWN
761 266
761 261
761 256
761 251
761 244
.PEN_UP
.PEN_DOWN
976 463
976 458
976 451
973 444
973 439
959 422
951 417
944 412
934 410
927 412
925 417
927 424
932 434
939 449
951 461
966 473
981 483
995 490
1007 500
1020 505
1029 505
1034 500
1039 495
1037 485
1034 475
1032 463
1032 449
1029 434
1025 417
1020 397
1012 380
1007 361
1003 341
995 324
988 305
981 290
973 276
968 263
964 261
964 263
966 271
968 283
976 297
988 317
1000 336
1012 361
1025 383
1034 402
1046 422
1059 436
1073 451
1088 458
1098 458
1103 456
1107 449
1110 439
1112 429
1115 417
1117 405
1117 393
1115 380
1112 368
1107 356
1103 344
1100 334
1095 322
1090 312
1085 300
1083 290
1081 280
1078 276
1078 278
1078 283
1081 288
1083 295
1088 305
1093 317
1100 329
1105 344
1112 361
1117 378
1127 395
1137 407
1149 417
1161 419
1171 422
1181 422
1188 417
1193 412
1195 402
1195 390
1190 375
1188 358
1183 341
1178 322
1173 305
1173 288
1173 273
1176 261
1178 251
1183 241
1190 237
1202 234
1215 237
1224 241
1232 249
1239 258
1246 271
1256 283
1266 295
1276 307
1281 315
1283 315
1288 310
1288 302
1285 295
1285 283
1283 271
1283 261
1283 249
1285 241
1290 237
1300 237
1310 239
1320 244
1332 251
1339 263
1346 278
1356 297
1363 322
1373 346
1383 371
1390 393
1395 412
1398 429
1402 446
1405 461
1410 466
1412 463
1412 456
1410 446
1407 432
1402 412
1400 393
1398 373
1395 354
1393 332
1390 310
1388 290
1388 271
1388 251
1390 241
1398 244
1407 249
1422 256
1437 268
1449 278
1461 290
1473 300
1485 310
1500 322
1510 332
1519 341
1524 344
1529 341
1527 336
1522 336
1515 334
1510 332
1500 327
1490 317
1478 302
1468 288
1461 273
1459 258
1463 246
1468 239
1478 234
1488 232
1502 232
1515 232
1532 237
1546 246
1561 258
1576 278
1590 302
1607 332
1624 363
1641 397
1658 429
1673 458
1683 485
1690 507
1695 524
1695 532
1693 527
1688 519
1680 510
1671 493
1661 468
1651 439
1641 405
1629 373
1619 344
1610 317
1602 293
1597 273
1600 268
1605 276
1610 283
1617 295
1627 315
1641 334
1658 349
1671 356
1680 351
1683 344
1680 334
1676 319
1668 305
1661 288
1656 271
1656 261
1661 251
1671 246
1683 246
1697 246
1715 249
1732 254
1746 263
1761 276
1773 290
1780 307
1778 317
1775 324
1768 324
1758 319
1749 312
1739 302
1732 290
1729 278
1729 266
1734 258
1741 251
1751 246
1763 249
1780 251
1797 258
1814 271
1829 288
1844 310
1861 339
1875 371
1893 405
1907 441
1922 475
1934 510
1944 536
1951 563
1951 580
1949 583
1941 575
1932 561
1922 539
1910 512
1897 475
1888 439
1880 402
1871 368
1866 336
1861 312
1858 290
1861 276
1866 276
1873 280
1888 290
1907 302
1924 317
1941 334
1958 354
1971 375
1983 400
1995 427
2007 456
2019 483
2031 510
2041 529
2044 546
2039 549
2036 541
2031 532
2022 517
2010 490
1992 456
1978 417
1963 380
1953 349
1949 319
1949 295
1949 276
1956 258
1971 246
1992 237
2019 232
2044 232
2066 237
.PEN_UP
.PEN_DOWN
1288 410
.PEN_UP
.PEN_DOWN
1361 388
1366 388
1373 390
1378 393
1383 393
1415 402
1424 407
1439 410
1454 414
1473 414
1493 414
.PEN_UP
.PEN_DOWN
2170 244
2170 251
2170 256
2178 256
2178 261
2188 280
2192 290
2202 302
2212 317
2224 334
2234 351
2244 366
2248 373
2251 368
2248 366
2244 356
2241 346
2236 334
2231 317
2227 302
2224 285
2224 271
2229 258
2236 251
2246 249
2261 246
2275 249
2290 254
2307 266
2322 283
2336 305
2351 324
2361 341
2370 358
2378 371
2385 375
2387 373
2390 366
2390 358
2390 349
2395 334
2397 317
2400 300
2402 285
2402 273
2402 261
2397 246
2390 234
2383 224
2370 219
2358 219
2351 224
2344 229
2334 237
2329 244
2331 249
2336 249
2346 249
2356 246
2370 244
2385 241
2400 237
2414 237
.PEN_UP
.PEN_DOWN
2297 510
2292 505
2288 502
2283 497
2283 490
.PEN_UP
.PEN_DOWN
2729 397
2724 397
2719 397
2714 395
2707 390
2687 378
2682 373
2675 368
2665 361
2653 354
2641 341
2631 329
2624 312
2617 297
2614 283
2622 271
2631 261
2646 256
2665 251
2687 254
2709 256
2731 261
2751 268
2768 280
2790 293
2809 305
2829 319
2848 332
2865 341
2882 351
2890 361
2887 366
2885 368
2878 366
2870 358
2858 346
2846 334
2836 319
2831 305
2826 295
2829 283
2831 276
2836 268
2843 266
2856 266
2870 266
2887 271
2904 278
2919 288
2929 297
2934 310
2939 322
2939 334
2939 346
2939 358
2936 368
2931 375
2919 378
2907 378
2895 375
2885 368
2887 361
2892 356
2902 351
2912 351
2926 354
2943 358
2958 366
2973 373
2985 378
2997 378
3004 375
3009 371
3012 361
3012 349
3009 334
3007 317
3002 295
2997 276
2990 258
2987 251
2990 256
2992 263
3002 273
3012 285
3026 302
3038 319
3048 336
3058 354
3068 366
3080 375
3090 380
3097 380
3097 375
3095 368
3092 354
3087 339
3085 324
3080 310
3077 295
3075 283
3075 271
3077 261
3085 256
3095 256
3107 258
3119 263
3131 273
3146 285
3160 300
3177 317
3195 336
3209 358
3224 385
3234 414
3243 446
3253 475
3260 502
3268 522
3270 536
3268 539
3265 534
3258 524
3248 512
3236 495
3224 468
3212 434
3197 397
3185 358
3170 322
3158 288
3148 254
3138 224
3129 198
3119 173
3112 151
3107 132
3102 124
3102 127
3102 134
3104 146
3112 163
3119 183
3129 205
3138 224
3146 239
3146 251
3143 258
3141 263
3134 266
3126 271
3124 276
3126 280
3134 283
3141 285
3151 285
3160 288
3173 290
3187 297
3204 307
3221 317
3238 327
3251 336
3260 346
3270 358
3275 366
3277 366
3277 363
3273 356
3268 344
3263 332
3258 317
3253 305
3251 295
3253 285
3258 278
3265 273
3277 276
3292 283
3307 290
3326 302
3343 315
3360 324
3377 336
3390 344
3402 354
3414 358
3421 361
3424 358
3421 356
3414 356
3409 354
3404 349
3394 344
3387 336
3377 332
3365 327
3355 322
3346 312
3336 300
3329 285
3329 276
3331 268
3338 263
3351 261
3363 261
3375 263
3385 268
3394 276
3402 290
3412 307
3421 324
3429 349
3436 373
3443 400
3451 427
3458 449
3465 471
3472 485
3475 488
3472 483
3472 473
3468 456
3463 436
3455 412
3448 385
3441 358
3436 336
3431 312
3429 295
3429 280
3431 271
3436 263
3446 261
3458 258
3475 258
3492 261
3509 266
3526 273
3543 285
3555 300
3563 315
3565 329
3568 341
3565 351
3558 351
3546 344
3531 334
3519 324
3509 310
3507 295
3507 283
3507 271
3511 261
3519 256
3529 256
3538 258
3551 263
3565 273
3585 285
3602 297
3621 312
3638 324
3650 336
3663 341
3668 339
3668 334
3663 327
3655 315
3648 297
3641 280
3636 261
3631 244
3629 232
3629 227
3633 229
3636 237
3641 246
3653 258
3665 276
3680 295
3692 312
3704 329
3711 341
3719 344
3724 341
3721 334
3719 324
3714 312
3711 295
3709 283
3707 268
3707 258
3709 251
3716 244
3724 244
3736 246
3748 251
3760 258
3772 266
3785 278
3797 293
3804 305
3811 322
3821 339
3833 361
3846 385
3855 410
3865 434
3870 458
3877 478
3882 493
3885 497
3882 493
3880 485
3877 478
3872 466
3865 451
3858 434
3848 414
3841 397
3833 375
3828 356
3824 336
3819 317
3819 297
3819 283
3824 271
3833 263
3850 263
3872 263
3897 268
3921 273
3936 283
3945 293
3941 300
3936 307
.PEN_UP
.PEN_DOWN
3738 410
3743 410
3748 410
3758 410
3768 407
3794 407
3802 407
3816 407
3836 407
3860 407
3887 410
3902 414
.PEN_UP
.PEN_DOWN
3312 485
3309 475
3307 468
3307 461
3304 456
.PEN_UP
.PEN_DOWN
4021 261
4026 261
4031 261
4036 263
4041 266
4058 288
4067 297
4080 307
4094 322
4111 344
4126 368
4141 397
4153 429
4162 463
4175 495
4182 522
4187 549
4189 568
4192 580
4194 583
4194 580
4194 575
4189 571
4184 563
4182 553
4175 541
4170 527
4160 512
4153 497
4143 480
4136 456
4126 429
4119 402
4109 373
4102 349
4094 327
4087 307
4080 290
4075 276
4072 266
4072 266
4077 271
4084 280
4094 293
4106 310
4116 327
4126 346
4138 361
4150 371
4160 371
4167 366
4172 358
4175 346
4175 329
4172 310
4172 293
4172 276
4177 266
4187 258
4199 258
4221 258
4243 261
4265 266
4287 276
4301 288
4311 302
4321 317
4328 332
4331 344
4331 354
4326 358
4321 363
4311 361
4299 356
4284 344
4272 327
4262 305
4258 280
4258 263
4262 249
4275 241
4294 239
4319 241
4343 246
4367 254
4389 261
.PEN_UP
.PEN_DOWN
4482 249
4482 244
4482 239
4484 244
4492 249
4509 276
4518 285
4531 295
4545 307
4560 324
4575 341
4587 366
4599 393
4614 414
4626 439
4638 461
4648 483
4660 507
4667 527
4672 549
4675 568
4672 578
4667 575
4660 568
4650 561
4643 549
4638 534
4633 514
4628 493
4623 468
4614 439
4604 410
4592 375
4579 341
4567 310
4557 280
4550 256
4545 241
4548 237
4550 241
4555 249
4560 261
4570 276
4582 295
4594 315
4601 334
4611 354
4621 366
4628 368
4633 361
4633 354
4633 344
4633 332
4633 317
4633 305
4631 290
4633 280
4636 273
4643 268
4653 271
4665 273
4677 278
4687 285
4696 293
4709 302
4718 310
4728 322
4735 332
4743 339
4750 349
4760 354
4765 351
4762 351
4757 349
4753 344
4745 334
4738 324
4731 312
4723 300
4716 288
4709 273
4709 263
4711 254
4716 254
4726 258
4735 263
4748 271
4757 280
4765 295
4772 310
4779 327
4787 341
4787 356
4782 363
4777 361
4772 356
4770 346
4767 332
4767 317
4767 300
4767 280
4767 263
4772 251
4782 241
4796 237
4816 237
4835 239
4853 244
4867 254
4879 266
4892 283
4901 300
4911 317
4918 336
4926 351
4931 361
4935 361
4940 356
4948 351
4955 341
4962 332
4967 319
4967 305
4967 290
4960 278
4950 268
4940 263
4926 258
4913 258
4901 261
4899 261
4904 261
4913 261
4931 263
4952 266
4979 268
5004 273
.PEN_UP
.PEN_DOWN
5087 261
5091 261
5096 261
5101 263
5106 268
5118 285
5126 290
5135 300
5148 312
5160 327
5172 344
5182 363
5187 380
5191 397
5194 410
5194 412
5194 407
5194 402
5196 395
5201 385
5206 373
5213 358
5221 341
5226 324
5223 310
5221 295
5218 280
5208 266
5201 254
5187 249
5174 251
5165 256
5155 261
5145 263
5145 266
5150 266
5155 266
5162 263
5169 261
5179 256
5189 251
5201 249
5213 251
5226 254
5238 256
5255 263
5272 276
5287 285
5301 300
5308 312
5318 329
5323 344
5328 358
5333 373
5335 378
5335 373
5335 368
5335 356
5335 346
5333 329
5330 315
5328 300
5326 283
5326 268
5326 258
5330 249
5335 246
5345 246
5357 249
5367 258
5377 268
5389 283
5399 302
5408 319
5416 336
5418 356
5423 363
5425 366
5425 361
5425 356
5421 349
5418 339
5413 327
5406 310
5404 290
5401 273
5401 258
5404 251
5408 246
5416 244
5428 244
5443 249
5457 254
5472 263
5484 278
5496 295
5511 312
5525 332
5538 358
5547 383
5557 412
5567 439
5574 466
5582 485
5586 505
5589 522
5589 532
5586 534
5582 532
5577 524
5569 512
5564 497
5555 475
5547 451
5538 424
5525 393
5513 361
5504 329
5494 297
5479 266
5467 237
5455 210
5447 183
5440 158
5433 137
5428 117
5423 102
5421 100
5423 105
5425 115
5430 127
5435 149
5443 173
5447 198
5450 215
5455 227
5460 234
5469 239
5482 244
5494 249
5506 256
5523 266
5540 276
5560 290
5579 307
5596 327
5611 349
5623 371
5635 395
5645 419
5655 444
5664 466
5677 485
5684 505
5691 522
5691 534
5686 536
5679 532
5672 524
5664 512
5657 495
5647 473
5638 446
5623 414
5608 378
5594 341
5579 300
5567 261
5555 227
5543 193
5535 166
5530 144
5533 129
5535 122
5540 124
5547 129
5552 139
5557 151
5562 166
5567 188
5572 210
5574 232
5574 251
5569 263
5564 271
5560 273
5560 271
5562 266
5564 263
5569 266
5577 266
5586 268
5594 273
5606 278
5618 288
5628 295
5642 305
5655 315
5667 324
5677 334
5682 344
5686 354
5694 361
5694 363
5691 361
5686 356
5679 349
5674 339
5669 327
5664 312
5662 297
5662 283
5662 273
5669 266
5679 261
5689 261
5703 266
5716 271
5730 276
5745 283
5762 293
5779 305
5801 319
5823 332
5842 344
5859 351
5867 356
5867 358
5862 354
5857 351
5850 349
5840 344
5825 339
5813 332
5803 319
5794 305
5786 293
5786 278
5791 266
5799 261
5811 256
5825 254
5842 254
5857 254
5874 258
5889 263
5906 271
5920 283
5935 295
5950 310
5959 324
5967 339
5969 354
5972 361
5972 363
5969 361
5967 354
5964 346
5957 334
5950 317
5942 302
5940 290
5940 278
5940 266
5945 254
5955 244
5967 239
5984 239
6001 244
6018 254
6033 263
6045 273
6055 285
6064 297
6072 312
6079 324
6077 336
6072 346
6067 344
6057 339
6050 332
6040 319
6033 305
6025 290
6025 273
6028 263
6033 256
6042 251
6052 254
6064 256
6079 261
6094 271
6111 283
6130 297
6150 315
6167 327
6179 336
6184 339
6184 334
6181 327
6176 315
6167 297
6159 278
6152 261
6155 254
6159 256
6169 261
6176 271
6189 283
6201 295
6211 312
6220 324
6230 336
6237 339
6237 334
6237 327
6235 317
6230 305
6228 290
6228 278
6228 263
6230 256
6237 249
6247 246
6259 249
6272 254
6281 261
6291 271
6301 285
6313 300
6325 319
6337 344
6347 373
6357 402
6364 434
6374 463
6384 485
6391 505
6396 517
6393 517
6391 514
6389 505
6386 488
6379 466
6369 439
6359 414
6352 385
6342 358
6335 332
6328 307
6323 285
6320 263
6323 246
6328 237
6335 239
6342 244
6352 254
6359 263
6367 278
6376 290
6381 300
6386 310
.PEN_UP
.PEN_DOWN
6245 407
6252 407
6259 407
6269 410
6279 412
6313 412
6328 414
6347 414
6367 417
6389 422
.PEN_UP
.PEN_DOWN
5925 507
5930 507
5930 500
5930 495
5928 488
5916 466
.PEN_UP
.PEN_DOWN
5757 488
5752 485
5752 480
5745 475
5740 471
.PEN_UP
.PEN_DOWN
6587 227
6592 227
6594 232
6599 235
6607 235
6621 256
6626 266
6634 278
6643 293
6653 308
6665 325
6677 342
6692 359
6707 374
6716 381
6726 378
6729 374
6729 364
6726 354
6724 339
6721 320
6719 303
6716 283
6714 269
6714 254
6714 242
6716 230
6724 220
6733 213
6748 213
6760 215
6772 222
6785 232
6797 244
6807 259
6814 276
6824 293
6831 310
6838 325
6843 339
6851 349
6853 352
6855 352
6860 349
6868 349
6877 349
6890 349
6902 349
6914 349
6924 347
6936 347
6948 347
6960 347
6963 344
6960 339
6953 332
6946 325
6933 315
6919 300
6907 286
6897 269
6892 254
6894 239
6902 232
6911 225
6926 222
6943 222
6960 222
6975 227
6987 232
6999 242
7007 256
7011 271
7014 288
7016 303
7016 315
7016 325
7011 334
7004 344
6997 347
6987 344
6989 342
6994 339
6999 337
7009 334
7019 330
7028 327
7041 325
7055 325
7068 327
7080 330
7092 337
7102 347
7116 359
7128 371
7143 383
7155 400
7163 415
7170 432
7180 447
7185 459
7189 473
7194 476
7197 473
7194 469
7189 459
7187 447
7180 430
7172 413
7165 391
7160 371
7155 349
7153 327
7153 305
7153 286
7155 269
7158 256
7165 247
7175 239
7185 235
7199 235
7214 237
7228 242
7243 247
7255 254
7267 264
7277 274
7282 286
7287 298
7287 310
7287 322
7282 330
7277 325
7267 320
7258 313
7245 300
7238 286
7233 269
7231 254
7231 239
7236 230
7243 222
7253 217
7265 215
7280 215
7294 217
7314 222
7333 230
7350 242
7365 259
7380 276
7389 293
7402 310
7409 322
7411 330
7416 330
7419 330
7426 327
7433 322
7438 317
7443 308
7445 300
7448 291
7450 283
7455 274
7455 264
7450 254
7443 244
7433 237
7419 230
7406 227
7394 225
7384 227
7375 230
7367 235
7367 242
7372 247
7377 249
7384 249
7399 244
7414 242
7431 237
7450 232
7470 227
7487 225
7506 222
.PEN_UP
.PEN_DOWN
7053 432
7058 432
7063 432
7068 432
7077 432
7111 432
7124 432
7141 432
7167 432
7199 432
7233 432
.PEN_UP
.PEN_DOWN
7694 215
7699 215
7699 210
7699 205
7704 205
7719 227
7726 235
7731 247
7738 261
7750 278
7760 300
7772 322
7782 347
7789 371
7797 398
7804 420
7811 442
7814 456
7811 464
7806 459
7804 449
7799 434
7792 417
7787 391
7779 366
7772 339
7765 317
7758 293
7755 271
7753 249
7753 230
7755 217
7762 208
7772 210
7789 215
7806 225
7826 237
7848 249
7870 264
7892 276
7904 283
7906 283
7904 281
7899 276
7889 269
7879 256
7870 242
7862 230
7860 217
7860 208
7867 198
7877 191
7892 188
7914 191
7933 198
7953 205
7967 217
7977 232
7979 247
7979 261
7975 276
7967 291
7955 300
7940 305
7926 303
7914 298
7916 295
7921 293
7931 293
7943 293
7962 293
7987 298
8011 305
8035 310
8050 315
8055 317
.PEN_UP
.PEN_DOWN
7687 366
7692 366
7701 369
7711 369
7716 369
7775 381
7797 383
7816 388
7840 391
.PEN_UP
.PEN_DOWN
8145 198
8150 196
8155 196
8160 196
8167 198
8192 222
8201 230
8211 242
8228 256
8243 271
8257 293
8272 317
8284 347
8296 376
8306 403
8318 430
8326 454
8331 476
8331 491
8328 491
8323 483
8313 476
8306 464
8296 449
8289 430
8282 408
8277 381
8274 354
8272 322
8270 293
8270 269
8272 247
8279 230
8287 217
8296 210
8309 210
8321 213
8331 217
8340 225
8350 237
8355 252
8360 266
8362 281
8362 293
8360 305
8355 315
8348 320
8340 325
8333 330
8333 330
8338 330
8343 330
8352 332
8367 334
8379 337
8394 339
8409 347
8423 354
8440 366
8455 383
8467 398
8477 415
8484 432
8491 449
8499 464
8499 478
8496 481
8494 481
8491 476
8487 469
8479 456
8472 437
8465 415
8457 388
8450 359
8443 332
8438 303
8435 276
8433 254
8433 235
8435 222
8443 215
8450 217
8465 225
8479 235
8496 247
8513 261
8533 274
8550 288
8567 298
8579 305
8589 313
8596 317
8596 320
8591 317
8589 315
8582 308
8574 300
8565 291
8552 281
8543 269
8535 256
8533 242
8535 230
8540 222
8548 217
8562 215
8577 215
8591 217
8606 222
8618 232
8630 244
8640 261
8645 276
8650 293
8650 308
8647 317
8643 325
8635 330
8626 330
8616 325
8606 320
8601 313
8604 305
8606 298
8613 295
8623 295
8633 298
8647 303
8660 308
8674 313
8689 317
8704 320
8721 325
8735 330
8747 332
8757 332
8760 332
8757 332
8752 332
8745 327
8738 320
8728 310
8718 300
8708 288
8699 274
8691 261
8686 249
8684 235
8686 220
8691 210
8701 205
8713 203
8730 203
8747 205
8765 208
8784 215
8801 225
8818 239
8835 254
8852 269
8872 286
8886 303
8901 320
8916 339
8925 361
8933 386
8943 413
8947 437
8957 459
8964 483
8969 503
8972 517
8969 517
8967 510
8962 503
8955 488
8947 469
8938 444
8928 415
8916 383
8906 354
8899 325
8891 298
8884 271
8877 244
8867 222
8862 203
8860 196
8862 198
8872 205
8879 215
8889 230
8901 252
8913 276
8928 298
8940 320
8952 332
8962 339
8972 344
8982 344
8989 339
8994 332
8996 322
8996 308
8994 295
8989 281
8982 274
8972 269
8962 269
8952 274
8947 278
8947 286
8950 286
8950 283
8952 278
8952 271
8955 261
8960 249
8969 239
8984 232
9001 227
9018 225
9038 225
9057 225
9074 225
9089 227
.PEN_UP
.PEN_DOWN
9194 237
9189 237
9189 232
9196 232
9201 235
9233 259
9242 269
9252 281
9262 293
9274 310
9284 327
9294 344
9303 361
9308 376
9308 386
9308 383
9308 381
9311 376
9316 369
9323 359
9328 349
9335 337
9337 325
9340 310
9337 298
9333 283
9328 271
9318 259
9306 249
9291 242
9279 239
9264 237
9252 237
9242 237
9235 239
9235 242
9240 242
9245 239
9252 237
9262 237
9274 235
9286 235
9301 235
9318 235
9335 235
9352 239
9369 244
9384 256
9396 271
9408 286
9420 303
9430 317
9435 332
9440 347
9440 354
9440 352
9440 347
9437 337
9433 325
9425 308
9418 291
9416 271
9413 254
9413 237
9418 225
9425 217
9435 217
9447 217
9459 225
9472 235
9484 247
9496 261
9506 278
9511 293
9513 305
9518 315
9518 315
9518 310
9518 305
9515 298
9513 291
9511 278
9506 266
9501 252
9498 237
9498 222
9498 210
9501 200
9508 196
9518 196
9533 198
9547 205
9559 217
9572 232
9586 252
9601 269
9615 288
9630 303
9647 315
9664 322
9679 327
9689 330
9686 330
9681 327
9674 322
9664 317
9654 310
9642 300
9628 291
9618 278
9611 264
9606 252
9608 239
9615 232
9625 227
9640 225
9659 225
9679 225
9698 232
9720 239
9740 252
9754 264
9769 276
9781 291
9791 308
9801 325
9813 347
9823 369
9835 395
9850 427
9862 454
9874 478
9884 500
9889 515
9889 517
9884 510
9876 495
9864 476
9850 449
9835 415
9820 383
9811 349
9801 317
9791 288
9786 264
9784 244
9784 230
9789 227
9791 232
9798 242
9808 256
9820 278
9835 300
9850 325
9864 344
9874 354
9884 352
9889 344
9889 332
9884 315
9881 293
9879 271
9881 252
9886 237
9896 225
9908 217
9928 213
9947 213
9967 213
9988 217
10008 225
10023 237
10028 254
10030 271
.PEN_UP
.PEN_DOWN
10247 313
10247 317
10252 320
10257 320
10249 320
10230 320
10223 320
10213 317
10201 313
10186 303
10171 291
10159 276
10147 259
10142 242
10145 230
10152 222
10162 217
10176 215
10193 215
10210 215
10225 217
10237 225
10247 235
10259 249
10266 266
10274 283
10284 303
10286 317
10284 325
10281 320
10276 310
10269 295
10264 278
10262 254
10264 235
10269 217
10276 208
10291 205
10308 210
10327 217
10344 225
.PEN_UP
.PEN_DOWN
10488 198
10488 203
10488 213
10491 217
10501 225
10527 254
10537 266
10549 281
10566 295
10583 313
10603 330
10618 339
10627 337
10627 330
10625 315
10620 298
10613 278
10605 256
10598 235
10591 217
10588 203
10591 205
10596 213
10600 222
10608 235
10618 249
10630 266
10644 283
10661 303
10676 320
10691 334
10703 344
10713 344
10720 342
10720 334
10718 327
10715 320
10710 308
10705 298
10700 286
10696 274
10691 261
10688 249
10683 237
10679 230
10674 222
10671 217
10674 220
10676 225
10681 232
10686 244
10693 259
10705 274
10718 291
10732 305
10742 320
10752 334
10759 344
10766 352
10774 352
10778 349
10776 344
10774 334
10771 322
10771 305
10766 291
10759 274
10754 256
10754 239
10759 227
10766 220
10776 217
10791 215
10808 217
10827 222
10844 230
10864 239
10881 252
10896 266
10905 281
10910 298
10910 313
10905 322
10900 322
10891 317
10881 310
10869 298
10857 283
10844 264
10837 247
10832 230
10835 215
10839 205
10849 200
10864 203
10883 208
10903 213
10925 222
10944 232
10964 247
10986 261
11005 274
11025 286
11042 293
11054 298
11064 303
11069 305
11069 305
11064 303
11056 300
11047 295
11034 291
11022 281
11013 269
11003 256
10993 244
10986 235
10978 225
10978 215
10981 205
10988 198
10998 196
11010 196
11025 200
11034 208
11047 217
11056 230
11064 244
11071 259
11078 276
11083 291
11088 293
11086 288
11078 281
11074 271
11066 256
11061 242
11059 227
11059 215
11061 208
11069 200
11076 196
11088 196
11100 200
11115 205
11127 213
11142 220
11154 230
11164 242
11176 256
11186 271
11191 286
11198 303
11203 315
11208 315
11215 310
11220 308
11225 300
11230 293
11232 283
11234 271
11239 256
11242 242
11239 227
11234 217
11225 208
11215 203
11203 200
11191 203
11178 205
11166 210
11164 215
11166 217
11171 215
11178 213
11188 210
11198 208
11210 208
11222 208
11237 208
11251 213
11269 220
11286 230
11303 242
11320 256
11337 269
11349 286
11359 300
11366 315
11369 327
11366 327
11364 322
11359 317
11354 308
11349 298
11347 283
11347 271
11344 256
11344 244
11344 232
11349 222
11356 217
11369 217
11381 217
11395 225
11405 232
11415 244
11427 256
11439 271
11449 288
11459 303
11464 315
11464 320
11464 317
11459 310
11454 300
11449 288
11442 274
11439 259
11439 249
11442 237
11449 230
11456 225
11469 220
11481 220
11490 222
11500 230
11512 239
11520 254
11529 269
11537 283
11542 298
11549 313
11554 322
11559 327
11568 327
11578 327
11593 327
11605 327
11615 322
11615 315
11612 305
11607 295
11600 283
11593 274
11586 261
11590 249
11598 239
11610 232
11629 227
11649 225
11668 227
11686 230
11703 239
11717 249
11729 264
11739 276
11746 288
11751 300
11749 308
11744 315
11732 315
11717 310
11700 305
11688 295
11676 286
11668 274
11664 259
11664 244
11666 235
11673 225
11688 217
11707 213
11739 210
11771 210
11798 215
11824 222
.PEN_UP
.PEN_DOWN
11927 330
11934 334
11934 330
11927 325
11927 320
11922 291
11917 281
11915 266
11912 249
11915 230
11920 215
11924 205
11934 200
11949 203
11963 205
11976 215
11988 222
12000 237
12012 252
12022 269
12034 286
12041 305
12046 320
12054 327
12056 322
12059 317
12056 305
12054 293
12051 278
12046 259
12044 242
12046 227
12049 215
12056 208
12066 205
12078 208
12093 213
12107 220
12120 230
12132 244
12141 256
12149 274
12156 291
12161 308
12163 320
12166 327
12168 330
12173 327
12183 325
12193 322
12207 322
12222 322
12237 322
12249 325
12261 330
12271 334
12276 344
12280 349
12278 352
12276 349
12271 344
12266 337
12258 327
12254 315
12249 303
12246 291
12244 276
12244 261
12244 249
12244 237
12249 230
12258 225
12268 222
12280 225
12295 227
12310 235
12327 247
12341 264
12356 286
12371 308
12385 332
12402 359
12417 383
12432 405
12444 425
12451 444
12458 459
12461 471
12458 478
12456 478
12451 476
12449 469
12444 461
12439 449
12432 434
12424 420
12415 400
12405 374
12393 349
12385 320
12380 295
12376 274
12378 256
12383 244
12388 237
12400 232
12415 232
12434 237
12454 244
12473 256
12490 276
12505 303
12524 332
12544 364
12561 395
12575 430
12588 461
12595 491
12605 517
12610 530
12612 532
12610 527
12605 520
12600 510
12590 495
12583 476
12573 454
12563 425
12551 395
12536 364
12522 330
12512 300
12502 276
12495 254
12488 235
12483 220
12478 205
12475 200
12478 205
12485 213
12495 222
12507 237
12527 254
12546 271
12568 291
12580 300
12585 300
12580 295
12578 283
12578 269
12575 254
12575 237
12580 222
12590 215
12605 210
12624 208
12649 208
12668 210
12683 217
.PEN_UP
.PEN_DOWN
12302 395
12310 395
12319 395
12329 395
12339 393
12378 393
12393 393
12412 391
12429 391
.PEN_UP
.PEN_DOWN
12271 488
12271 483
12271 478
12268 471
12263 469
.PEN_UP
.PEN_DOWN
12877 204
12877 199
12882 199
12887 199
12892 199
12914 216
12921 226
12933 241
12946 256
12958 275
12970 297
12980 316
12990 341
12997 363
13004 382
13004 394
13002 392
12999 387
12994 377
12992 365
12987 348
12982 321
12975 290
12968 253
12960 214
12953 177
12946 143
12938 109
12929 80
12919 53
12912 26
12907 9
12902 0
12897 4
12899 9
12904 24
12916 46
12929 78
12946 114
12960 153
12972 190
12985 221
12997 248
13009 270
13019 287
13029 297
13038 304
13048 307
13055 304
13063 297
13065 285
13063 270
13060 251
13058 234
13053 216
13048 202
13038 190
13029 177
13019 168
13007 158
12997 153
12985 156
12972 160
12965 165
12965 165
12968 163
12975 160
12985 158
12997 158
13014 158
13031 158
13050 160
13070 168
13087 175
13107 190
13126 202
13143 219
13160 234
13172 251
13180 268
13185 282
13189 297
13189 304
13189 304
13192 302
13199 299
13209 299
13219 299
13228 297
13236 292
13236 282
13233 270
13228 256
13221 243
13211 229
13204 214
13202 199
13204 187
13214 182
13224 180
13238 182
13253 190
13270 199
13287 214
13307 229
13324 241
13341 251
13353 258
13365 265
13372 273
13375 277
13370 277
13365 273
13355 268
13348 258
13341 246
13333 231
13328 216
13326 202
13326 190
13331 180
13338 173
13350 170
13363 170
13382 173
13399 177
13416 187
13431 199
13441 214
13445 229
13448 243
13448 258
13445 270
13443 280
13438 287
13431 285
13426 282
13421 277
13416 277
13414 277
13409 282
13404 285
13397 282
13389 280
13382 277
13377 275
13377 273
13382 270
13389 270
13402 273
13419 275
13438 280
13458 285
13477 290
13497 292
13516 295
13536 297
13555 299
13572 302
13577 304
13577 304
13572 304
13565 304
13558 299
13550 295
13538 287
13526 277
13514 268
13502 258
13494 243
13489 229
13484 216
13484 202
13487 192
13494 187
13504 185
13516 187
13536 192
13553 197
13570 204
13587 209
13604 216
13621 226
13636 236
13655 248
13672 258
13687 268
13701 277
13714 285
13726 292
13736 299
13741 307
13738 314
13733 319
13726 321
13716 321
13706 321
13692 319
13682 312
13670 302
13658 285
13650 270
13641 256
13636 241
13633 226
13636 214
13641 202
13650 195
13662 192
13680 190
13697 192
13716 195
13736 199
13755 209
13777 219
13799 231
13821 241
13843 253
13860 263
13872 270
13877 275
13875 280
13870 282
13860 282
13850 282
13836 277
13819 270
13804 260
13789 248
13780 231
13772 216
13770 202
13775 192
13780 185
13787 182
13799 182
13814 185
13831 192
13843 202
13855 219
13867 238
13877 263
13887 290
13897 319
13906 351
13916 380
13926 404
13933 429
13933 446
13931 451
13928 446
13926 438
13921 426
13916 407
13911 382
13901 353
13894 324
13887 295
13882 268
13882 243
13882 221
13882 202
13884 187
13889 180
13899 182
13911 187
13923 192
13936 199
13948 209
13960 224
13972 241
13982 256
13992 273
13994 280
13989 277
13984 268
13979 258
13975 246
13972 234
13970 224
13972 212
13975 202
13982 195
13989 190
14004 187
14018 190
14033 195
14045 199
14057 209
14067 216
14075 229
14079 241
14082 256
14084 270
14087 287
14092 299
14094 307
14094 302
14092 295
14092 282
14089 268
14089 251
14087 234
14087 219
14092 209
14096 202
14104 199
14114 202
14123 204
14136 209
14148 221
14160 236
14170 253
14179 270
14187 285
14194 299
14199 309
14206 316
14216 321
14223 319
14235 319
14248 316
14260 316
14272 316
14277 312
14274 302
14270 292
14260 280
14250 268
14235 256
14223 241
14216 229
14214 214
14216 204
14226 197
14238 197
14253 199
14272 202
14289 209
14309 216
14326 224
14343 234
14360 243
14377 253
14394 263
14411 273
14426 280
14438 285
14450 287
14460 290
14460 292
14455 295
14448 295
14438 292
14426 290
14409 282
14394 277
14379 270
14365 260
14353 251
14343 241
14335 229
14333 216
14338 209
14345 204
14355 202
14370 199
14384 202
14399 204
14411 212
14421 221
14431 236
14435 253
14438 268
14438 275
14438 273
14438 268
14438 258
14438 246
14443 231
14450 216
14462 204
14479 195
14496 192
14516 192
14535 197
14552 204
14572 216
14584 231
14596 253
14606 277
14613 307
14623 341
14635 375
14648 404
14657 431
14662 446
14657 451
14650 446
14640 433
14628 416
14609 387
14589 353
14574 314
14562 280
14560 248
14565 221
14577 202
14599 185
14628 180
14662 185
14699 195
14728 212
14752 231
14767 256
.PEN_UP
.PEN_DOWN
15079 299
15079 304
15074 307
15069 309
15064 309
15045 309
15038 307
15025 302
15013 295
15001 282
14986 268
14977 248
14972 229
14967 209
14967 192
14972 180
14984 175
14999 177
15018 182
15040 190
15060 202
15079 216
15096 234
15108 251
15113 268
15118 285
15116 297
15113 302
15108 299
15106 295
15101 287
15099 280
15094 265
15089 251
15086 231
15084 212
15082 192
15082 177
15086 165
15096 160
15106 160
15123 165
15140 170
15160 180
15177 195
15196 209
15213 226
15228 243
15242 260
15255 273
15267 282
15279 287
15291 290
15299 290
15303 287
15299 287
15294 287
15289 285
15281 282
15272 280
15260 273
15247 265
15238 256
15225 243
15218 229
15213 214
15213 199
15218 185
15225 173
15238 165
15252 160
15272 160
15291 160
15308 163
15328 170
15345 177
15362 190
15379 207
15396 221
15411 238
15423 258
15435 275
15445 295
15455 312
15462 329
15467 346
15472 363
15474 377
15481 392
15486 407
15491 419
15496 429
15501 438
15503 451
15506 463
15508 472
15508 475
15508 470
15508 463
15503 453
15496 436
15486 409
15477 382
15467 353
15462 324
15457 299
15455 273
15452 251
15452 231
15452 214
15455 197
15459 185
15469 177
15484 175
15498 177
15513 182
15528 195
15542 207
15555 226
15564 243
15572 263
15576 280
15576 282
15576 277
15572 268
15567 256
15564 243
15559 229
15559 216
15559 204
15564 197
15572 192
15581 190
15594 190
15608 192
15623 199
15637 207
15652 221
15667 236
15681 251
15696 265
15708 275
15720 280
15728 285
15730 282
15728 277
15723 273
15715 265
15703 256
15689 246
15676 231
15667 216
15662 202
15664 187
15672 177
15681 173
15696 173
15715 177
15733 185
15752 195
15769 209
15776 226
15781 243
15779 258
15774 270
15764 280
15750 285
15737 287
15725 282
15715 275
15708 265
15708 253
15711 243
15720 238
15730 236
15747 236
15772 238
15798 243
15825 248
15852 258
15874 268
15893 277
15913 282
15925 277
15925 270
15920 258
15911 241
15898 219
15886 199
15874 180
15874 173
15879 173
15886 175
15896 185
15911 197
15925 214
15942 236
15962 256
15979 275
15993 287
16008 292
16015 287
16020 282
16018 275
16013 263
16008 248
16001 229
15991 212
15984 197
15981 182
15986 173
15991 165
15998 160
16010 160
16025 160
16040 163
16057 168
16074 177
16091 190
16108 204
16125 221
16140 238
16154 256
16169 275
16179 292
16186 307
16188 316
16191 314
16196 309
16203 304
16208 295
16215 285
16220 270
16223 253
16225 234
16225 216
16220 199
16210 185
16198 177
16181 173
16164 175
16147 180
16132 187
16120 195
16118 202
16120 204
16128 204
16142 202
16164 199
16196 197
16232 195
16267 192
16301 187
16332 182
16357 175
16379 170
16393 168
.PEN_UP
.PEN_DOWN
15691 441
15691 433
15689 429
15684 424
15681 419
15662 399
.PEN_UP
.PEN_DOWN
15289 373
15294 373
15299 373
15303 373
15311 373
15342 373
15359 373
15384 373
15416 373
15455 373
15496 373
15530 373
15559 373
.PEN_UP
.PEN_DOWN
16513 173
16508 168
16503 168
16498 168
16498 163
16488 151
16493 148
16501 148
16513 151
16530 156
16542 160
16544 165
16540 168
.PEN_UP
