

.STYLE CURSIVE
.COMMENT previously: .WRITER_ID jwsr.334
.WRITER_ID jws
.HAND R
.SEX F

.PEN_DOWN
7 471
5 464
0 459
0 454
7 454
29 469
39 476
48 488
61 503
78 527
95 554
112 584
134 618
153 645
170 669
180 681
178 676
170 669
158 652
146 630
134 598
122 554
109 510
97 462
85 420
75 384
68 352
61 325
58 311
61 311
66 320
75 340
88 367
107 403
129 449
153 498
178 545
202 588
226 623
246 649
263 662
278 659
285 654
290 649
290 642
287 630
285 610
278 588
265 567
253 545
241 530
226 515
212 503
192 493
170 486
153 481
144 476
146 476
153 481
166 486
180 493
195 498
214 503
231 503
251 503
270 501
285 496
292 486
297 471
297 457
295 437
287 415
278 391
265 367
251 345
234 328
217 318
200 308
180 306
161 303
139 301
114 301
92 303
75 308
66 320
58 332
61 345
66 357
73 367
85 371
102 376
117 379
131 379
144 379
153 374
166 369
178 367
190 364
200 367
209 369
.PEN_UP
.PEN_DOWN
317 308
322 315
326 318
334 323
344 328
375 367
383 384
395 403
407 425
417 447
424 462
426 467
426 459
424 447
422 428
419 403
414 374
409 350
409 330
414 318
422 315
434 320
448 330
468 340
487 359
509 384
531 408
551 432
563 454
568 459
563 454
561 447
556 437
548 423
541 406
534 384
529 362
529 342
531 328
536 318
546 315
561 315
578 320
597 328
617 340
639 359
663 381
690 410
712 445
734 484
751 525
770 569
787 606
799 637
809 664
809 676
804 681
799 674
790 659
780 637
763 601
746 552
731 501
719 452
712 410
709 379
712 352
717 332
726 320
746 313
768 315
792 318
814 325
.PEN_UP
.PEN_DOWN
643 513
651 513
660 513
675 513
685 513
758 515
785 515
817 518
851 518
885 518
.PEN_UP
.PEN_DOWN
973 303
980 303
987 303
997 303
1007 308
1036 332
1051 342
1070 357
1092 379
1119 408
1146 442
1168 479
1190 513
1204 549
1214 581
1221 613
1226 642
1226 664
1224 674
1219 674
1212 669
1202 654
1187 632
1168 598
1146 554
1124 506
1102 459
1085 420
1077 386
1080 359
1087 340
1099 335
1116 340
1143 350
1175 364
1207 381
1238 406
1265 428
1292 447
1314 464
1336 471
1351 471
1358 467
1358 462
1353 457
1346 452
1333 445
1319 437
1302 430
1282 420
1265 408
1248 391
1236 374
1224 357
1224 345
1226 335
1233 332
1246 332
1268 340
1290 347
1311 359
1329 376
1341 391
1353 408
1360 425
1363 437
1358 437
1351 430
1341 418
1331 398
1326 376
1324 352
1324 335
1329 328
1338 328
1355 335
1377 345
1402 357
1424 376
1446 401
1468 432
1489 467
1511 501
1533 535
1553 571
1575 606
1592 632
1602 654
1604 664
1599 659
1594 654
1582 637
1570 613
1553 576
1536 532
1519 488
1507 447
1494 410
1489 376
1492 347
1497 323
1504 303
1519 293
1541 291
1572 296
1604 303
1638 320
1663 342
1685 369
1699 396
1702 415
1697 430
1687 430
1677 425
1660 418
1641 403
1621 386
1609 367
1602 347
1602 328
1607 315
1614 306
1626 301
1643 303
1660 311
1677 320
1692 332
1709 350
1724 367
1736 381
1745 393
1753 401
1763 406
1770 410
1787 410
1804 410
1824 413
1841 413
1850 413
1850 408
1845 401
1841 389
1833 371
1831 352
1828 332
1828 315
1828 303
1836 296
1845 291
1865 289
1889 289
1914 289
1941 293
1962 301
1980 311
1989 325
.PEN_UP
.PEN_DOWN
1475 547
1480 549
1487 552
1497 557
1502 559
1568 562
1592 562
1624 562
1655 562
1689 562
1714 562
1736 562
.PEN_UP
.PEN_DOWN
2050 274
2055 279
2062 284
2067 289
2075 296
2106 330
2116 342
2128 357
2143 376
2155 401
2165 423
2170 445
2175 459
2179 452
2177 442
2172 428
2162 408
2153 384
2138 357
2123 330
2116 308
2116 291
2121 281
2131 284
2145 289
2165 301
2187 323
2211 347
2238 376
2262 406
2287 430
2306 449
2321 457
2328 452
2326 440
2323 423
2316 403
2306 379
2297 354
2287 332
2277 313
2275 301
2279 301
2287 306
2301 318
2321 335
2348 359
2370 384
2392 410
2411 428
2423 432
2423 425
2418 410
2414 391
2409 369
2404 340
2404 318
2406 298
2414 284
2428 279
2448 284
2472 289
2496 296
2518 308
2538 325
2550 350
.PEN_UP
.PEN_DOWN
2211 620
2219 620
2223 620
2231 620
2233 625
.PEN_UP
.PEN_DOWN
2650 291
2650 284
2655 284
2660 284
2667 289
2692 315
2701 328
2716 340
2733 362
2755 389
2779 423
2801 457
2823 491
2843 525
2860 554
2874 584
2882 606
2877 610
2872 603
2860 586
2848 557
2831 520
2813 471
2799 425
2784 384
2774 350
2767 323
2770 303
2774 293
2782 293
2796 301
2816 311
2843 330
2874 350
2904 379
2935 413
2962 452
2987 496
3008 540
3030 584
3050 625
3065 662
3074 691
3079 710
3079 710
3074 698
3062 676
3043 642
3021 601
2991 552
2967 501
2945 457
2928 415
2916 381
2909 354
2909 342
2911 337
2916 342
2926 350
2943 362
2965 384
2991 408
3018 435
3043 457
3062 471
3072 474
3074 469
3072 454
3067 437
3062 413
3057 389
3052 369
3055 354
3060 345
3069 335
3087 332
3113 335
3145 342
3174 354
3204 374
3228 398
3247 425
3262 449
3267 471
3262 486
3255 491
3238 486
3218 471
3194 452
3172 425
3155 396
3145 371
3145 352
3152 335
3167 323
3191 311
3218 311
3250 313
3279 318
3306 325
3330 337
3345 352
3350 371
.PEN_UP
.PEN_DOWN
2733 510
2743 508
2752 508
2767 508
2787 508
2857 510
2882 513
2913 518
2950 525
.PEN_UP
.PEN_DOWN
3611 447
3616 445
3611 447
3603 447
3599 447
3577 447
3567 447
3555 442
3540 435
3523 423
3508 406
3491 384
3477 359
3462 335
3455 311
3455 291
3460 276
3469 269
3486 272
3506 284
3530 301
3557 323
3581 352
3603 389
3628 425
3650 467
3667 510
3681 552
3689 588
3694 618
3696 642
3696 649
3696 647
3694 632
3686 608
3674 574
3657 530
3638 481
3618 432
3606 389
3596 352
3594 325
3594 306
3596 293
3603 286
3613 289
3630 298
3652 311
3681 332
3708 354
3740 379
3769 401
3796 418
3820 432
3840 440
3850 442
3850 437
3845 435
3837 432
3828 428
3816 423
3798 413
3781 398
3762 381
3742 362
3725 345
3711 328
3703 311
3706 298
3711 289
3718 284
3730 284
3745 286
3762 293
3781 306
3798 325
3811 347
3820 371
3830 396
3837 418
3845 428
3847 418
3845 406
3840 391
3833 371
3828 350
3823 330
3823 313
3828 303
3833 301
3842 303
3857 313
3879 325
3901 340
3925 364
3950 389
3964 403
3972 403
3967 396
3962 381
3957 364
3955 345
3952 323
3950 306
3952 293
3959 286
3972 284
3984 286
4001 293
4018 308
4037 328
4059 354
4081 384
4101 415
4120 442
4135 462
4145 464
4147 457
4145 440
4140 410
4133 367
4120 315
4106 267
4086 218
4062 176
4035 140
4008 111
3984 84
3962 69
3947 67
3942 74
3947 94
3964 123
3986 164
4023 213
4069 262
4118 308
4164 347
4206 379
4242 403
4271 420
4291 432
4298 437
.PEN_UP
.PEN_DOWN
4313 330
4318 330
4320 320
4320 311
4318 301
4293 272
4279 259
4264 247
4250 240
4245 237
4247 242
.PEN_UP
.PEN_DOWN
4610 454
4610 459
4610 464
4596 464
4586 464
4540 454
4525 447
4508 435
4488 415
4469 389
4452 362
4440 335
4437 313
4442 298
4452 286
4467 279
4488 281
4513 289
4540 303
4564 320
4586 345
4606 369
4620 396
4632 420
4640 442
4637 452
4635 447
4627 442
4618 428
4606 406
4598 381
4591 354
4593 330
4598 311
4608 293
4620 281
4637 276
4654 276
4674 281
4691 286
4710 293
4730 306
.PEN_UP
.PEN_DOWN
4803 284
4803 279
4808 279
4810 284
4815 291
4830 325
4835 342
4842 359
4852 381
4862 403
4874 425
4883 442
4893 459
4898 469
4903 471
4901 467
4903 462
4905 457
4913 454
4923 452
4937 452
4954 452
4976 449
4996 447
5015 442
5030 435
5032 428
5027 420
5020 413
5013 403
5003 393
4991 379
4981 362
4971 347
4966 332
4964 318
4966 306
4974 296
4986 291
5005 289
5027 291
5052 296
5079 303
5105 318
5132 332
5157 352
5174 371
5183 396
5186 418
5181 437
5174 447
5161 445
5147 440
5132 432
5118 420
5103 408
5093 389
5086 369
5083 350
5086 332
5091 320
5100 313
5118 311
5142 313
5171 318
5200 328
5230 347
5254 371
5278 403
5300 437
5320 474
5339 510
5357 547
5374 579
5386 606
5393 623
5396 625
5393 618
5388 606
5378 586
5359 549
5335 501
5303 445
5274 384
5244 325
5218 272
5196 223
5176 181
5161 147
5152 120
5147 108
5149 108
5154 120
5161 135
5179 169
5205 215
5239 274
5281 335
5317 384
5352 425
5378 449
5398 459
5410 454
5415 447
5417 430
5415 410
5410 384
5400 352
5383 325
5366 303
5347 289
5327 284
5310 286
5296 289
5281 291
5266 296
5259 298
5261 303
5266 306
5276 306
5296 308
5322 311
5359 315
5398 325
5442 340
5483 357
5522 376
5554 391
5581 406
5598 418
5603 428
5598 432
5588 430
5576 423
5556 410
5534 393
5513 371
5488 350
5469 328
5454 308
5454 293
5461 284
5469 279
5481 279
5503 279
5527 284
5554 296
5578 311
5598 330
5613 352
5620 374
5620 396
5615 415
5608 432
5593 435
5578 432
5561 428
5547 423
5539 415
5542 406
5549 398
5564 391
5578 389
5598 391
5617 396
5634 401
5652 406
5664 408
5678 410
5693 410
5715 410
5739 413
5766 413
5783 413
5791 410
5786 406
5776 396
5766 381
5754 362
5742 342
5732 325
5730 311
5730 301
5737 293
5747 289
5756 291
5773 293
5795 303
5822 315
5847 335
5873 364
5900 398
5927 440
5954 484
5981 523
6005 559
6025 588
6037 608
6047 613
6044 610
6039 601
6025 586
6008 562
5986 525
5961 484
5939 440
5925 403
5915 364
5917 335
5927 308
5942 286
5961 272
5981 264
6003 269
6025 276
6047 289
6064 303
6076 323
6083 347
6081 369
6078 391
.PEN_UP
.PEN_DOWN
5803 488
5808 488
5817 488
5830 488
5859 488
5934 488
5973 486
6017 488
6059 488
6100 488
6115 488
6115 488
6110 488
.PEN_UP
.PEN_DOWN
6173 303
6173 296
6178 293
6183 293
6183 286
6200 291
6210 298
6222 311
6244 330
6276 357
6310 389
6344 428
6378 467
6405 508
6432 547
6451 584
6466 615
6473 640
6471 657
6466 659
6459 652
6449 637
6437 623
6424 598
6407 564
6390 527
6373 486
6356 445
6344 406
6334 367
6334 332
6339 303
6349 284
6361 272
6378 269
6395 274
6412 284
6429 296
6442 313
6449 332
6454 357
6459 381
6456 403
6451 418
6442 425
6432 428
6424 428
6429 428
6439 425
6449 420
6461 418
6478 418
6498 423
6517 428
6539 430
6556 432
6563 430
6566 423
6563 410
6556 389
6549 364
6539 342
6532 323
6537 313
6541 306
6554 308
6571 313
6595 323
6622 337
6649 359
6671 384
6693 410
6707 432
6712 442
6715 440
6715 432
6710 413
6705 386
6695 352
6680 306
6656 262
6632 220
6600 181
6571 150
6541 123
6515 101
6502 96
6498 101
6505 115
6522 140
6549 176
6588 225
6632 274
6680 323
6729 362
6773 391
6812 413
6841 428
6858 432
6863 432
6861 430
6856 430
6849 435
.PEN_UP
.PEN_DOWN
6959 257
6966 257
6971 257
6978 257
6983 260
6995 282
7005 291
7015 304
7032 321
7049 348
7071 382
7095 421
7117 462
7137 504
7149 535
7158 562
7161 584
7161 586
7158 579
7154 557
7144 523
7129 477
7112 423
7098 372
7085 323
7076 282
7073 248
7076 228
7080 223
7098 233
7122 250
7156 272
7193 304
7224 343
7254 382
7280 426
7302 469
7327 518
7349 562
7363 601
7375 633
7383 657
7380 667
7375 660
7368 645
7356 621
7336 584
7315 538
7293 491
7271 443
7251 401
7236 365
7224 333
7217 311
7217 296
7224 299
7234 306
7246 318
7266 340
7290 367
7315 396
7341 423
7366 440
7380 445
7380 435
7373 416
7361 391
7349 360
7339 330
7336 306
7346 289
7363 279
7388 279
7419 284
7451 294
7480 309
7510 328
7529 350
7541 374
7546 396
7544 421
7536 435
7527 443
7512 438
7495 428
7480 416
7471 396
7466 372
7466 348
7468 326
7478 309
7492 294
7517 287
7544 284
7573 287
7597 294
7622 304
7641 316
7651 330
7651 348
.PEN_UP
.PEN_DOWN
7054 438
7063 438
7068 438
7078 440
7095 445
7151 450
7171 452
7193 455
7215 457
7236 457
7258 457
7271 457
7271 457
.PEN_UP
.PEN_DOWN
7785 426
7780 421
7775 421
7770 421
7770 416
7778 406
7785 406
7800 411
7819 421
7848 438
7878 465
7909 496
7934 528
7956 562
7975 589
7990 613
7995 633
7990 640
7985 635
7978 628
7968 613
7956 589
7941 552
7926 513
7909 467
7890 421
7868 377
7844 333
7822 296
7805 267
7792 248
7795 240
7800 245
7809 262
7829 287
7856 321
7887 365
7922 411
7953 457
7983 501
8009 540
8031 569
8048 594
8061 604
8070 604
8078 599
8083 591
8087 579
8087 565
8090 545
8087 521
8083 496
8075 472
8063 450
8046 433
8029 418
8012 406
7992 401
7970 399
7948 396
7924 394
7907 396
7902 399
7907 404
7917 411
7929 421
.PEN_UP
.PEN_DOWN
8007 289
8007 284
8014 282
8019 282
8024 282
8046 294
8056 304
8065 318
8080 338
8095 362
8109 387
8126 411
8139 428
8146 435
8144 430
8139 421
8131 406
8124 387
8114 360
8107 335
8100 313
8100 296
8102 284
8109 282
8122 287
8136 296
8156 306
8173 326
8195 350
8214 374
8234 396
8241 404
8239 401
8231 389
8222 369
8214 345
8207 318
8207 291
8212 272
8222 257
8234 252
8248 257
8268 265
8287 282
8304 304
8321 328
8334 355
8343 379
8351 399
8358 413
8363 416
8368 411
8370 408
8378 408
8385 406
8397 406
8412 406
8424 406
8439 406
8448 401
8451 394
8446 384
8439 369
8429 350
8414 330
8402 311
8392 291
8390 274
8395 267
8404 267
8419 272
8439 282
8463 294
8487 311
8514 330
8538 352
8563 372
8585 387
8607 399
8624 401
8629 399
8624 394
8617 391
8607 389
8592 384
8573 377
8551 367
8531 355
8512 338
8497 318
8490 299
8495 282
8502 270
8517 262
8536 262
8565 267
8599 274
8631 289
8663 306
8695 330
8724 357
8751 391
8777 428
8799 467
8819 508
8838 545
8855 582
8868 611
8870 628
8868 633
8863 628
8858 616
8848 599
8836 567
8821 526
8807 479
8790 430
8770 382
8755 340
8743 306
8736 282
8734 262
8734 257
8738 262
8748 274
8763 291
8790 316
8819 345
8848 374
8875 396
8894 406
8902 401
8897 389
8892 372
8880 350
8868 323
8855 301
8846 279
8846 265
8848 257
8858 260
8873 267
8897 277
8929 296
8963 321
8994 350
9024 377
9051 396
9075 406
9094 411
9109 408
9114 401
9111 396
9107 391
9099 389
9087 387
9072 384
9055 379
9036 372
9014 357
8992 343
8972 323
8958 306
8951 289
8955 274
8963 267
8975 262
8990 265
9007 270
9026 282
9046 296
9065 318
9082 343
9094 367
9099 389
9097 401
9092 399
9085 391
9077 382
9070 367
9065 350
9063 330
9063 311
9068 296
9077 289
9092 289
9109 289
9131 294
9153 301
9177 313
9197 328
9214 350
9229 372
9236 394
9238 413
9236 416
9233 408
9233 401
9236 391
9241 379
9248 362
9255 343
9263 321
9265 296
9263 274
9255 252
9241 240
9221 233
9199 235
9177 243
9160 252
9146 265
9138 277
9138 289
9141 291
9143 289
9150 282
9155 274
9168 265
9182 255
9204 250
9229 248
9255 248
9280 250
9304 260
9326 274
9346 296
9363 326
9377 357
9392 387
9402 411
9407 423
9409 423
9407 418
9402 408
9399 396
9392 382
9387 365
9380 345
9375 328
9370 309
9367 291
9367 274
9372 265
9382 262
9394 265
9411 270
9431 279
9448 294
9467 316
9487 343
9506 369
9524 394
9538 404
9545 399
9548 391
9550 382
9550 367
9550 348
9548 326
9543 306
9538 284
9528 272
9528 270
9531 277
9541 287
9550 301
9570 321
9589 345
9614 369
9636 391
9648 406
9655 408
9650 401
9645 394
9641 384
9633 369
9624 350
9614 330
9609 311
9606 291
9609 279
9616 272
9624 272
9638 277
9653 287
9672 299
9692 316
9719 338
9745 357
9772 377
9799 387
9821 389
9841 389
9848 389
9843 387
9836 387
9828 387
9816 387
9801 387
9782 379
9760 369
9741 355
9719 335
9706 318
9699 301
9699 284
9704 272
9714 265
9726 265
9741 267
9760 270
9780 279
9801 296
9819 318
9836 348
9848 377
9853 396
9850 404
9848 396
9843 387
9836 377
9828 357
9819 330
9806 299
9794 260
9777 221
9755 184
9731 148
9704 118
9682 94
9658 77
9638 70
9616 72
9604 77
9597 84
9602 96
9614 121
9638 152
9672 192
9714 228
9758 262
9797 289
9831 313
9860 330
9887 343
9909 348
9921 348
9921 348
.PEN_UP
.PEN_DOWN
9424 567
9419 562
9411 555
9402 550
9394 545
9385 543
9392 545
.PEN_UP
.PEN_DOWN
10084 577
10082 572
10079 567
10077 560
10070 555
10058 535
10055 528
10050 521
10043 513
10036 506
10026 506
10018 511
10021 518
10023 530
10031 547
10040 565
10053 582
10065 599
10082 611
10097 618
10111 623
10123 621
10126 616
10126 604
10123 591
10118 567
10111 538
10101 504
10087 465
10075 428
10062 391
10048 355
10033 321
10018 287
10006 260
9997 245
9997 243
9999 250
10006 265
10016 289
10036 323
10060 367
10092 416
10126 462
10157 504
10184 540
10209 569
10228 591
10240 606
10245 608
10245 604
10243 586
10235 562
10228 530
10218 491
10206 455
10194 421
10182 389
10172 360
10162 335
10155 326
10153 330
10157 338
10162 350
10170 372
10184 399
10206 433
10233 469
10262 504
10289 533
10314 560
10331 574
10340 574
10340 567
10335 557
10328 543
10318 516
10309 487
10294 450
10282 416
10270 382
10257 350
10253 321
10248 299
10250 282
10255 279
10267 284
10282 296
10306 311
10333 335
10362 362
10392 387
10418 408
10445 421
10467 428
10482 428
10492 426
10487 423
10482 418
10474 416
10465 413
10452 408
10440 404
10426 394
10409 382
10392 367
10377 352
10367 333
10360 318
10362 306
10365 296
10374 294
10387 296
10404 304
10421 313
10435 326
10448 345
10457 362
10467 382
10474 394
10474 389
10472 379
10467 367
10462 348
10457 330
10457 311
10460 304
10470 301
10482 304
10496 311
10516 326
10538 345
10562 369
10587 396
10609 416
10623 423
10626 418
10623 406
10621 389
10616 367
10611 343
10604 318
10599 299
10596 284
10594 274
10594 279
10601 287
10611 304
10626 328
10648 352
10670 379
10691 401
10709 411
10716 406
10711 396
10704 379
10696 357
10687 335
10679 311
10682 299
10689 296
10704 301
10723 309
10748 321
10774 340
10799 362
10823 382
10840 391
10847 391
10843 389
10835 382
10823 372
10806 360
10787 343
10762 323
10743 301
10728 282
10723 260
10726 245
10733 238
10743 238
10757 240
10772 248
10791 260
10811 277
10828 299
10847 323
10862 350
10872 374
10877 394
10874 401
10867 394
10857 387
10847 374
10838 360
10833 340
10830 318
10830 299
10833 287
10840 279
10850 274
10862 274
10879 279
10901 287
10928 301
10955 321
10982 343
11006 365
11025 382
11043 394
11057 401
11064 399
11067 396
11064 391
11057 389
11047 387
11033 382
11013 377
10994 367
10974 355
10955 340
10940 323
10930 306
10930 289
10935 274
10947 265
10960 260
10979 262
11001 267
11023 277
11045 289
11062 306
11074 328
11082 350
11084 372
11086 389
11084 399
11082 396
11074 389
11069 377
11062 355
11052 330
11043 296
11030 257
11018 218
11006 179
10996 145
10986 116
10972 89
10957 70
10943 55
10926 53
10916 55
10906 62
10901 82
10904 104
10906 131
10916 157
10930 177
10955 194
10984 206
11013 216
11043 223
11072 231
11104 240
11130 252
11160 267
11186 287
11211 311
11230 338
11245 362
11250 384
11247 394
11242 396
11235 391
11228 387
11216 377
11206 362
11194 345
11182 328
11177 311
11179 299
11186 289
11196 284
11208 284
11225 287
11242 294
11260 304
11279 321
11299 340
11321 362
11340 384
11357 399
11367 404
11374 401
11377 394
11374 387
11374 377
11372 362
11367 345
11364 326
11362 309
11360 294
11357 289
11360 294
11367 301
11381 318
11401 340
11425 367
11452 394
11474 416
11489 426
11494 426
11491 418
11486 408
11481 396
11474 379
11467 360
11462 343
11457 323
11455 311
11457 306
11462 311
11469 318
11486 338
11506 357
11528 384
11547 408
11564 421
11577 423
11581 418
11579 411
11574 399
11569 379
11562 355
11555 333
11550 311
11547 294
11550 279
11555 270
11567 265
11584 267
11603 272
11625 282
11650 294
11674 316
11696 338
11718 360
11728 382
11725 396
11720 406
11715 411
11706 411
11696 411
11681 408
11669 401
11655 389
11642 374
11630 355
11625 338
11620 318
11620 301
11625 284
11635 274
11647 267
11662 267
11679 267
11698 274
11723 284
11745 299
11772 321
11796 345
11813 362
11825 372
11833 369
11830 362
11828 355
11823 343
11820 330
11815 316
11811 301
11806 287
11803 274
11808 270
11813 272
11825 279
11840 291
11859 309
11879 328
11896 345
11906 352
11908 348
11906 338
11901 328
11898 318
11896 304
11891 291
11891 279
11891 267
11893 257
11903 255
11915 257
11933 262
11952 274
11972 289
11991 316
12013 355
12035 399
12057 445
12079 489
12093 513
12098 526
12096 523
12091 516
12086 499
12076 477
12067 448
12054 413
12042 382
12032 350
12028 323
12028 296
12028 274
12032 257
12037 245
12045 235
12057 235
12067 238
12076 243
12084 252
12091 267
12096 284
12096 301
12091 316
12084 328
12071 338
12059 345
.PEN_UP
.PEN_DOWN
11923 416
11933 413
11937 413
11954 411
11979 408
12047 411
12067 413
12089 418
12113 421
12135 423
12142 426
12140 428
12132 435
12128 445
.PEN_UP
.PEN_DOWN
12432 504
12437 504
12445 504
12445 511
12445 518
12437 535
12432 538
12423 538
12410 538
12393 535
12376 530
12352 518
12327 496
12303 465
12276 421
12254 377
12237 335
12230 299
12232 270
12240 248
12249 238
12267 240
12288 250
12313 267
12335 289
12354 318
12374 350
12391 384
12410 423
12425 462
12442 499
12459 530
12469 552
12469 557
12464 550
12457 535
12447 511
12435 477
12420 435
12406 391
12398 357
12391 328
12393 304
12396 287
12406 274
12418 272
12440 277
12464 284
12488 296
12515 311
12535 330
12554 350
12569 372
12579 391
12581 408
12576 413
12574 413
12571 408
12569 399
12566 389
12569 377
12569 362
12571 348
12571 330
12571 313
12569 296
12564 277
12557 255
12544 240
12532 233
12518 235
12501 240
12486 245
12471 252
12464 262
12466 267
12476 267
12491 267
12515 265
12544 265
12579 267
12610 272
12640 282
12664 294
12683 309
12698 326
12710 343
12718 362
12725 382
12730 401
12735 406
12737 406
12737 401
12740 396
12744 387
12749 374
12757 357
12764 338
12766 313
12766 291
12761 267
12749 248
12737 233
12720 223
12703 223
12683 228
12666 235
12649 243
12635 250
12625 255
12625 260
12630 257
12640 257
12657 257
12683 257
12715 257
12749 260
12781 265
12810 274
12835 289
12857 306
12874 321
12886 335
12893 348
12898 357
12896 362
12893 357
12886 350
12876 340
12859 326
12842 306
12825 289
12815 272
12818 257
12825 250
12835 245
12847 245
12866 245
12888 252
12910 265
12932 279
12947 299
12957 321
12961 340
12959 362
12952 379
12942 394
12927 399
12908 394
12891 387
12874 374
12866 365
12871 352
12881 348
12891 345
12910 345
12935 348
12964 355
12996 367
13025 379
13054 396
13083 408
13108 418
13125 423
13130 421
13125 418
13120 416
13115 413
13108 408
13093 404
13076 399
13059 394
13042 384
13022 372
13005 355
12991 338
12986 321
12991 304
13003 289
13018 279
13039 277
13066 279
13091 287
13113 294
13135 306
13156 321
13176 335
13193 355
13205 374
13210 396
13210 411
13208 413
13205 408
13200 399
13196 382
13188 362
13183 338
13181 316
13181 296
13183 282
13191 277
13203 279
13220 287
13239 296
13264 311
13288 328
13313 350
13339 372
13366 391
13388 404
13408 408
13422 408
13430 406
13425 406
13420 401
13413 399
13403 394
13388 391
13371 387
13349 377
13322 365
13298 350
13276 333
13261 316
13254 299
13256 282
13264 270
13276 265
13288 260
13305 260
13322 262
13342 270
13359 282
13373 299
13386 318
13395 340
13403 365
13405 384
13403 391
13400 387
13398 379
13393 367
13388 352
13388 333
13391 318
13398 306
13408 299
13420 296
13439 294
13459 294
13481 299
13500 306
13522 316
13539 338
13556 369
13571 406
13588 455
13603 499
13615 538
13627 572
13632 586
13630 586
13627 579
13620 565
13612 538
13600 506
13590 467
13583 433
13576 399
13571 367
13566 343
13566 321
13571 309
13581 306
13590 313
13605 326
13622 340
13642 362
13664 387
13676 404
13673 404
13666 396
13661 384
13654 369
13649 348
13644 326
13644 306
13649 291
13654 282
13661 277
13673 277
13686 277
13705 282
13727 291
13751 309
13778 333
13800 357
13820 382
13834 401
13842 411
13842 416
13837 411
13829 406
13820 401
13807 389
13790 377
13773 360
13756 338
13739 316
13729 291
13725 270
13727 255
13737 243
13747 235
13766 235
13786 240
13810 245
13832 255
13849 270
13864 289
13873 316
13878 343
13878 372
13876 396
13868 411
13861 413
13849 408
13837 404
13829 396
13834 389
13839 382
13847 377
13864 377
13881 377
13903 379
13922 382
13942 389
13959 396
13973 404
13978 401
13976 394
13971 384
13968 369
13966 350
13961 326
13961 304
13959 284
13956 265
13956 250
13954 240
13956 245
13959 255
13966 270
13981 291
14000 318
14022 350
14046 377
14066 401
14083 418
14098 428
14107 426
14110 421
14110 408
14103 391
14093 369
14085 343
14076 318
14073 296
14073 274
14081 257
14088 243
14103 235
14124 231
14151 231
14181 233
14210 243
14232 255
14241 272
14239 294
14234 313
14222 333
.PEN_UP
.PEN_DOWN
13795 552
13790 552
13781 550
13771 545
13761 538
13727 518
13715 508
13705 499
13693 489
13681 484
.PEN_UP
.PEN_DOWN
13378 460
13388 460
13398 460
13415 460
13434 460
13510 460
13542 460
13578 460
13617 460
13656 460
13683 462
.PEN_UP
.PEN_DOWN
13174 557
13169 555
13161 552
13156 550
.PEN_UP
.PEN_DOWN
14382 376
14377 378
14372 378
14367 378
14363 378
14331 347
14319 322
14306 293
14297 261
14292 232
14297 210
14302 200
14311 200
14331 205
14353 215
14377 232
14399 254
14416 278
14424 303
14421 325
14416 342
14406 356
14392 364
14375 361
14355 354
14338 344
14326 334
14321 322
14326 312
14333 308
14350 308
14372 310
14406 320
14443 334
14477 359
14509 388
14538 420
14560 451
14582 483
14599 515
14606 544
14609 568
14606 578
14599 571
14589 559
14575 534
14555 495
14533 442
14511 373
14484 300
14458 227
14433 156
14409 98
14392 52
14380 17
14377 0
14382 5
14387 20
14397 44
14406 81
14416 120
14421 154
14424 183
14421 195
14421 200
14426 198
14436 200
14455 205
14487 217
14523 237
14565 256
14599 278
14626 295
14645 303
14650 303
.PEN_UP
.PEN_DOWN
14904 527
14906 520
14911 515
14916 515
14923 515
14953 515
14965 515
14979 517
14996 520
15014 525
15023 532
15021 539
15016 546
15009 551
14994 551
14979 549
14957 542
14931 527
14901 503
14872 471
14848 429
14826 388
14806 349
14792 310
14792 278
14799 249
14809 225
14828 208
14850 205
14879 210
14914 220
14948 237
14987 261
15026 295
15060 337
15096 381
15128 427
15155 471
15179 515
15199 551
15213 583
15221 605
15221 612
15218 607
15211 595
15204 573
15192 542
15174 498
15155 449
15133 398
15111 354
15092 312
15079 283
15077 266
15084 264
15096 273
15111 290
15131 312
15155 339
15179 366
15201 390
15221 400
15231 390
15231 373
15226 349
15218 325
15211 295
15206 273
15209 261
15216 254
15226 259
15240 266
15262 278
15287 295
15311 317
15333 342
15350 364
15357 376
15355 376
15350 369
15340 356
15331 339
15321 315
15311 290
15309 266
15311 244
15316 230
15326 222
15338 227
15357 232
15379 242
15404 254
15430 269
15457 288
15487 310
15511 334
15533 356
15555 373
15567 378
15569 376
15565 371
15555 366
15538 359
15513 349
15487 334
15462 315
15448 295
15440 278
15440 261
15445 251
15455 244
15470 242
15491 242
15518 244
15548 251
15579 264
15608 278
15640 298
15672 315
15701 334
15726 349
15747 361
15765 369
15777 369
15772 369
15765 366
15755 366
15738 361
15718 351
15696 339
15674 322
15655 308
15645 290
15638 273
15640 256
15643 244
15650 232
15662 227
15677 225
15696 227
15713 234
15733 242
15750 256
15762 273
15772 293
15777 312
15779 334
15777 347
15774 349
15769 342
15762 332
15760 320
15757 303
15757 286
15757 271
15760 259
15767 249
15779 244
15794 247
15811 249
15828 254
15845 264
15864 278
15886 298
15911 320
15935 342
15957 359
15977 371
15989 376
16001 376
16011 373
16018 371
16018 369
16016 369
16008 366
16001 366
15986 366
15969 366
15950 361
15928 351
15908 339
15891 322
15877 303
15869 283
15872 269
15879 256
15889 249
15904 247
15925 249
15947 254
15967 261
15984 273
15996 293
16006 317
16016 344
16021 369
16023 381
16023 381
16021 373
16018 364
16013 349
16008 330
15996 300
15984 264
15964 222
15940 181
15913 142
15886 105
15860 74
15838 47
15818 25
15801 15
15791 20
15791 27
15799 42
15813 66
15833 98
15862 137
15896 178
15930 215
15969 254
16008 288
16045 317
16079 344
16108 366
16130 383
16150 388
16157 383
16155 378
16152 371
16145 361
16135 347
16123 337
16108 325
16091 315
16077 303
16064 286
16057 264
16055 244
16060 227
16069 212
16081 208
16101 208
16125 212
16150 220
16177 232
16201 251
16220 273
16233 300
16235 327
16233 351
16225 376
16213 393
16194 400
16169 400
16147 395
16128 388
16116 381
16116 371
16121 359
16135 351
16157 347
16191 344
16228 344
16267 349
16308 356
16347 366
16384 376
16411 386
16428 393
16425 398
16420 400
16411 400
16394 400
16367 400
16338 400
16308 405
16284 412
.PEN_UP
.PEN_DOWN
15391 593
15387 590
15379 585
15374 581
15370 576
15370 564
15384 566
.PEN_UP
.PEN_DOWN
16647 366
16647 371
16645 378
16640 378
16635 378
16606 378
16594 376
16584 366
16569 351
16555 330
16537 300
16520 269
16503 239
16494 212
16494 193
16501 183
16513 181
16537 188
16569 198
16611 215
16652 239
16686 266
16720 293
16752 315
16779 337
16801 354
16818 364
16825 364
16823 359
16820 351
16813 344
16803 334
16789 322
16772 305
16754 288
16735 269
16718 249
16698 227
16689 205
16691 188
16698 181
16713 183
16730 186
16752 195
16776 208
16796 230
16815 256
16830 283
16837 310
16842 332
16842 351
16837 361
16832 356
16823 347
16811 332
16801 308
16793 283
16791 254
16793 230
16801 210
16811 195
16828 191
16850 193
16869 198
16891 208
16910 227
16928 249
16942 276
16954 303
16959 327
16962 351
16964 366
16967 373
16971 369
16976 359
16986 347
16996 332
17003 308
17006 281
17003 254
17001 225
16993 203
16981 186
16964 178
16947 176
16928 181
16913 188
16901 195
16896 208
16898 215
16903 212
16913 210
16930 205
16952 203
16984 203
17018 205
17054 212
17088 222
17115 239
17140 261
17162 288
17179 322
17193 364
17208 410
17220 456
17232 503
17245 539
17257 564
17259 556
17254 534
17247 507
17237 468
17225 422
17210 373
17196 330
17188 295
17188 269
17193 247
17203 234
17215 230
17232 232
17254 237
17276 242
17298 247
17315 254
17323 264
17315 273
.PEN_UP
.PEN_DOWN
17071 442
17076 442
17084 442
17098 439
17125 434
17213 432
17245 429
17284 429
17320 429
.PEN_UP
.PEN_DOWN
17630 337
17635 339
17640 344
17642 351
17644 359
17644 373
17637 376
17625 376
17613 376
17598 373
17583 369
17566 359
17547 344
17525 320
17503 295
17483 266
17466 237
17462 212
17466 193
17476 181
17493 178
17518 186
17547 195
17576 212
17601 237
17622 269
17640 305
17657 342
17671 378
17686 420
17696 464
17705 505
17713 544
17720 576
17720 593
17720 593
17715 581
17710 561
17703 529
17693 490
17681 442
17666 390
17652 339
17644 290
17644 254
17649 222
17657 203
17669 198
17688 205
17715 225
17747 247
17778 273
17808 305
17830 330
17847 354
17861 373
17871 381
17876 378
17874 373
17871 364
17864 351
17854 337
17842 320
17825 300
17810 276
17796 254
17786 232
17783 212
17786 200
17793 193
17803 195
17820 200
17844 212
17866 225
17891 239
17913 261
17927 286
17937 310
17939 337
17935 359
17925 373
17913 383
17896 381
17876 373
17857 366
17842 356
17837 347
17842 337
17854 334
17869 337
17888 342
17915 351
17937 364
17959 376
17981 388
17993 393
17993 388
17988 376
17978 356
17971 337
17959 308
17949 283
17947 261
17947 242
17954 230
17966 232
17981 237
18000 244
18022 256
18042 273
18064 298
18083 320
18098 344
18105 364
18103 366
18098 356
18091 339
18081 320
18074 293
18069 266
18064 244
18064 225
18066 210
18074 203
18083 198
18103 198
18122 205
18144 215
18164 227
18186 251
18205 283
18227 320
18247 361
18261 398
18276 434
18286 466
18295 493
18303 515
18308 532
18312 549
18315 556
18315 556
18315 551
18312 546
18308 542
18303 534
18295 525
18283 507
18273 486
18259 459
18244 432
18227 403
18210 373
18195 339
18183 308
18173 276
18169 244
18166 220
18169 198
18173 181
18186 171
18203 171
18227 176
18252 183
18276 195
18298 215
18310 237
18320 261
18322 286
18320 308
18315 322
18310 330
18300 327
18288 322
18283 320
18283 320
18288 317
18293 315
18300 315
18308 312
18322 312
18337 315
18356 320
18378 330
18400 344
18422 364
18442 386
18461 415
18478 444
18490 473
18498 498
18498 515
18495 517
18488 510
18481 498
18466 476
18451 442
18439 403
18427 364
18417 330
18415 298
18417 273
18425 251
18442 237
18469 227
18503 225
18539 227
18571 232
18595 242
18612 254
18615 278
18607 303
18598 327
.PEN_UP
.PEN_DOWN
18388 393
18393 393
18398 393
18405 393
18412 400
18454 417
18476 420
18508 425
18544 429
18586 432
18625 434
18659 437
18686 437
18703 432
18700 429
.PEN_UP
.PEN_DOWN
18851 371
18856 378
18861 381
18859 386
18854 388
18829 386
18820 383
18810 373
18795 354
18776 327
18761 295
18749 266
18746 239
18751 222
18759 212
18773 215
18793 222
18817 232
18842 247
18864 264
18881 286
18888 305
18885 327
18881 349
18873 369
18864 381
18849 388
18832 386
18817 378
18805 366
18798 351
18803 337
18812 327
18832 327
18856 334
18888 342
18924 354
18959 369
18993 386
19024 403
19049 412
19063 410
19063 405
19056 393
19046 373
19034 344
19017 315
19002 286
18990 259
18981 237
18978 225
18983 232
18993 247
19010 264
19034 286
19063 317
19093 349
19117 376
19139 393
19151 393
19156 381
19151 364
19141 339
19134 312
19127 283
19120 256
19122 232
19127 217
19144 210
19166 215
19195 225
19227 239
19256 256
19276 278
.PEN_UP
.PEN_DOWN
19356 210
19361 212
19366 215
19371 220
19380 225
19419 259
19434 278
19451 303
19473 332
19495 364
19517 395
19536 427
19554 454
19566 478
19571 486
19568 481
19561 466
19549 439
19534 405
19515 364
19495 320
19478 283
19466 251
19463 225
19468 212
19483 215
19505 222
19532 232
19568 251
19605 273
19641 305
19675 342
19707 378
19736 420
19763 466
19790 512
19812 561
19834 603
19851 637
19861 654
19858 651
19851 639
19841 625
19822 595
19800 556
19771 507
19744 454
19714 400
19690 349
19668 308
19651 271
19641 244
19644 232
19651 237
19663 244
19680 259
19702 278
19727 308
19753 334
19780 359
19802 383
19822 393
19834 388
19829 376
19824 359
19814 339
19807 317
19805 298
19810 281
19819 269
19836 261
19858 261
19890 264
19922 271
19953 283
19980 298
20005 320
20019 344
20024 369
20019 393
20009 403
19990 398
19968 388
19941 373
19917 349
19900 322
19892 298
19897 273
19907 256
19927 242
19956 234
19988 230
20024 230
20056 237
20083 244
20105 254
20112 269
.PEN_UP
.PEN_DOWN
19446 378
19451 381
19456 386
19466 386
19476 386
19563 395
19595 400
19634 405
19683 410
19729 415
19768 415
.PEN_UP
.PEN_DOWN
20137 147
20142 147
20149 150
20157 154
20161 159
20186 193
20198 210
20213 230
20227 252
20242 279
20256 301
20269 323
20274 342
20276 349
20276 352
20281 349
20288 349
20298 349
20313 347
20327 347
20342 347
20356 345
20369 340
20374 330
20369 323
20361 310
20352 298
20342 284
20330 269
20320 252
20313 237
20310 223
20313 210
20317 201
20332 196
20354 198
20383 203
20417 210
20449 223
20481 237
20505 254
20525 271
20539 286
20547 303
20549 318
20547 332
20542 345
20532 354
20517 354
20500 349
20486 342
20473 325
20461 303
20452 279
20444 252
20444 230
20449 208
20456 193
20473 184
20493 184
20520 189
20549 201
20576 213
20605 235
20634 259
20664 286
20693 313
20720 332
20742 347
20759 354
20766 354
20766 354
20761 352
20749 347
20737 340
20720 325
20703 310
20686 291
20671 267
20664 245
20666 223
20671 206
20681 196
20698 189
20725 189
20759 191
20795 196
20829 203
20861 215
20888 232
20912 252
20929 271
20942 293
20944 310
20939 323
20932 332
20920 335
20905 332
20888 325
20871 313
20856 296
20847 274
20842 250
20842 225
20844 206
20851 189
20866 179
20888 181
20915 186
20947 193
20976 206
21003 220
21027 240
21046 264
21066 289
21081 313
21093 330
21098 335
21105 330
21110 320
21115 308
21117 291
21117 269
21115 245
21107 223
21093 201
21073 184
21051 169
21027 164
21007 167
20990 171
20978 179
20971 184
20973 184
20976 179
20983 174
20998 167
21017 159
21046 157
21076 157
21107 162
21137 171
21166 184
21193 201
21217 223
21237 247
21254 274
21266 303
21273 328
21273 342
21271 342
21271 337
21271 328
21271 318
21271 303
21271 291
21273 274
21278 257
21285 237
21293 218
21298 201
21302 181
21298 164
21290 150
21273 137
21251 130
21222 128
21195 128
21173 130
21156 135
21142 142
21137 150
21142 157
21149 159
21159 159
21171 157
21188 152
21205 150
21227 150
21254 150
21283 152
21310 157
21334 167
21356 181
21376 198
21395 223
21415 250
21429 281
21444 310
21454 335
21459 349
21461 349
21461 342
21459 332
21451 318
21441 296
21429 274
21422 250
21415 225
21412 203
21410 186
21412 171
21420 167
21429 169
21444 176
21466 186
21488 201
21515 225
21544 252
21573 279
21600 303
21622 320
21639 325
21646 323
21646 318
21644 313
21637 308
21627 301
21615 289
21600 276
21580 262
21566 247
21551 232
21541 218
21537 203
21537 189
21544 181
21554 176
21568 174
21585 179
21607 184
21629 196
21649 210
21663 230
21673 254
21678 284
21676 313
21671 342
21661 359
21644 367
21622 364
21600 357
21585 347
21576 337
21578 328
21583 320
21590 313
21607 310
21629 308
21656 308
21683 313
21710 318
21739 328
21766 340
21790 349
21815 359
21834 364
21846 359
21849 352
21844 335
21836 313
21824 286
21810 259
21795 237
21785 215
21776 203
21776 203
21780 208
21788 215
21802 232
21824 259
21851 286
21878 315
21905 337
21919 342
21922 335
21917 325
21912 310
21905 291
21900 267
21897 245
21902 223
21910 208
21924 198
21949 196
21980 196
22014 198
22049 208
22078 220
22102 242
22114 267
22107 291
22090 313
22061 337
22027 362
.PEN_UP
.PEN_DOWN
21449 520
21449 513
21449 508
21449 503
21456 503
.PEN_UP
.PEN_DOWN
22197 210
22202 208
22207 208
22212 208
22219 208
22251 230
22266 240
22285 257
22309 279
22334 303
22356 328
22368 349
22370 367
22366 376
22363 376
22361 374
22358 369
22358 359
22363 347
22368 330
22375 310
22385 289
22390 264
22387 240
22383 220
22373 201
22356 184
22331 174
22307 167
22283 169
22263 171
22249 179
22236 186
22231 196
22236 203
22241 208
22251 208
22266 206
22288 203
22314 203
22346 203
22385 206
22422 215
22463 228
22500 242
22536 262
22568 281
22595 303
22619 323
22636 340
22653 345
22665 342
22673 337
22673 332
22668 325
22661 320
22646 315
22629 313
22609 308
22590 306
22570 298
22548 291
22529 276
22514 262
22505 245
22502 228
22507 210
22517 193
22539 184
22570 176
22607 179
22648 181
22690 186
22726 198
22763 215
22797 240
22822 264
22843 286
22858 308
22865 330
22863 347
22856 359
22843 362
22829 357
22812 347
22792 335
22773 318
22753 296
22739 271
22731 247
22734 223
22743 203
22753 189
22770 181
22797 181
22824 186
22858 196
22890 208
22917 225
22943 250
22970 276
22995 306
23019 330
23036 345
23041 345
23039 337
23031 323
23021 303
23012 279
22999 250
22987 223
22975 198
22968 179
22970 174
22978 179
22987 189
23004 203
23026 223
23053 250
23082 276
23109 303
23131 325
23141 330
23138 323
23131 310
23124 293
23112 271
23099 245
23087 220
23080 198
23082 181
23090 176
23099 179
23117 184
23141 193
23170 206
23202 223
23234 240
23263 259
23295 279
23324 298
23346 310
23365 318
23375 318
23377 315
23373 313
23368 313
23358 313
23346 310
23331 310
23309 308
23290 303
23265 293
23243 281
23221 264
23204 245
23195 225
23197 206
23204 189
23216 176
23229 171
23248 171
23268 176
23287 184
23309 198
23326 213
23341 232
23351 257
23358 281
23363 306
23363 325
23358 328
23348 320
23338 308
23329 291
23319 269
23314 247
23316 230
23321 213
23329 201
23341 191
23355 191
23375 193
23397 198
23416 208
23436 223
23455 242
23473 267
23490 293
23499 318
23502 335
23499 340
23499 337
23502 332
23507 330
23514 328
23526 323
23538 323
23553 320
23568 320
23577 318
23582 313
23580 303
23575 291
23563 279
23551 262
23536 247
23524 232
23521 218
23521 203
23526 191
23536 184
23548 181
23568 181
23585 186
23602 196
23619 208
23636 228
23653 252
23670 284
23687 318
23704 347
23719 371
23724 376
23721 371
23714 362
23704 347
23694 328
23685 303
23675 279
23670 257
23670 237
23672 225
23680 215
23690 218
23709 223
23731 228
23755 240
23785 257
23811 281
23841 308
23865 335
23885 352
23899 357
23899 354
23897 352
23889 349
23882 342
23870 335
23855 323
23838 308
23821 293
23802 274
23787 254
23777 232
23775 213
23780 198
23787 189
23804 184
23824 184
23848 186
23872 191
23897 201
23916 215
23931 235
23938 262
23943 291
23941 320
23936 345
23921 359
23902 362
23880 359
23860 354
23855 345
23860 337
23865 328
23880 320
23899 318
23926 315
23958 313
23989 315
24019 318
24050 328
24075 337
24094 347
24099 352
24092 352
24087 349
24080 347
24077 342
24080 340
24085 342
24089 342
24097 347
24099 352
24097 364
24089 376
24087 391
24089 406
.PEN_UP
.PEN_DOWN
23765 491
23760 491
23753 488
23748 488
23743 486
23743 481
23758 486
.PEN_UP
.PEN_DOWN
24106 203
24104 196
24102 191
24099 186
24099 181
.PEN_UP
