

.STYLE CURSIVE
.COMMENT previously: .WRITER_ID jwsr.367
.WRITER_ID jws
.HAND R
.SEX F

.PEN_DOWN
0 445
0 440
0 435
0 430
0 425
20 423
25 425
37 428
49 435
68 450
90 464
115 489
139 513
166 542
190 572
212 599
232 625
246 652
259 679
266 706
273 730
276 752
278 772
278 789
276 794
268 791
261 784
251 777
242 769
232 757
222 745
212 730
207 713
205 699
205 684
207 669
210 650
217 633
225 616
237 599
244 581
254 567
259 550
259 533
259 518
254 506
244 491
232 482
210 474
188 469
164 464
137 462
112 464
90 467
68 474
49 484
37 499
29 516
27 535
29 555
34 572
44 586
54 594
68 599
83 599
98 599
112 596
125 591
137 581
149 572
159 562
171 555
.PEN_UP
.PEN_DOWN
251 447
251 443
251 438
259 438
266 438
288 452
298 462
310 474
322 491
339 511
356 530
368 550
378 562
381 562
376 555
371 547
366 535
356 518
349 499
339 477
332 455
329 435
332 425
339 430
351 443
371 460
395 479
420 499
442 521
461 538
476 542
481 535
476 523
473 508
466 491
456 469
446 447
439 433
442 428
449 433
461 443
476 457
493 474
510 496
527 513
537 518
544 516
541 506
537 494
532 479
524 462
520 443
522 428
527 418
539 421
556 425
578 440
607 460
634 482
663 506
688 525
707 538
724 545
734 545
737 542
729 540
724 540
715 538
700 533
683 525
666 513
646 499
629 484
617 464
620 450
624 440
637 433
656 430
683 430
715 430
749 430
778 433
805 440
829 452
846 467
858 484
863 503
863 521
858 533
849 535
834 528
817 518
800 501
788 484
780 462
785 443
793 425
807 411
832 404
863 404
900 408
934 416
.PEN_UP
.PEN_DOWN
410 730
407 725
407 720
407 713
.PEN_UP
.PEN_DOWN
1061 418
1061 413
1061 408
1066 406
1071 406
1090 435
1100 445
1112 460
1127 482
1144 511
1161 545
1178 579
1197 611
1214 638
1224 657
1229 667
1224 662
1219 655
1212 642
1200 625
1185 599
1168 567
1153 533
1141 501
1132 474
1127 447
1129 430
1134 421
1146 421
1161 425
1183 440
1207 457
1232 486
1256 518
1278 552
1305 594
1327 635
1351 679
1373 718
1390 750
1405 777
1412 794
1409 798
1405 791
1395 779
1383 755
1368 718
1346 664
1324 611
1300 552
1275 499
1256 457
1239 421
1232 399
1234 394
1241 401
1251 413
1266 430
1283 452
1300 477
1314 499
1329 513
1341 521
1351 513
1351 501
1349 484
1344 462
1341 440
1339 418
1341 406
1346 396
1356 391
1373 396
1392 404
1417 416
1439 430
1456 452
1470 472
1480 491
1485 513
1485 533
1478 545
1470 547
1456 540
1441 525
1424 506
1407 482
1397 455
1400 435
1407 418
1419 404
1439 399
1466 401
1500 406
1534 416
1566 425
1587 435
.PEN_UP
.PEN_DOWN
1075 574
1080 574
1088 574
1093 574
1100 574
1129 579
1146 581
1173 589
1207 596
.PEN_UP
.PEN_DOWN
1656 401
1661 401
1668 406
1673 411
1683 421
1705 443
1709 450
1717 460
1724 472
1734 489
1744 508
1753 533
1761 555
1763 564
1765 564
1768 562
1773 560
1783 560
1795 560
1809 560
1824 560
1836 560
1843 555
1846 550
1843 540
1841 528
1834 513
1824 499
1814 482
1802 464
1800 450
1804 440
1812 433
1824 435
1843 440
1868 445
1892 452
1917 462
1941 474
1961 489
1975 506
1987 525
1990 540
1987 555
1980 564
1970 562
1956 557
1939 547
1919 535
1902 518
1890 501
1883 486
1885 474
1892 462
1902 455
1914 447
1934 443
1958 447
1985 455
2014 472
2043 491
2073 516
2104 538
2131 555
2153 564
2160 567
2158 567
2153 564
2143 557
2134 552
2119 542
2104 533
2087 523
2070 508
2051 494
2036 474
2026 460
2026 445
2034 435
2043 430
2063 428
2090 430
2119 430
2146 435
2173 445
2195 460
2217 474
2236 489
2251 506
2260 523
2268 547
2270 569
2270 584
2265 589
2258 584
2246 574
2229 560
2209 538
2190 511
2178 486
2173 464
2175 445
2182 433
2192 428
2209 433
2236 445
2263 457
2292 479
2324 506
2351 533
2375 555
2392 567
2402 567
2402 562
2399 552
2395 538
2385 521
2373 499
2363 477
2353 457
2343 438
2338 425
2338 421
2343 423
2351 435
2365 450
2385 472
2407 496
2429 516
2448 530
2455 530
2453 521
2443 506
2434 489
2426 467
2416 443
2414 425
2416 413
2424 406
2434 408
2448 413
2468 423
2487 438
2507 462
2531 496
2553 535
2575 577
2597 620
2619 664
2638 706
2658 740
2665 757
2665 757
2660 750
2653 738
2641 713
2629 681
2612 638
2594 586
2575 533
2558 486
2546 445
2543 416
2546 394
2551 377
2558 374
2568 379
.PEN_UP
.PEN_DOWN
2477 635
2482 635
2487 635
2495 635
2504 633
2570 633
2594 633
2619 630
2646 630
.PEN_UP
.PEN_DOWN
2821 567
2824 562
2824 557
2829 557
2833 557
2824 572
2819 574
2809 574
2799 574
2790 572
2775 562
2758 547
2741 525
2724 501
2709 477
2699 457
2694 438
2697 423
2704 418
2719 421
2738 425
2763 435
2787 450
2807 472
2826 496
2843 528
2858 564
2872 601
2889 640
2907 677
2926 706
2938 730
2941 745
2938 752
2933 747
2929 742
2921 738
2914 728
2909 718
2902 703
2894 686
2885 660
2872 628
2860 591
2848 555
2841 525
2836 499
2833 474
2833 455
2833 438
2841 430
2850 430
2868 433
2887 443
2904 452
2924 467
2941 482
2953 499
2965 513
2972 528
2977 545
2982 562
2980 577
2975 586
2968 586
2958 581
2946 577
2933 569
2919 555
2907 538
2897 518
2889 496
2889 477
2894 462
2902 455
2916 457
2938 464
2965 474
2997 489
3021 508
3046 530
3065 557
3085 581
3106 611
3128 640
3153 674
3175 708
3194 738
3211 764
3216 781
3216 786
3211 786
3206 784
3199 779
3192 769
3185 759
3175 747
3167 733
3153 713
3138 686
3121 657
3102 620
3082 586
3063 552
3046 521
3033 494
3028 472
3031 452
3036 440
3046 433
3058 428
3072 425
3087 425
3102 428
3114 433
3128 445
3143 457
3158 474
3170 494
3180 511
3182 528
3185 545
3182 557
3177 567
3170 567
3160 560
3148 550
3136 538
3121 521
3109 503
3097 484
3089 467
3089 450
3092 440
3099 433
3114 430
3133 433
3163 440
3189 452
3214 467
3238 484
3260 503
3277 525
3292 550
3302 569
3302 579
3304 581
3306 581
3316 581
3326 581
3341 581
3350 579
3353 572
3348 562
3338 547
3328 525
3319 506
3309 484
3306 467
3309 455
3316 445
3328 443
3341 443
3358 447
3375 455
3394 467
3411 482
3428 496
3445 511
3458 528
3470 545
3472 560
3470 562
3465 557
3458 550
3450 540
3441 528
3431 511
3423 494
3416 474
3414 455
3416 443
3423 438
3433 443
3448 452
3470 464
3494 482
3519 501
3541 521
3560 540
3577 555
3589 564
3589 562
3587 555
3582 547
3572 538
3560 525
3543 511
3528 494
3514 474
3506 457
3509 443
3514 433
3521 428
3536 430
3553 438
3575 445
3597 460
3611 477
3619 496
3621 518
3619 538
3616 557
3609 572
3599 581
3587 581
3572 579
3560 572
3553 564
3553 555
3558 547
3567 545
3580 542
3597 542
3614 542
3633 545
3650 550
3667 557
3679 569
3692 584
3701 599
3706 611
3711 620
3716 625
3718 623
3723 618
3728 616
3736 613
3745 611
3755 611
3762 606
3770 596
3772 586
3767 574
3762 562
3753 550
3740 535
3726 521
3711 501
3697 482
3689 464
3684 445
3687 430
3694 423
3704 423
3716 428
3733 433
3753 443
3772 457
3797 474
3826 496
3853 518
3879 540
3904 560
3923 572
3940 579
3957 581
3967 581
3972 577
3970 572
3965 569
3957 564
3948 564
3935 564
3918 560
3901 550
3882 535
3860 521
3840 503
3823 489
3811 474
3809 460
3811 447
3818 440
3831 435
3843 438
3860 443
3872 452
3884 464
3896 484
3909 503
3921 525
3933 545
3943 562
3945 569
3943 567
3933 562
3926 550
3914 535
3904 516
3899 496
3899 477
3904 464
3914 455
3923 452
3938 455
3955 460
3972 469
3989 482
4004 501
4018 521
4031 547
4045 579
4067 613
4094 652
4123 691
4150 723
4165 745
4165 752
4160 750
4152 742
4148 735
4138 725
4126 708
4116 689
4104 662
4089 633
4074 603
4060 574
4045 545
4035 521
4031 501
4033 484
4035 474
4043 467
4053 467
4065 467
4079 472
4094 479
4106 491
4121 511
4133 530
4148 550
4160 569
4167 577
4167 572
4162 567
4152 555
4140 540
4128 523
4116 503
4109 484
4111 469
4116 460
4126 452
4135 452
4152 455
4170 460
4189 469
4209 482
4231 501
4255 521
4279 542
4301 567
4321 584
4330 589
4333 586
4330 581
4323 579
4313 572
4301 564
4287 557
4270 545
4252 530
4240 516
4231 499
4226 486
4226 474
4231 467
4235 460
4248 455
4262 452
4282 455
4299 457
4316 462
4330 474
4338 489
4345 506
4348 528
4350 550
4348 574
4343 596
4335 606
4323 606
4311 603
4301 601
4296 596
4301 591
4309 586
4318 584
4338 581
4362 581
4394 581
4423 581
4445 581
4462 579
4460 572
4455 562
4448 545
4433 523
4418 499
4399 477
4379 452
4367 438
4367 430
4372 430
4382 435
4394 445
4413 457
4438 477
4465 496
4494 523
4521 550
4547 572
4569 589
4579 596
4582 594
4579 586
4572 577
4560 562
4545 545
4533 525
4523 506
4518 486
4521 469
4526 455
4538 443
4560 435
4586 438
4623 445
.PEN_UP
.PEN_DOWN
4248 723
4250 728
4240 725
4231 723
4221 716
4196 684
.PEN_UP
.PEN_DOWN
3962 669
3967 669
3972 669
3977 669
3984 667
4023 667
4048 667
4079 667
4113 667
4152 667
4184 667
.PEN_UP
.PEN_DOWN
3521 716
3516 713
3516 708
3509 701
3504 696
.PEN_UP
.PEN_DOWN
3036 686
3031 681
3028 677
3033 679
3038 679
3055 686
3067 689
3092 691
3119 694
3153 696
3192 696
3226 699
3260 701
3287 701
3306 699
.PEN_UP
.PEN_DOWN
4857 538
4862 545
4855 550
4847 552
4843 552
4818 542
4808 535
4796 525
4779 508
4762 484
4743 457
4725 433
4721 413
4725 401
4730 391
4743 391
4757 396
4777 406
4796 418
4813 435
4828 455
4835 474
4838 491
4835 511
4828 525
4821 535
4811 538
4801 535
4799 530
4804 525
4813 521
4828 518
4850 523
4874 530
4901 540
4923 552
4945 574
4964 596
4984 623
4999 655
5011 681
5023 708
5028 730
5023 740
5018 733
5011 723
5001 703
4989 679
4972 650
4950 606
4923 557
4896 501
4869 443
4845 386
4821 343
4804 308
4791 282
4791 272
4796 274
4804 282
4813 299
4823 323
4833 350
4840 377
4847 401
4850 418
4850 425
4855 433
4864 438
4879 443
4903 452
4928 462
4950 474
4969 484
4984 491
4994 496
5001 501
5008 508
.PEN_UP
.PEN_DOWN
5077 411
5084 411
5089 411
5094 416
5103 425
5138 469
5152 479
5169 491
5186 508
5203 528
5218 555
5230 581
5245 606
5262 635
5277 662
5294 689
5303 703
5301 701
5296 691
5284 672
5267 640
5250 606
5225 569
5206 533
5194 501
5184 474
5184 455
5186 443
5194 440
5203 445
5223 450
5247 460
5274 479
5301 501
5328 530
5352 567
5379 603
5406 645
5433 686
5455 725
5472 759
5481 781
5481 791
5479 784
5472 774
5462 757
5445 733
5420 691
5394 647
5364 601
5342 555
5318 513
5298 479
5284 452
5277 430
5279 418
5284 418
5291 425
5306 435
5325 455
5350 479
5379 508
5406 538
5430 562
5442 577
5442 574
5437 567
5428 555
5415 533
5406 508
5394 482
5389 457
5391 438
5398 425
5408 413
5423 408
5445 411
5469 416
5498 428
5523 443
5542 464
5557 489
5564 513
5567 535
5564 550
5554 547
5540 542
5523 533
5506 518
5496 501
5494 482
5496 460
5506 440
5520 425
5545 418
5572 413
5598 413
5623 418
5647 425
.PEN_UP
.PEN_DOWN
5133 586
5128 586
5133 586
5140 586
5150 586
5203 586
5228 586
5255 589
5281 591
.PEN_UP
.PEN_DOWN
5781 399
5785 399
5790 399
5795 399
5802 399
5820 406
5827 416
5839 426
5856 441
5876 455
5898 475
5917 499
5932 526
5941 550
5949 570
5954 584
5954 587
5954 584
5954 580
5954 575
5951 567
5949 558
5946 545
5944 531
5937 509
5929 484
5922 453
5907 416
5893 377
5876 338
5856 302
5841 272
5827 245
5812 219
5800 194
5788 180
5778 180
5781 189
5788 204
5795 226
5812 253
5837 287
5861 321
5890 355
5922 392
5954 423
5990 455
6027 489
6061 519
6090 548
6115 575
6134 597
6146 614
6149 626
6144 631
6139 626
6134 619
6122 606
6110 587
6098 560
6085 528
6076 499
6071 475
6063 453
6066 441
6073 428
6083 426
6095 431
6112 438
6132 450
6149 467
6168 489
6190 516
6210 541
6229 565
6241 584
6251 599
6256 597
6254 592
6246 582
6239 570
6232 555
6222 536
6215 514
6205 492
6197 467
6193 448
6195 436
6202 433
6219 441
6244 453
6275 472
6305 494
6334 519
6358 541
6380 562
6400 580
6412 587
6419 582
6419 575
6417 562
6407 545
6395 519
6383 489
6368 462
6356 441
6349 421
6344 409
6346 411
6354 416
6366 428
6385 448
6407 472
6434 501
6458 526
6480 550
6495 560
6502 555
6497 543
6488 523
6480 501
6471 477
6461 455
6456 436
6458 423
6466 416
6478 416
6500 419
6527 426
6553 436
6580 455
6605 484
6629 516
6653 553
6675 592
6695 636
6719 682
6739 728
6761 765
6773 792
6778 799
6770 792
6763 775
6751 753
6731 718
6709 677
6685 631
6658 584
6636 536
6614 492
6600 455
6590 421
6585 399
6585 389
6590 392
6595 399
6607 419
6624 443
6649 475
6675 506
6702 538
6731 565
6756 589
6778 604
6797 606
6807 601
6812 592
6812 580
6809 565
6807 548
6802 533
6792 521
6780 514
6766 511
6751 511
6736 511
6724 511
6717 506
6717 497
6722 482
6727 465
6736 445
6751 431
6773 419
6800 411
6824 409
6851 411
6875 414
6895 421
.PEN_UP
.PEN_DOWN
5954 745
5951 740
5949 736
.PEN_UP
.PEN_DOWN
6909 509
6914 504
6919 501
6929 499
6939 499
6956 499
6966 497
.PEN_UP
.PEN_DOWN
7026 387
7034 387
7039 387
7044 387
7048 387
7070 406
7080 414
7092 426
7109 443
7129 467
7151 494
7175 526
7202 558
7226 592
7248 628
7265 662
7278 697
7282 723
7278 733
7273 728
7265 718
7253 701
7241 679
7229 648
7217 609
7204 567
7195 523
7187 482
7183 448
7183 421
7187 399
7192 384
7204 380
7217 384
7234 394
7251 406
7263 423
7275 443
7280 465
7282 484
7282 501
7278 519
7270 531
7261 541
7251 543
7246 541
7248 541
7253 538
7261 536
7270 533
7285 531
7302 528
7321 528
7341 526
7361 526
7375 523
7382 523
7378 523
7368 516
7356 506
7343 492
7329 475
7314 460
7307 443
7304 431
7307 421
7314 414
7326 409
7341 409
7363 411
7382 419
7402 431
7414 448
7424 467
7426 489
7429 511
7429 533
7426 553
7421 567
7412 575
7400 575
7387 567
7378 558
7373 548
7375 538
7380 531
7392 526
7407 528
7429 531
7453 536
7475 543
7499 550
7517 555
7534 555
7541 553
7538 543
7534 526
7524 506
7512 487
7502 465
7492 448
7495 438
7502 438
7509 443
7524 453
7543 467
7563 487
7585 506
7604 521
7614 521
7612 516
7604 504
7595 489
7585 470
7575 448
7570 431
7573 416
7578 409
7585 409
7597 416
7617 426
7646 438
7675 453
7709 470
7741 487
7770 504
7797 519
7819 526
7829 528
7824 526
7819 521
7812 516
7802 514
7790 511
7777 509
7765 509
7751 506
7734 499
7716 489
7697 475
7680 462
7673 448
7675 436
7682 428
7695 428
7712 431
7736 438
7763 448
7785 465
7809 484
7831 509
7851 536
7870 565
7885 597
7897 628
7904 660
7912 687
7912 701
7907 699
7899 687
7890 672
7877 648
7863 614
7848 575
7834 533
7824 499
7824 467
7829 445
7836 431
7848 423
7865 428
7885 436
7909 448
7931 462
7951 480
.PEN_UP
.PEN_DOWN
8046 399
8043 394
8038 392
8033 387
8029 384
8041 387
8048 394
8058 406
8070 419
8090 438
8111 458
8133 480
8155 499
8175 514
8190 519
8194 516
8197 506
8194 497
8187 477
8177 455
8165 428
8150 402
8141 380
8138 365
8143 367
8153 375
8168 389
8190 409
8214 431
8238 458
8260 480
8280 497
8292 504
8294 499
8289 489
8282 477
8275 462
8265 445
8253 426
8246 409
8241 397
8243 392
8250 399
8260 409
8272 419
8287 433
8304 455
8321 475
8338 497
8353 516
8365 528
8370 526
8367 519
8360 504
8353 484
8343 460
8336 436
8331 414
8336 404
8343 402
8355 409
8372 416
8394 428
8419 445
8443 465
8465 482
8487 494
8509 504
8528 506
8541 506
8543 506
8538 506
8533 506
8521 506
8509 504
8497 497
8480 487
8465 472
8448 455
8436 438
8426 419
8426 402
8433 392
8441 389
8455 394
8470 402
8489 416
8506 431
8521 450
8533 470
8541 489
8545 511
8548 526
8545 528
8543 523
8538 514
8528 494
8521 472
8516 448
8511 423
8511 404
8516 389
8524 377
8533 377
8545 382
8563 392
8575 404
8589 421
8602 443
8614 465
8624 487
8633 509
8641 523
8645 533
8650 533
8655 528
8660 523
8667 521
8675 519
8684 516
8694 516
8706 519
8719 519
8731 516
8733 514
8728 504
8719 492
8706 472
8694 455
8684 438
8682 426
8689 419
8699 416
8711 416
8731 421
8753 428
8775 445
8801 470
8823 499
8845 531
8867 562
8889 597
8914 631
8933 662
8948 687
8955 699
8953 699
8945 692
8936 684
8923 670
8906 648
8889 619
8870 582
8853 545
8833 506
8811 472
8794 443
8780 416
8770 394
8770 384
8772 389
8782 394
8794 404
8811 419
8831 443
8853 472
8875 499
8897 526
8916 543
8928 548
8936 543
8938 536
8936 523
8933 514
8928 499
8919 487
8906 475
8894 462
8882 453
8870 445
8860 448
8855 450
8855 458
8858 458
8862 455
8867 448
8875 441
8884 431
8899 419
8916 411
8938 404
8960 404
8984 409
9006 416
9028 426
9048 445
9062 467
9075 489
9079 511
9079 526
9072 533
9065 528
9050 521
9033 511
9014 494
8997 472
8984 450
8977 426
8979 409
8987 394
8997 384
9011 380
9031 380
9053 382
9072 389
9094 402
9111 416
9133 443
9157 477
9184 521
9211 570
9238 614
9262 655
9284 684
9296 704
9296 706
9292 694
9282 675
9267 648
9245 606
9214 558
9184 509
9157 458
9140 414
9133 382
9138 358
9148 341
9162 333
9184 336
9209 343
9233 358
9253 375
9267 397
.PEN_UP
.PEN_DOWN
9087 611
9094 611
9104 611
9114 611
9123 611
9189 611
9216 611
9248 611
9287 611
9323 611
9355 609
9382 606
.PEN_UP
.PEN_DOWN
9389 416
9396 416
9399 411
9399 406
9399 402
9382 384
9374 375
9367 363
9357 350
9348 336
9340 326
.PEN_UP
.PEN_DOWN
9696 499
9701 501
9709 509
9709 514
9701 516
9679 523
9672 523
9662 523
9650 523
9633 521
9616 514
9596 499
9579 477
9562 453
9550 426
9540 402
9538 384
9545 375
9555 375
9570 380
9589 389
9611 406
9630 423
9648 445
9660 467
9667 489
9672 509
9672 516
9672 511
9667 499
9660 484
9650 462
9640 436
9638 409
9640 387
9650 377
9665 382
9687 394
9716 411
9745 436
9774 470
9804 504
9830 541
9855 577
9879 619
9899 662
9916 701
9928 733
9933 755
9928 755
9921 750
9911 738
9896 718
9879 687
9860 648
9843 599
9823 550
9806 501
9794 450
9791 411
9796 382
9804 363
9811 353
9826 350
9840 355
9855 365
9869 384
.PEN_UP
.PEN_DOWN
9796 614
9816 614
9833 614
9847 614
9862 616
9926 616
9950 616
.PEN_UP
.PEN_DOWN
9994 360
10001 360
10006 360
10011 360
10018 365
10043 384
10052 389
10064 399
10082 416
10106 441
10138 472
10169 509
10201 545
10230 587
10257 628
10279 667
10296 704
10303 731
10303 743
10299 738
10291 731
10277 714
10260 689
10238 658
10211 616
10186 577
10164 538
10145 501
10135 472
10135 445
10140 426
10150 414
10162 406
10184 411
10208 416
10235 428
10264 441
10289 462
10311 482
10325 504
10335 528
10333 548
10330 562
10321 565
10306 558
10286 545
10264 528
10242 506
10228 480
10221 458
10221 438
10228 423
10238 414
10257 406
10277 406
10303 411
10333 421
10364 433
10396 448
10425 465
10452 482
10474 497
10489 509
10491 519
10486 523
10479 521
10469 516
10457 511
10438 506
10423 499
10403 492
10381 480
10362 460
10342 438
10330 416
10325 399
10330 384
10338 377
10350 380
10367 387
10386 397
10406 411
10428 426
10445 445
10459 467
10472 489
10477 511
10474 526
10469 526
10462 521
10455 511
10445 499
10438 482
10435 462
10438 443
10440 423
10447 409
10457 397
10474 394
10494 399
10513 409
10535 421
10557 436
10577 458
10594 482
10606 506
10616 531
10625 553
10630 565
10635 565
10637 560
10640 553
10642 541
10647 523
10652 501
10655 477
10655 450
10650 428
10642 406
10630 394
10613 389
10596 392
10577 397
10559 406
10542 419
10530 426
10523 426
10528 421
10535 416
10547 409
10569 399
10596 392
10628 392
10662 397
10691 406
10725 428
10755 455
10779 492
10803 533
10820 572
10840 616
10857 655
10874 689
10884 714
10889 718
10886 714
10879 697
10867 672
10852 643
10833 599
10811 553
10791 509
10779 467
10776 436
10784 409
10791 387
10803 370
10823 365
10847 370
10869 380
10893 389
10908 404
.PEN_UP
.PEN_DOWN
10701 606
10706 606
10711 606
10716 606
10720 606
10752 599
10769 594
10796 592
10830 592
10867 589
10903 589
10933 587
10954 582
10969 580
10974 580
.PEN_UP
.PEN_DOWN
11023 355
11023 350
11020 345
11023 338
11028 336
11042 358
11050 367
11059 382
11074 402
11096 431
11120 462
11145 501
11174 543
11201 584
11228 623
11247 658
11254 682
11257 689
11252 684
11247 677
11237 665
11225 650
11210 623
11191 592
11169 548
11145 501
11120 460
11103 421
11096 394
11098 375
11106 365
11118 363
11130 365
11147 372
11164 384
11184 402
11201 423
11220 445
11237 470
11249 489
11254 501
11252 501
11245 497
11237 487
11230 475
11220 455
11213 433
11208 411
11208 394
11213 384
11220 382
11230 387
11245 394
11264 404
11281 416
11296 433
11310 450
11320 467
11327 480
11327 477
11323 470
11315 462
11308 448
11301 433
11296 414
11296 397
11298 384
11306 380
11318 382
11332 387
11352 397
11369 411
11388 431
11406 450
11423 472
11437 492
11447 506
11452 514
11452 511
11454 509
11459 504
11469 501
11484 499
11503 497
11527 497
11549 494
11574 492
11588 492
11591 492
11584 494
11576 494
11564 494
11547 487
11525 477
11503 462
11484 443
11469 423
11462 406
11462 389
11466 382
11476 377
11491 375
11510 375
11532 380
11554 387
11571 399
11588 416
11598 431
11603 453
11603 475
11598 497
11591 516
11576 523
11559 521
11542 516
11527 509
11530 504
11535 497
11547 489
11569 487
11596 484
11630 482
11659 484
11688 487
11713 489
11730 494
11727 501
11713 509
.PEN_UP
.PEN_DOWN
11079 584
11086 584
11093 584
11101 584
11110 584
11159 599
11181 606
11213 614
11254 621
11293 628
11332 631
11359 633
11376 633
.PEN_UP
.PEN_DOWN
11905 501
11905 506
11900 509
11896 509
11888 506
11861 484
11844 470
11827 450
11805 428
11783 399
11769 372
11764 350
11769 336
11781 328
11798 333
11822 341
11849 353
11874 370
11896 389
11915 414
11925 433
11925 453
11920 470
11913 482
11903 487
11891 489
11876 489
11864 484
11859 477
11861 470
11871 462
11886 460
11908 462
11937 467
11966 475
11998 487
12025 504
12049 521
12074 543
12091 565
12110 592
12127 619
12142 640
12152 658
12156 667
12156 665
12149 660
12142 650
12130 640
12115 619
12096 592
12076 558
12049 521
12025 484
12008 448
11996 416
11993 392
11996 375
12003 365
12018 363
12037 365
12064 372
12093 389
12122 411
12152 438
12181 470
12213 504
12242 548
12274 594
12303 643
12332 689
12354 728
12371 762
12378 789
12376 804
12371 806
12364 801
12354 794
12339 784
12322 765
12300 743
12278 711
12254 677
12227 633
12200 584
12176 536
12152 489
12135 453
12117 423
12103 399
12096 380
12098 375
12105 377
12115 384
12130 402
12152 426
12178 455
12208 492
12237 523
12264 550
12281 570
12291 572
12288 565
12281 553
12269 533
12254 509
12239 480
12222 450
12213 426
12205 402
12205 382
12213 370
12222 360
12242 360
12266 365
12300 372
12332 389
12361 409
12386 436
12408 465
12425 492
12437 519
12439 536
12434 548
12427 550
12413 545
12398 538
12378 521
12364 501
12352 477
12347 453
12347 431
12352 411
12361 399
12373 392
12395 392
12420 394
12442 399
12469 411
12488 423
12508 443
12525 465
12537 487
12549 509
12554 528
12559 541
12561 543
12561 541
12566 538
12576 533
12590 531
12608 526
12630 521
12649 519
12666 516
12673 514
12671 509
12664 501
12651 492
12634 477
12617 462
12603 443
12593 426
12593 409
12598 392
12608 380
12625 370
12651 363
12681 360
12712 365
12739 370
12764 380
12781 397
12788 419
.PEN_UP
.PEN_DOWN
11964 572
11969 572
11974 572
11979 572
11983 572
12013 572
12030 570
12054 570
12086 570
12125 567
12159 567
.PEN_UP
.PEN_DOWN
12861 334
12866 334
12871 334
12875 334
12880 334
12897 348
12902 351
12912 356
12924 361
12939 370
12958 385
12980 400
13002 422
13027 446
13046 473
13063 500
13080 524
13090 543
13095 553
13092 553
13088 548
13085 543
13080 534
13075 524
13068 507
13061 487
13051 458
13044 424
13034 385
13022 346
13010 304
12995 265
12978 226
12961 190
12944 161
12927 131
12907 112
12890 92
12875 85
12863 87
12858 90
12853 97
12856 109
12861 124
12871 144
12883 166
12900 187
12919 209
12941 231
12968 253
12995 273
13024 295
13053 312
13083 329
13112 348
13139 370
13163 395
13190 422
13214 448
13234 473
13248 500
13258 519
13258 531
13256 531
13253 529
13248 519
13244 509
13234 490
13224 463
13214 439
13202 412
13195 390
13192 370
13197 358
13205 351
13217 351
13231 353
13248 358
13268 368
13287 380
13307 397
13324 417
13339 441
13353 468
13365 495
13378 519
13387 539
13392 548
13390 546
13385 539
13380 526
13375 509
13365 487
13353 461
13341 434
13331 407
13324 382
13324 368
13329 363
13339 370
13356 385
13378 402
13407 426
13434 453
13463 480
13490 504
13517 526
13539 543
13556 546
13561 539
13558 529
13548 514
13534 487
13519 458
13497 426
13475 395
13456 370
13439 346
13429 326
13429 319
13431 319
13439 324
13453 334
13470 353
13497 378
13522 407
13548 439
13570 465
13590 485
13604 492
13607 487
13604 480
13597 470
13587 451
13575 426
13558 397
13548 368
13541 346
13539 326
13541 314
13548 307
13558 307
13575 314
13602 329
13629 348
13658 375
13687 409
13714 446
13741 487
13770 531
13799 578
13826 624
13856 665
13878 699
13895 726
13902 736
13897 731
13890 724
13878 704
13863 682
13843 651
13821 609
13799 568
13780 524
13758 485
13741 446
13729 417
13721 390
13717 370
13717 365
13724 370
13734 382
13753 402
13778 426
13809 458
13841 490
13873 519
13899 543
13921 556
13936 553
13938 546
13936 536
13931 521
13924 504
13917 487
13904 470
13895 465
13885 468
13878 473
13873 470
13868 465
13870 456
13873 446
13880 429
13895 412
13914 395
13938 378
13963 365
13987 361
14007 358
14026 358
14041 361
14053 368
14056 380
14053 395
.PEN_UP
.PEN_DOWN
13136 736
13131 736
13124 736
13119 734
13119 726
.PEN_UP
.PEN_DOWN
14165 331
14165 326
14175 339
14182 348
14190 358
14219 390
14234 407
14251 429
14268 453
14287 475
14302 495
14307 509
14304 509
14302 504
14294 490
14285 468
14275 441
14260 409
14251 380
14246 358
14248 339
14251 324
14260 319
14275 324
14297 331
14321 343
14346 363
14370 387
14390 417
14411 448
14429 475
14441 502
14448 517
14453 519
14453 514
14455 507
14458 495
14463 478
14468 453
14468 426
14463 397
14455 373
14443 351
14431 339
14414 334
14397 331
14380 331
14363 334
14346 341
14333 348
14329 356
14333 361
14341 358
14351 353
14365 346
14385 341
14407 334
14431 329
14455 331
14480 334
14502 341
14521 351
14538 370
14555 395
14572 419
14585 443
14592 465
14597 485
14597 500
14597 509
14602 509
14611 504
14624 495
14636 482
14646 465
14650 446
14650 422
14646 397
14638 373
14626 353
14609 341
14589 331
14572 329
14553 331
14533 334
14516 341
14499 348
14487 358
14480 361
14485 356
14492 351
14507 343
14529 336
14555 329
14585 326
14611 326
14636 331
14658 341
14677 358
14697 385
14714 412
14728 441
14738 470
14748 495
14758 514
14765 524
14767 521
14765 514
14760 502
14753 485
14746 465
14738 441
14733 417
14731 397
14731 378
14733 361
14741 356
14753 358
14765 365
14780 375
14794 390
14806 407
14816 426
14828 446
14838 468
14845 487
14850 497
14853 497
14853 490
14850 480
14848 468
14845 446
14838 424
14836 400
14833 375
14836 356
14841 339
14848 329
14863 329
14880 334
14899 343
14921 358
14943 375
14965 397
14987 424
15006 451
15021 478
15033 504
15036 526
15028 536
15019 534
15004 526
14987 514
14967 497
14948 475
14933 453
14926 429
14924 407
14928 390
14936 375
14948 363
14967 358
14987 361
15009 365
15033 375
15055 387
15077 404
15099 426
15116 451
15128 475
15133 495
15136 500
15136 497
15141 497
15150 495
15165 495
15180 490
15197 485
15204 478
15201 465
15194 453
15184 439
15170 424
15153 407
15138 390
15131 373
15136 358
15143 346
15158 341
15177 339
15204 339
15233 341
15258 348
15280 361
15299 378
15314 400
15328 426
15340 451
15350 473
15358 492
15365 500
15372 500
15377 495
15379 487
15384 478
15387 463
15389 446
15392 426
15392 402
15392 378
15389 353
15384 334
15375 319
15362 309
15340 307
15321 309
15299 314
15280 322
15265 329
15262 336
15270 341
15284 343
15306 341
15338 339
15375 331
15411 324
15443 314
15472 307
15494 307
15497 312
15484 319
.PEN_UP
.PEN_DOWN
14355 695
14353 690
14353 685
14353 677
14355 673
.PEN_UP
.PEN_DOWN
15596 314
15601 314
15609 314
15614 314
15623 322
15653 351
15665 368
15682 392
15699 419
15721 456
15743 492
15765 534
15784 575
15806 617
15823 651
15833 677
15838 695
15833 695
15828 687
15821 677
15809 658
15796 634
15782 599
15767 558
15750 512
15731 465
15714 422
15699 385
15687 353
15682 334
15679 331
15684 341
15694 358
15711 378
15733 404
15760 434
15784 461
15806 480
15828 495
15838 492
15840 487
15835 475
15833 458
15826 436
15818 412
15813 387
15811 368
15813 356
15821 351
15831 353
15852 361
15879 368
15911 382
15940 402
15970 422
15999 441
16016 456
16026 465
16021 468
16016 468
16006 468
15994 465
15977 458
15960 446
15938 424
15918 400
15899 373
15889 351
15891 336
15899 326
15916 329
15935 331
15957 341
15984 356
16006 375
16023 397
16038 419
16048 439
16050 456
16048 463
16040 458
16033 451
16023 439
16016 422
16009 397
16004 373
16004 351
16009 334
16018 326
16030 326
16045 331
16060 341
16077 356
16091 375
16108 395
16128 419
16148 441
16162 458
16174 463
16179 458
16182 451
16179 436
16177 417
16172 392
16165 368
16160 346
16160 326
16165 314
16172 312
16182 314
16194 319
16208 329
16223 346
16235 365
16250 385
16262 407
16274 426
16284 446
16294 458
16299 461
16301 456
16304 451
16308 443
16318 434
16330 424
16347 417
16369 414
16396 414
16423 417
16450 419
16474 424
16491 434
16506 443
16508 453
16503 465
16496 473
16484 478
16462 473
16440 465
16416 453
16396 441
16384 422
16377 400
16379 378
16384 356
16396 339
16416 326
16445 322
16482 326
16516 331
16545 339
16569 348
16584 363
16591 375
16591 392
16584 407
16574 424
.PEN_UP
.PEN_DOWN
16647 319
16655 322
16660 322
16664 322
16669 326
16701 348
16711 356
16725 365
16742 378
16762 397
16781 419
16801 441
16816 463
16825 482
16828 497
16825 500
16823 495
16820 490
16820 485
16825 480
16835 470
16850 461
16864 446
16874 424
16879 400
16879 375
16874 351
16867 329
16855 317
16838 307
16820 302
16801 302
16781 300
16762 302
16745 307
16730 312
16723 322
16725 329
16730 334
16740 331
16752 329
16764 326
16781 324
16799 324
16813 324
16833 326
16855 331
16879 341
16908 353
16937 368
16967 387
16994 412
17020 434
17045 458
17067 478
17089 495
17106 504
17123 509
17135 509
17137 507
17133 502
17128 500
17118 495
17106 490
17089 485
17072 475
17052 465
17030 453
17008 441
16991 426
16977 409
16969 390
16964 373
16967 358
16972 346
16984 341
16996 339
17016 339
17037 343
17057 356
17074 373
17089 395
17101 417
17111 441
17120 463
17130 485
17140 507
17142 521
17140 519
17137 512
17130 500
17125 482
17115 463
17108 436
17101 414
17094 390
17091 368
17096 353
17101 346
17111 346
17123 351
17137 358
17157 368
17176 382
17196 397
17215 414
17233 431
17245 451
17252 470
17259 487
17259 495
17257 487
17252 475
17242 456
17233 431
17218 402
17211 380
17206 358
17208 346
17215 339
17228 343
17242 351
17267 363
17293 382
17323 409
17354 436
17386 463
17418 485
17445 497
17464 502
17479 500
17491 495
17496 487
17493 478
17489 470
17484 465
17474 463
17462 463
17445 463
17425 461
17403 456
17379 446
17357 426
17335 402
17318 378
17311 358
17315 341
17323 329
17332 319
17347 317
17367 319
17389 326
17411 339
17430 361
17452 390
17471 424
17489 458
17508 500
17528 543
17547 582
17567 619
17581 646
17584 658
17579 653
17571 643
17562 621
17547 587
17528 543
17508 492
17491 446
17481 404
17481 373
17484 346
17489 324
17501 312
17518 307
17535 309
17552 312
17569 319
17584 336
17593 363
17588 395
17581 436
17569 475
.PEN_UP
.PEN_DOWN
17235 643
17237 638
17242 636
17250 631
17259 631
.PEN_UP
.PEN_DOWN
17674 314
17679 312
17679 319
17679 324
17686 324
17710 339
17720 348
17732 358
17742 370
17762 387
17781 409
17803 434
17827 463
17849 495
17871 529
17891 568
17910 604
17925 638
17935 660
17935 670
17927 665
17918 651
17905 634
17891 612
17874 578
17854 541
17832 497
17810 451
17788 407
17771 365
17759 334
17754 307
17759 292
17769 290
17788 297
17815 304
17847 319
17884 341
17915 370
17947 402
17979 436
18005 473
18035 517
18064 563
18091 609
18118 653
18135 687
18144 712
18142 719
18135 714
18125 704
18113 690
18098 665
18079 631
18057 590
18032 548
18005 504
17981 461
17957 422
17937 387
17920 361
17908 339
17908 329
17913 331
17920 341
17937 356
17957 373
17981 397
18008 426
18032 453
18057 480
18074 495
18081 495
18076 487
18071 478
18062 456
18052 431
18042 404
18032 378
18030 353
18030 331
18037 317
18047 309
18066 312
18091 319
18120 329
18147 341
18171 358
18196 378
18218 402
18230 426
18240 451
18242 473
18240 482
18232 485
18220 478
18205 461
18183 436
18161 407
18142 378
18127 353
18127 331
18132 317
18140 304
18152 300
18166 302
18188 309
18210 319
18235 334
18259 353
18283 375
18305 400
18327 422
18342 439
18342 436
18335 429
18327 414
18318 395
18308 373
18300 348
18298 329
18300 314
18308 304
18318 302
18332 307
18354 317
18374 329
18396 346
18415 370
18432 397
18447 424
18461 448
18476 465
18486 473
18496 468
18493 458
18488 441
18476 412
18459 375
18435 329
18400 280
18361 234
18325 190
18291 156
18261 129
18240 109
18218 102
18208 107
18213 119
18222 134
18237 156
18261 187
18300 222
18344 258
18396 297
18452 336
18503 375
18552 412
18591 441
18620 461
18630 470
18627 475
18622 478
.PEN_UP
.PEN_DOWN
17752 531
17762 531
17774 531
17786 531
17803 531
17864 543
17884 546
17905 548
17932 548
17964 548
17993 548
18018 548
18037 548
.PEN_UP
.PEN_DOWN
18654 292
18661 292
18669 295
18676 297
18683 302
18710 326
18720 336
18732 351
18749 370
18773 400
18798 431
18822 465
18847 500
18869 529
18883 558
18891 575
18888 578
18883 570
18876 563
18866 548
18854 524
18832 490
18810 448
18781 397
18752 346
18722 290
18693 241
18669 197
18649 163
18634 136
18627 114
18625 102
18630 107
18637 117
18654 139
18678 175
18708 222
18744 280
18788 339
18830 397
18871 451
18905 487
18930 504
18944 504
18949 497
18947 482
18937 463
18927 441
18915 414
18900 387
18886 365
18871 343
18854 324
18834 309
18815 300
18800 295
18786 297
18776 304
18769 314
18761 326
18764 329
18769 326
18776 322
18783 317
18795 312
18810 309
18832 307
18856 307
18888 312
18917 322
18951 339
18986 365
19017 397
19054 431
19086 470
19115 507
19144 546
19166 582
19183 619
19195 651
19203 677
19205 699
19200 709
19193 709
19183 704
19164 695
19142 675
19117 646
19093 609
19066 568
19042 526
19020 485
19003 446
18993 414
18986 385
18983 363
18986 346
18995 339
19010 343
19032 356
19059 370
19088 395
19120 422
19151 446
19181 465
19207 475
19232 482
19246 480
19251 478
19244 473
19237 468
19227 463
19215 458
19198 451
19176 436
19156 422
19134 404
19120 387
19110 368
19112 353
19120 346
19132 348
19147 351
19166 361
19188 370
19207 382
19220 400
19229 417
19234 434
19234 451
19232 463
19227 463
19220 458
19210 451
19198 439
19190 424
19186 404
19186 385
19190 370
19198 361
19207 356
19225 358
19242 363
19261 370
19286 380
19307 395
19329 409
19351 426
19368 446
19383 461
19393 468
19390 458
19385 446
19378 429
19366 409
19354 385
19339 365
19327 346
19320 329
19317 322
19322 324
19329 329
19342 341
19359 356
19381 373
19407 397
19434 422
19463 448
19483 470
19493 475
19488 470
19481 461
19468 446
19456 424
19444 402
19437 382
19437 365
19444 351
19451 341
19468 336
19490 336
19517 341
19544 346
19568 353
19590 365
19602 382
19612 407
.PEN_UP
.PEN_DOWN
19659 302
19666 302
19671 302
19676 307
19680 307
19707 322
19720 331
19732 346
19751 370
19768 400
19793 436
19815 478
19839 524
19863 565
19883 602
19902 631
19912 651
19915 660
19912 658
19907 651
19897 638
19885 614
19863 580
19839 536
19812 490
19783 443
19759 400
19741 363
19732 331
19727 307
19732 292
19739 283
19751 278
19766 280
19790 290
19815 302
19841 322
19871 346
19897 373
19922 400
19939 422
19944 434
19937 429
19924 422
19907 407
19885 387
19866 365
19851 341
19846 322
19849 302
19854 285
19861 275
19876 270
19897 275
19919 283
19946 297
19966 317
19978 339
19985 365
19985 387
19983 409
19973 426
19961 439
19946 441
19932 439
19919 434
19910 426
19910 419
19917 414
19932 407
19954 404
19983 402
20019 404
20054 409
20083 417
20105 424
20119 431
.PEN_UP
.PEN_DOWN
19715 502
19722 500
19729 500
19734 500
19744 500
19802 507
19832 514
19868 521
19907 529
19949 534
19983 536
.PEN_UP
.PEN_DOWN
20169 306
20169 299
20176 299
20181 299
20188 299
20217 306
20229 308
20242 318
20256 328
20278 345
20303 360
20327 377
20349 396
20366 413
20378 430
20383 445
20388 455
20390 457
20395 457
20400 452
20405 445
20407 435
20407 421
20407 403
20405 384
20400 362
20393 343
20381 321
20368 299
20351 282
20337 269
20317 267
20303 274
20288 279
20278 289
20271 301
20266 311
20266 321
20268 323
20276 321
20283 316
20295 311
20310 303
20325 296
20342 291
20359 291
20376 291
20393 291
20412 296
20434 306
20459 318
20485 338
20515 360
20542 382
20568 403
20595 423
20612 438
20632 450
20642 450
20644 447
20642 445
20634 442
20627 440
20615 435
20600 433
20583 425
20564 416
20544 403
20527 386
20510 367
20500 345
20495 325
20498 306
20503 294
20515 289
20529 289
20554 289
20578 294
20605 303
20634 316
20661 330
20688 352
20717 374
20744 396
20768 416
20793 428
20812 435
20824 433
20824 430
20820 430
20815 428
20805 428
20790 425
20776 421
20756 411
20737 399
20717 382
20700 364
20688 345
20681 330
20683 318
20688 308
20698 303
20710 303
20732 303
20751 306
20773 313
20790 323
20802 340
20810 360
20815 379
20820 401
20824 421
20829 435
20832 438
20829 433
20824 425
20820 413
20815 396
20810 374
20805 352
20802 330
20802 308
20802 294
20807 284
20817 282
20834 286
20851 294
20873 308
20895 325
20917 350
20939 379
20961 408
20983 447
21005 486
21029 525
21049 562
21068 596
21083 625
21090 650
21085 662
21078 659
21066 655
21054 638
21037 613
21019 584
21000 542
20983 501
20966 460
20949 416
20937 379
20937 345
20941 318
20954 301
20976 291
21000 291
21029 296
21058 308
21080 321
21102 340
21119 364
21132 391
21132 416
21129 438
21122 447
21107 442
21085 433
21061 418
21039 399
21024 374
21022 350
21027 325
21037 306
21056 291
21083 282
21117 279
21149 282
21178 286
21205 294
21224 306
21236 318
21239 333
21234 345
21224 355
21212 367
21195 379
.PEN_UP
.PEN_DOWN
21324 272
21332 269
21339 269
21349 274
21358 282
21388 306
21402 318
21422 338
21446 362
21471 391
21495 425
21519 464
21541 501
21566 538
21585 567
21597 589
21600 606
21597 613
21592 608
21588 603
21580 596
21568 579
21553 555
21536 523
21524 486
21510 450
21500 413
21490 379
21483 347
21478 321
21478 299
21483 279
21490 264
21500 262
21512 264
21527 269
21541 277
21556 291
21568 308
21580 330
21588 350
21590 369
21592 389
21590 403
21583 416
21578 423
21571 423
21571 418
21575 413
21583 411
21592 408
21610 406
21629 403
21653 403
21680 403
21702 403
21724 403
21741 403
21756 406
21761 406
21756 408
21751 406
21741 403
21731 399
21717 391
21700 379
21680 364
21661 347
21641 328
21627 308
21619 291
21622 274
21627 262
21639 260
21656 262
21673 267
21692 277
21712 291
21729 308
21741 328
21748 345
21753 362
21758 382
21761 394
21761 394
21758 386
21753 379
21746 364
21741 347
21736 330
21734 313
21736 299
21741 289
21751 286
21768 294
21790 303
21817 316
21846 335
21873 357
21900 379
21924 396
21946 408
21965 416
21980 416
21978 416
21970 416
21963 413
21951 408
21934 401
21912 389
21890 374
21866 357
21846 338
21834 318
21834 301
21836 284
21848 274
21866 272
21892 274
21926 277
21965 286
22005 299
22041 316
22075 340
22102 364
22126 394
22151 428
22173 464
22195 503
22214 540
22234 572
22241 594
22241 608
22239 611
22231 606
22224 599
22214 586
22204 572
22190 547
22175 520
22158 486
22136 450
22114 411
22092 374
22073 343
22061 313
22051 294
22051 279
22053 277
22061 284
22070 294
22085 311
22104 335
22126 362
22148 389
22173 413
22195 428
22214 438
22231 438
22241 433
22246 423
22246 413
22243 401
22239 386
22229 374
22219 364
22204 357
22187 357
22175 360
22168 364
22168 362
22173 357
22180 350
22187 335
22200 318
22214 296
22231 279
22246 267
22265 262
22282 264
22302 269
22319 277
22331 284
22339 296
22334 306
22326 313
22317 325
22307 338
22297 352
.PEN_UP
.PEN_DOWN
22470 299
22475 299
22482 299
22487 299
22497 299
22531 321
22548 330
22573 347
22597 367
22626 391
22651 421
22675 447
22699 477
22719 506
22734 530
22741 545
22738 542
22734 535
22724 528
22714 513
22704 494
22690 464
22670 428
22643 389
22612 343
22577 294
22546 243
22519 194
22497 157
22485 133
22482 128
22487 133
22495 143
22504 157
22519 182
22541 216
22570 257
22604 301
22641 345
22677 386
22714 421
22746 450
22775 474
22799 489
22819 496
22834 491
22836 481
22831 460
22821 435
22809 403
22792 374
22773 347
22751 325
22734 308
22714 296
22695 294
22677 294
22660 296
22646 301
22636 308
22626 318
22619 325
22621 333
22624 333
22629 330
22634 328
22643 325
22653 323
22668 316
22685 311
22707 308
22734 311
22768 316
22804 325
22841 343
22877 369
22914 401
22948 438
22982 477
23014 518
23041 562
23068 603
23094 645
23114 679
23129 708
23138 735
23138 752
23133 757
23131 755
23121 750
23111 740
23097 725
23080 703
23058 669
23031 630
22999 586
22970 540
22938 491
22912 445
22892 406
22873 372
22865 345
22865 328
22870 318
22877 316
22892 321
22914 328
22946 340
22977 355
23014 377
23048 403
23080 428
23109 450
23133 464
23148 469
23155 467
23150 467
23146 464
23138 462
23129 460
23116 457
23104 455
23092 450
23077 445
23060 435
23043 418
23024 399
23007 377
22994 357
22992 340
22997 328
23007 323
23019 325
23038 333
23060 345
23082 362
23102 384
23121 408
23133 430
23143 447
23143 462
23141 464
23133 460
23124 452
23114 440
23102 423
23092 401
23085 382
23080 360
23080 343
23087 333
23097 328
23109 330
23129 335
23150 343
23175 355
23199 369
23226 391
23248 411
23270 433
23285 445
23287 442
23282 435
23272 425
23263 406
23248 386
23231 362
23216 340
23202 318
23192 306
23189 299
23192 301
23197 306
23207 313
23219 323
23238 343
23265 367
23294 396
23321 423
23346 442
23360 450
23360 445
23355 438
23348 425
23341 411
23331 389
23319 367
23307 345
23299 328
23294 313
23297 303
23302 296
23311 291
23321 291
23338 299
23355 308
23377 325
23399 350
23426 377
23453 406
23480 433
23504 457
23524 474
23543 481
23560 486
23563 484
23560 477
23550 462
23541 445
23528 421
23511 399
23494 377
23475 355
23460 335
23445 316
23441 301
23443 291
23448 296
23460 306
23475 318
23494 338
23521 364
23548 396
23577 425
23602 452
23621 469
23631 472
23633 467
23631 460
23626 447
23614 428
23599 406
23582 382
23567 360
23558 338
23555 321
23560 311
23570 311
23584 313
23604 316
23626 321
23648 328
23670 343
23692 357
23716 379
23738 401
23760 423
23777 445
23787 464
23782 472
23775 469
23760 462
23743 452
23719 438
23694 421
23672 399
23653 374
23643 352
23641 335
23645 323
23653 318
23662 316
23680 318
23706 323
23733 333
23765 345
23794 362
23826 382
23855 399
23884 413
23909 423
23931 428
23948 428
23955 428
23953 428
23945 425
23936 423
23919 416
23899 406
23870 391
23843 377
23819 362
23799 347
23792 333
23792 323
23799 316
23811 318
23828 321
23848 330
23872 343
23897 360
23921 379
23945 403
23975 435
24006 469
24038 508
24067 545
24094 574
24114 601
24128 623
24128 628
24121 623
24111 611
24092 591
24067 564
24036 530
24006 494
23979 460
23955 428
23933 401
23919 377
23914 360
23916 345
23923 338
23933 335
23950 335
23967 335
23989 335
24011 335
24031 338
24050 343
24065 352
.PEN_UP
.PEN_DOWN
24155 282
24160 282
24167 282
24172 282
24177 282
24196 306
24209 313
24221 323
24233 338
24253 357
24274 384
24301 416
24331 452
24357 489
24384 528
24406 564
24423 599
24435 623
24438 640
24433 642
24428 640
24421 633
24411 623
24399 611
24387 591
24370 569
24353 540
24335 506
24314 464
24289 421
24265 377
24240 338
24223 308
24209 284
24206 269
24209 264
24216 272
24231 286
24248 306
24272 330
24299 360
24326 389
24350 413
24374 438
24394 457
24411 469
24423 472
24428 467
24423 452
24418 435
24413 411
24406 384
24396 360
24394 340
24399 325
24406 318
24416 321
24433 325
24452 333
24474 343
24496 357
24518 374
24538 394
24555 408
24570 423
24579 438
24582 447
24579 445
24574 438
24562 418
24548 394
24531 367
24516 338
24504 316
24501 296
24509 284
24516 289
24535 296
24560 306
24589 321
24621 338
24650 357
24679 379
24704 396
24728 411
24748 418
24765 423
24779 423
24791 423
24799 423
24794 421
24787 416
24774 413
24757 411
24735 406
24711 401
24687 391
24665 379
24643 362
24628 343
24621 325
24626 311
24640 303
24660 299
24682 301
24713 306
24738 318
24762 333
24784 350
24799 369
24808 389
24813 408
24813 423
24811 428
24808 423
24801 411
24796 389
24791 357
24784 318
24777 277
24765 230
24743 189
24716 147
24684 116
24650 87
24618 65
24587 43
24557 28
24533 21
24518 26
24516 33
24523 43
24535 60
24555 82
24582 104
24618 128
24657 152
24699 174
24743 199
24782 223
24823 247
24857 277
24891 308
24923 347
24955 386
24986 428
25013 472
25043 513
25064 552
25084 586
25099 613
25108 630
25108 630
25103 623
25094 616
25082 601
25062 584
25038 557
25011 525
24984 491
24957 452
24933 416
24911 379
24891 347
24877 316
24869 294
24872 289
24877 294
24886 301
24904 311
24923 330
24947 352
24969 377
24991 401
25011 418
25030 430
25045 425
25047 418
25040 403
25033 382
25025 355
25013 325
25004 296
24999 274
25004 257
25011 247
25028 250
25050 255
25079 264
25106 279
25130 294
25150 311
25167 325
25179 338
25191 347
25199 355
.PEN_UP
.PEN_DOWN
24762 594
24762 589
24762 584
24757 584
.PEN_UP
.PEN_DOWN
25157 425
25162 425
25167 425
25172 425
25179 425
25199 428
25206 428
25218 428
25230 428
25245 428
25260 428
.PEN_UP
.PEN_DOWN
25238 296
25235 291
25240 291
25245 291
25250 291
25267 299
25274 306
25286 318
25301 335
25323 360
25345 384
25364 408
25386 430
25394 445
25394 442
25386 433
25379 416
25369 394
25357 367
25345 340
25335 316
25338 296
25347 289
25367 294
25389 301
25416 313
25442 330
25467 355
25491 377
25516 403
25535 425
25547 445
25552 455
25547 450
25545 442
25540 430
25530 416
25516 391
25498 360
25481 323
25464 282
25447 238
25428 199
25406 162
25384 130
25362 104
25340 77
25320 57
25303 43
25294 45
25294 52
25299 65
25308 87
25328 116
25352 150
25381 182
25413 211
25447 235
25477 260
25506 279
25535 296
25564 313
25591 330
25613 347
25637 364
25657 382
25674 401
25686 418
25694 433
25694 442
25694 442
25691 440
25686 433
25679 425
25667 413
25655 394
25642 369
25630 345
25623 321
25623 299
25628 282
25637 269
25655 264
25676 269
25703 274
25730 286
25754 299
25776 316
25796 340
25808 364
25818 389
25820 411
25818 425
25813 428
25803 421
25789 413
25769 399
25750 377
25735 352
25728 330
25730 308
25737 291
25750 279
25767 274
25791 277
25818 284
25852 296
25881 316
25911 343
25940 374
25969 413
25996 452
26020 496
26045 535
26064 572
26081 603
26096 630
26106 655
26101 664
26093 659
26076 645
26052 623
26020 586
25986 542
25952 491
25923 445
25901 399
25889 362
25881 330
25881 306
25884 286
25891 274
25903 277
25923 282
25947 289
25974 299
26006 316
26037 340
26069 364
26098 389
26123 408
26142 423
26162 425
26174 423
26176 421
26171 418
26167 418
26159 418
26149 421
26135 423
26118 423
26096 421
26071 413
26047 399
26020 379
26001 357
25989 333
25984 308
25991 291
25998 282
26011 282
26030 289
26054 299
26079 313
26106 333
26130 360
26152 391
26174 428
26196 467
26215 503
26235 535
26252 567
26267 589
26279 608
26284 616
26281 611
26269 599
26252 579
26232 552
26206 516
26181 479
26162 447
26142 413
26130 382
26130 355
26132 330
26137 311
26145 303
26157 299
26179 301
26206 306
26232 311
26264 316
26288 323
26301 330
26293 340
26284 352
.PEN_UP
.PEN_DOWN
25735 562
25735 557
25740 555
.PEN_UP
.PEN_DOWN
26517 387
26512 387
26512 392
26512 397
26507 399
26488 399
26478 392
26468 382
26453 362
26436 336
26419 311
26407 287
26402 270
26405 255
26412 248
26419 245
26431 248
26448 253
26470 258
26490 267
26509 277
26524 292
26534 309
26539 328
26541 348
26541 362
26541 377
26536 389
26527 399
26517 409
26507 411
26497 411
26492 406
26492 401
26497 397
26505 392
26519 392
26544 397
26575 404
26609 416
26644 438
26675 465
26702 492
26729 516
26751 543
26765 565
26778 589
26780 606
26775 609
26765 604
26756 592
26741 570
26724 540
26705 497
26680 445
26651 389
26619 333
26590 277
26561 226
26539 182
26517 143
26505 114
26500 97
26500 97
26505 104
26517 119
26531 145
26553 177
26578 214
26595 248
26607 275
26612 294
26609 302
26605 302
26600 297
26602 297
26612 297
26629 302
26653 309
26680 319
26709 338
26741 365
26775 397
26809 433
26843 467
26878 501
26904 533
26929 565
26946 592
26956 611
26953 621
26946 618
26936 614
26924 599
26902 575
26875 540
26841 494
26807 440
26770 384
26736 326
26705 272
26678 221
26656 177
26634 141
26622 111
26614 92
26617 80
26622 82
26631 89
26641 102
26656 119
26668 143
26683 172
26692 202
26702 228
26707 250
26707 263
26707 263
26709 260
26717 258
26726 255
26739 253
26758 253
26780 255
26807 263
26839 275
26870 292
26902 311
26929 333
26948 353
26958 372
26958 387
26953 394
26939 389
26919 380
26897 367
26873 350
26853 328
26841 304
26834 284
26836 265
26843 250
26856 245
26875 248
26897 255
26926 265
26953 280
26978 294
27002 311
27024 331
27041 350
27051 372
27056 387
27056 394
27058 394
27065 394
27078 394
27090 394
27104 394
27121 394
27134 392
27146 389
27148 382
27143 372
27134 360
27124 348
27107 333
27090 316
27075 299
27065 282
27065 267
27070 258
27078 250
27095 253
27117 260
27146 272
27175 284
27197 304
27221 323
27241 345
27260 365
27275 382
27280 397
27275 394
27270 387
27263 367
27251 343
27236 316
27224 287
27217 263
27217 245
27221 236
27229 238
27238 245
27248 258
27265 272
27287 292
27312 314
27341 341
27370 365
27395 387
27416 399
27434 397
27441 387
27436 372
27429 350
27414 326
27397 299
27377 275
27358 253
27346 233
27343 226
27351 228
27358 236
27373 248
27392 263
27416 282
27443 306
27473 333
27497 358
27514 380
27524 384
27521 380
27516 372
27507 355
27492 336
27480 309
27468 284
27460 263
27458 248
27460 236
27468 236
27480 241
27497 248
27519 260
27546 280
27575 302
27609 323
27641 345
27670 365
27694 377
27714 384
27731 384
27741 382
27748 377
27746 370
27738 365
27726 358
27714 355
27697 353
27680 353
27663 350
27646 345
27626 338
27604 323
27587 306
27577 287
27575 267
27580 255
27590 250
27604 253
27624 260
27646 270
27668 284
27685 302
27699 321
27709 343
27716 365
27724 384
27733 401
27738 406
27741 401
27741 394
27736 377
27729 353
27719 316
27704 277
27687 233
27663 189
27636 153
27609 116
27580 87
27558 70
27536 58
27519 55
27509 60
27514 65
27521 72
27536 85
27558 99
27587 116
27624 133
27665 153
27707 182
27748 214
27790 250
27829 292
27865 331
27897 365
27926 392
27938 414
27946 419
27950 419
27955 414
27963 406
27970 394
27980 372
27987 348
27994 319
27997 292
27992 270
27980 253
27963 241
27941 241
27914 243
27894 250
27872 260
27855 267
27848 272
27853 272
27863 272
27882 267
27907 265
27938 260
27975 258
28004 255
28031 255
28053 255
28060 255
28060 258
28058 258
28053 263
.PEN_UP
.PEN_DOWN
27360 536
27353 533
27348 528
27348 521
27348 516
.PEN_UP
.PEN_DOWN
28145 270
28153 265
28153 260
28153 253
28148 245
28131 216
28121 204
28111 189
.PEN_UP
.PEN_DOWN
28406 362
28411 365
28416 367
28416 372
28421 372
28416 389
28409 392
28397 394
28384 394
28365 389
28343 375
28321 353
28297 331
28275 304
28260 282
28255 263
28258 248
28265 241
28275 241
28289 243
28306 248
28328 258
28348 272
28367 294
28387 321
28402 348
28411 372
28414 384
28411 377
28404 367
28397 350
28387 331
28380 309
28375 287
28377 267
28380 253
28387 245
28402 250
28421 260
28443 277
28470 302
28494 328
28519 358
28540 382
28560 397
28575 399
28582 392
28582 380
28577 360
28570 336
28562 306
28553 282
28540 260
28533 243
28528 238
28531 243
28538 250
28550 265
28567 287
28594 314
28621 341
28648 362
28667 377
28679 380
28682 372
28677 365
28670 350
28658 326
28643 299
28631 270
28621 245
28621 228
28628 226
28640 233
28665 245
28699 263
28736 284
28772 309
28806 328
28836 343
28862 355
28884 360
28904 362
28918 365
28926 367
28921 370
28914 372
28904 372
28892 372
28877 370
28860 365
28840 358
28821 345
28801 331
28782 311
28765 289
28757 270
28762 255
28772 245
28787 241
28804 243
28828 248
28853 263
28872 284
28892 316
28909 350
28926 392
28948 436
28972 484
28996 528
29014 560
29018 575
29014 567
29004 553
28992 528
28974 494
28953 445
28931 394
28909 341
28889 289
28884 250
28889 219
28901 199
28918 189
28940 192
28967 199
28994 209
29016 224
29038 236
29055 250
29067 260
.PEN_UP
.PEN_DOWN
29174 233
29179 233
29189 238
29199 243
29209 250
29233 277
29240 287
29250 297
29265 309
29284 331
29301 353
29318 377
29330 399
29338 411
29343 414
29345 409
29348 404
29352 397
29357 384
29360 370
29362 353
29362 336
29360 316
29357 294
29355 272
29348 253
29338 238
29326 231
29311 231
29296 233
29279 238
29262 243
29248 248
29233 250
29221 255
29218 258
29226 258
29233 258
29248 255
29262 250
29284 245
29306 238
29335 233
29362 233
29391 236
29416 241
29443 243
29472 250
29499 260
29523 277
29545 299
29562 323
29572 350
29579 375
29579 397
29579 414
29574 421
29567 419
29555 414
29540 401
29526 384
29513 360
29504 331
29499 304
29496 282
29499 267
29504 258
29513 258
29526 260
29545 267
29567 277
29589 289
29616 306
29638 328
29665 353
29694 375
29718 399
29740 414
29752 414
29757 406
29752 392
29745 375
29735 350
29723 326
29713 302
29706 280
29708 263
29716 248
29725 241
29738 245
29752 250
29769 260
29789 277
29811 299
29830 323
29852 348
29867 370
29877 392
29884 401
29886 404
29886 399
29891 394
29896 389
29906 382
29918 372
29933 360
29950 353
29972 350
29991 353
30013 355
30030 362
30045 375
30052 387
30052 399
30047 409
30038 416
30023 421
30008 419
29994 414
29981 401
29967 389
29957 365
29950 341
29950 316
29955 294
29962 280
29974 272
29991 270
30016 272
30038 277
30062 284
30081 297
30096 316
30111 336
30123 358
30133 380
30145 394
30150 401
30147 404
30145 401
30147 397
30155 394
30167 392
30184 389
30201 389
30216 389
30228 387
30230 380
30228 372
30220 362
30211 353
30196 341
30184 323
30174 306
30174 287
30181 275
30189 272
30203 275
30223 282
30250 289
30279 302
30311 316
30340 333
30367 353
30396 370
30420 384
30442 387
30454 382
30459 377
30457 375
30450 370
30442 367
30433 365
30420 365
30408 365
30394 362
30376 362
30359 360
30342 353
30323 343
30308 331
30296 314
30291 299
30294 284
30301 275
30311 270
30325 270
30342 275
30362 282
30379 297
30394 311
30408 328
30420 348
30430 372
30442 394
30450 416
30454 423
30454 416
30450 401
30442 387
30433 365
30425 341
30420 319
30420 299
30423 284
30428 272
30440 267
30457 272
30476 280
30496 289
30518 309
30540 333
30567 365
30596 401
30628 443
30657 484
30684 526
30711 562
30732 592
30745 614
30742 618
30735 611
30715 597
30691 579
30662 545
30628 501
30596 450
30564 399
30540 353
30528 316
30530 284
30537 260
30547 241
30562 231
30584 233
30608 238
30635 245
30662 263
30684 284
30703 309
30706 333
30698 350
30689 362
.PEN_UP
.PEN_DOWN
30786 228
30786 224
30784 219
30789 219
30793 219
30810 243
30820 253
30832 263
30849 277
30871 302
30896 323
30920 350
30942 380
30962 406
30974 423
30976 423
30971 416
30967 409
30962 399
30952 387
30942 367
30930 345
30920 316
30906 287
30898 263
30901 245
30908 243
30920 245
30940 250
30962 258
30988 270
31018 284
31040 306
31064 331
31084 353
31098 377
31108 394
31115 401
31120 397
31123 389
31127 380
31132 365
31140 341
31145 316
31147 289
31142 263
31135 241
31123 221
31108 214
31088 211
31074 216
31057 224
31042 233
31025 243
31013 255
31003 267
30998 280
31001 287
31006 282
31013 275
31025 265
31040 250
31057 238
31079 228
31103 224
31127 226
31154 228
31176 236
31198 248
31218 265
31237 287
31257 314
31274 341
31288 365
31301 384
31305 392
31308 392
31310 387
31313 377
31315 365
31323 345
31327 323
31330 304
31330 284
31325 267
31315 250
31303 233
31288 219
31271 214
31257 216
31242 224
31225 228
31208 233
31188 241
31171 243
31157 248
31157 245
31162 243
31171 236
31191 228
31215 224
31244 224
31274 226
31303 233
31332 243
31359 258
31386 275
31408 294
31430 311
31452 328
31469 348
31486 367
31496 387
31503 401
31500 406
31496 404
31491 399
31483 392
31474 380
31461 362
31452 343
31444 321
31437 299
31435 280
31432 263
31437 248
31442 238
31452 238
31466 245
31481 255
31493 267
31510 287
31525 306
31537 326
31549 348
31557 367
31564 380
31566 380
31564 375
31559 365
31552 350
31542 328
31535 306
31530 287
31530 270
31537 258
31547 248
31564 243
31588 241
31613 245
31637 250
31659 263
31681 277
31700 299
31717 321
31735 345
31747 370
31757 394
31761 416
31757 431
31749 428
31737 421
31720 409
31700 389
31678 367
31661 343
31649 319
31644 297
31647 277
31654 263
31664 250
31683 245
31710 248
31737 253
31766 258
31791 267
31810 282
31832 302
31849 326
31864 353
31874 377
31881 389
31886 392
31888 389
31891 382
31895 372
31905 355
31917 336
31930 311
31942 284
31949 260
31944 238
31937 224
31927 219
31913 224
31893 228
31871 236
31852 248
31837 263
31832 272
31839 277
31852 277
31866 275
31888 270
31915 263
31942 258
31964 253
31983 248
31998 241
32010 241
32020 245
.PEN_UP
.PEN_DOWN
31074 558
31069 558
31064 558
31059 555
31059 548
.PEN_UP
.PEN_DOWN
32171 241
32178 241
32186 245
32191 255
32195 263
32220 292
32232 304
32249 323
32271 353
32300 389
32325 431
32351 475
32373 521
32395 562
32415 597
32429 623
32434 640
32432 648
32425 645
32420 638
32410 621
32398 597
32378 565
32354 523
32329 480
32303 433
32278 384
32256 341
32234 299
32217 265
32212 245
32215 236
32222 241
32232 250
32247 270
32266 294
32290 326
32320 360
32347 392
32371 419
32390 433
32400 433
32400 426
32398 411
32390 387
32381 360
32371 331
32361 306
32364 292
32368 280
32376 272
32386 272
32400 275
32422 282
32449 292
32478 309
32507 331
32534 350
32559 367
32571 375
32576 375
32573 372
32571 370
32564 367
32556 367
32546 365
32537 362
32525 358
32510 350
32490 338
32473 323
32459 302
32447 280
32442 258
32444 245
32451 243
32464 245
32481 250
32503 263
32522 277
32537 297
32551 316
32564 336
32571 358
32573 370
32571 367
32564 358
32559 343
32549 321
32542 297
32532 275
32532 255
32537 243
32542 236
32551 241
32564 248
32581 258
32598 270
32617 287
32639 306
32661 328
32685 353
32705 372
32717 380
32717 375
32710 362
32703 345
32693 323
32681 297
32673 275
32666 258
32668 245
32673 238
32681 238
32693 243
32707 250
32727 263
32746 277
32763 294
32781 314
32795 333
32807 353
32817 370
32824 377
32824 382
32820 380
32817 377
32815 372
32815 362
32820 353
32824 343
32834 333
32849 326
32863 316
32881 311
32902 311
32924 314
32944 319
32961 323
32973 331
32978 343
32978 355
32976 370
32971 382
32963 387
32951 382
32932 372
32910 355
32888 336
32873 309
32868 284
32873 265
32883 248
32902 236
32932 228
32968 231
33010 238
33049 248
33083 258
33112 272
33134 289
33144 306
33149 323
33144 341
33134 355
.PEN_UP
.PEN_DOWN
33210 197
33215 197
33222 200
33225 204
33227 209
33242 222
33251 226
33261 234
33276 243
33293 263
33310 287
33330 319
33351 351
33373 382
33393 417
33415 451
33429 482
33442 512
33449 534
33447 546
33444 551
33439 548
33432 541
33427 529
33420 514
33412 497
33405 475
33390 446
33376 412
33364 368
33356 326
33351 290
33351 258
33356 234
33361 217
33371 202
33386 197
33403 200
33420 207
33437 217
33451 231
33459 251
33466 270
33468 287
33468 304
33466 319
33464 334
33459 346
33454 356
33447 363
33439 363
33439 361
33442 356
33447 353
33456 348
33466 346
33483 346
33507 341
33537 334
33566 326
33595 319
33620 319
33642 321
33661 326
33676 331
33683 341
33678 351
33673 361
33666 365
33656 368
33642 365
33627 361
33612 353
33595 343
33583 334
33573 321
33566 307
33564 290
33566 275
33571 261
33581 251
33593 241
33615 234
33639 226
33666 226
33695 231
33722 239
33751 251
33776 265
33798 280
33815 295
33824 309
33832 321
33832 336
33829 343
33822 348
33812 346
33795 341
33778 336
33761 326
33746 314
33734 297
33727 280
33722 261
33717 241
33720 226
33722 214
33732 204
33742 202
33761 204
33785 212
33815 219
33846 231
33878 248
33907 265
33937 285
33961 302
33981 312
33990 309
33988 304
33983 295
33976 282
33963 265
33949 243
33934 222
33922 200
33912 187
33917 187
33924 192
33934 200
33949 212
33968 226
33993 243
34020 265
34049 285
34073 304
34088 314
34090 309
34085 302
34080 290
34073 273
34063 253
34059 231
34059 217
34068 207
34083 200
34107 197
34137 200
34171 207
34202 219
34227 231
34246 251
34263 270
34273 292
34280 317
.PEN_UP
.PEN_DOWN
34368 212
34368 207
34376 202
34380 202
34388 204
34422 229
34434 239
34454 253
34475 275
34505 304
34532 339
34558 375
34585 409
34607 443
34627 473
34634 492
34632 497
34627 490
34617 480
34605 463
34590 431
34566 390
34541 343
34514 295
34488 243
34461 195
34434 146
34410 102
34388 68
34371 44
34363 29
34368 31
34376 44
34388 61
34405 95
34432 136
34466 185
34502 236
34541 285
34575 324
34607 356
34632 378
34649 385
34658 380
34663 373
34661 363
34656 348
34646 321
34634 295
34619 268
34600 248
34578 239
34556 234
34534 229
34514 224
34497 224
34483 229
34478 236
34478 246
34483 258
34488 268
34495 270
34507 270
34519 268
34536 265
34556 265
34580 268
34607 268
34639 275
34671 287
34702 302
34729 317
34749 329
34766 334
34778 336
34783 341
34778 343
34773 343
34763 339
34751 334
34736 324
34719 309
34702 292
34688 273
34680 256
34685 243
34695 231
34710 224
34727 226
34749 231
34773 239
34795 251
34814 263
34831 280
34841 295
34846 309
34846 321
34841 331
34834 339
34822 343
34805 346
34790 343
34783 343
34788 341
34797 336
34807 334
34822 329
34841 326
34866 326
34890 326
34912 329
34931 336
34948 348
34963 363
34978 373
34987 375
34997 370
35005 361
35014 348
35019 331
35022 309
35019 285
35014 261
35005 236
34992 219
34975 209
34961 204
34948 204
34934 204
34919 209
34905 219
34892 226
34880 236
34875 239
34880 234
34888 231
34900 226
34919 222
34944 219
34970 217
35000 217
35027 219
35053 224
35078 234
35100 253
35119 280
35139 307
35156 341
35175 378
35195 421
35214 468
35236 514
35258 553
35275 580
35278 590
35273 585
35265 577
35258 565
35246 551
35231 524
35212 492
35192 453
35170 414
35151 373
35134 336
35122 302
35117 273
35117 251
35117 231
35122 219
35131 209
35144 204
35165 209
35187 214
35212 226
35241 246
35270 275
35300 309
35329 353
35358 400
35385 446
35412 487
35434 519
35448 538
35451 546
35443 541
35434 526
35419 507
35395 473
35368 431
35341 382
35309 329
35283 273
35256 217
35229 163
35204 117
35183 75
35161 39
35146 12
35136 0
35134 5
35136 14
35144 31
35156 61
35178 95
35204 141
35241 190
35280 243
35319 292
35351 329
35382 356
35407 368
35429 370
35446 365
35458 358
35461 346
35456 331
35448 312
35431 295
35409 278
35382 263
35353 253
35329 246
35309 241
35292 241
35283 243
35283 246
35285 246
35292 241
35302 236
35317 229
35339 224
35368 219
35404 219
35443 226
35480 239
35514 258
35541 285
35565 309
35587 329
35607 343
35619 356
35629 361
35634 356
35634 351
35629 346
35619 341
35609 334
35595 329
35580 324
35563 319
35546 309
35526 300
35509 285
35497 268
35490 253
35495 239
35502 226
35517 222
35539 219
35565 222
35595 229
35621 239
35643 251
35660 265
35670 285
35670 309
35665 331
35658 351
35646 361
35626 356
35607 351
35590 346
35578 336
35582 326
35590 317
35604 312
35624 309
35651 309
35685 312
35717 314
35751 321
35777 334
35804 343
35824 348
35834 346
35831 336
35821 321
35804 300
35785 273
35763 251
35741 231
35729 217
35731 209
35738 214
35748 219
35765 229
35787 243
35819 261
35853 282
35882 307
35909 326
35929 336
35938 334
35941 329
35936 321
35929 309
35921 295
35914 275
35909 256
35912 236
35916 222
35926 212
35943 204
35963 202
35987 204
36012 212
36038 222
36060 234
36085 256
36109 282
36131 309
36155 336
36168 361
36168 373
36163 375
36148 370
36126 363
36097 348
36068 329
36046 307
36026 282
36019 261
36019 239
36021 219
36029 207
36041 200
36060 197
36082 200
36109 207
36138 217
36168 231
36197 248
36229 265
36258 282
36282 297
36307 307
36324 309
36336 307
36343 302
36350 300
36348 295
36343 295
36333 297
36324 302
36307 304
36290 307
36272 304
36253 300
36233 292
36211 278
36192 261
36175 241
36168 222
36165 202
36170 187
36180 178
36197 175
36216 180
36243 190
36270 202
36297 219
36324 246
36350 280
36382 319
36414 363
36443 407
36470 446
36489 482
36502 509
36502 524
36497 526
36489 519
36480 512
36467 502
36450 485
36428 460
36407 431
36385 395
36365 356
36350 321
36341 290
36333 263
36333 239
36336 219
36341 207
36350 202
36365 202
36382 207
36399 214
36416 222
36433 229
36448 234
36460 236
36472 241
36480 246
36480 256
36477 268
36472 275
.PEN_UP
.PEN_DOWN
35053 441
35058 441
35068 441
35078 441
35083 441
35153 456
35185 460
35224 463
35270 463
35317 463
35361 463
35395 463
35419 458
.PEN_UP
.PEN_DOWN
36543 226
36548 226
36553 226
36560 229
36560 234
36541 212
36541 209
36546 214
36555 226
.PEN_UP
