

.STYLE CURSIVE
.COMMENT previously: .WRITER_ID jwsr.130
.WRITER_ID jws
.HAND R
.SEX F

.PEN_DOWN
59 750
59 745
64 745
61 738
61 728
42 706
34 699
25 691
12 691
5 694
0 701
3 711
10 723
20 738
32 750
47 762
59 767
71 767
76 762
78 755
78 747
78 735
78 723
78 708
76 691
76 669
73 647
71 623
66 594
61 569
59 547
54 525
51 506
51 489
51 477
54 477
54 482
59 489
69 504
78 518
90 535
103 557
117 579
132 601
147 616
156 616
156 608
151 599
147 586
144 569
142 550
139 530
137 511
137 491
139 479
147 474
156 479
168 484
183 494
195 506
207 523
220 545
232 567
242 591
251 623
266 655
281 686
293 718
303 740
312 762
320 777
325 784
.PEN_UP
.PEN_DOWN
290 450
295 450
300 450
303 455
310 460
337 491
342 501
349 516
359 530
373 550
385 567
393 582
393 586
393 584
390 577
388 564
383 550
381 530
378 508
378 489
376 469
376 450
378 435
385 426
395 423
410 428
429 438
449 457
471 477
488 501
505 530
522 557
534 589
549 621
556 652
561 679
568 706
576 728
583 747
593 757
598 757
593 747
585 733
576 713
566 684
556 647
546 608
537 572
529 540
527 513
527 494
527 474
534 465
542 460
554 460
568 460
585 467
605 479
627 494
646 513
663 535
676 564
688 596
702 630
715 667
727 699
737 730
744 757
751 779
754 791
751 786
749 779
744 762
737 733
727 699
717 660
705 623
695 589
685 557
678 528
673 504
668 482
663 462
668 457
673 462
678 467
688 479
700 494
715 513
729 535
741 550
754 555
759 550
759 540
759 528
759 513
759 494
759 479
766 465
773 457
790 450
810 450
.PEN_UP
.PEN_DOWN
485 652
490 652
495 652
495 657
507 662
537 667
551 669
566 672
585 674
602 679
617 679
.PEN_UP
.PEN_DOWN
412 738
420 738
415 740
412 735
412 730
400 713
.PEN_UP
.PEN_DOWN
932 465
932 460
932 455
934 460
937 465
954 474
958 479
968 489
978 499
990 511
1000 523
1012 538
1024 552
1034 567
1039 582
1044 594
1046 596
1054 596
1063 596
1073 591
1083 584
1090 574
1093 560
1093 543
1090 525
1085 506
1080 489
1073 474
1066 462
1056 452
1044 445
1032 443
1019 443
1007 447
997 452
988 460
978 465
976 469
978 472
983 474
993 474
1007 474
1022 474
1039 477
1056 479
1073 486
1093 499
1110 511
1129 525
1149 540
1163 557
1178 577
1188 596
1195 618
1200 643
1207 667
1217 691
1222 713
1227 733
1229 750
1229 755
1227 750
1222 740
1217 728
1210 711
1202 686
1195 660
1193 628
1188 596
1183 567
1180 538
1178 513
1178 494
1178 479
1180 477
1183 482
1190 489
1200 499
1214 513
1232 530
1249 547
1263 564
1278 577
1292 586
1305 591
1307 589
1305 586
1297 579
1288 572
1275 562
1263 547
1251 533
1241 513
1236 491
1234 472
1236 452
1241 443
1251 438
1263 438
1278 440
1292 447
1307 460
1322 474
1334 494
1341 511
1349 530
1351 550
1351 567
1351 579
1346 586
1339 594
1327 596
1312 596
1297 596
1283 594
1278 586
1280 582
1285 574
1292 569
1305 567
1324 567
1349 567
1373 567
1397 572
1422 579
1446 584
1466 591
1483 596
1488 599
1485 596
1480 594
1473 589
1463 584
1451 574
1439 567
1424 555
1414 540
1407 525
1402 508
1402 491
1405 477
1412 465
1427 457
1444 455
1470 457
1497 465
1524 474
1549 489
1573 511
1592 538
1609 567
1627 596
1639 625
1648 660
1661 694
1670 728
1680 757
1687 784
1692 799
1690 799
1685 791
1680 784
1670 767
1661 742
1648 708
1639 672
1627 633
1617 594
1609 555
1600 521
1592 489
1588 465
1583 443
1583 426
1580 421
1583 428
1585 435
1590 450
1597 472
1609 501
1622 533
1639 560
1653 586
1668 606
1685 621
1697 630
1709 628
1722 621
1731 611
1739 599
1741 579
1739 560
1734 540
1724 523
1712 516
1695 511
1683 508
1668 511
1658 513
1651 516
1646 513
1648 511
1651 504
1656 496
1663 486
1675 474
1687 467
1702 460
1717 457
1731 457
1746 460
1761 467
1775 477
1790 491
1805 508
1819 523
1829 543
1836 562
1844 582
1851 601
1853 613
1856 616
1858 611
1858 604
1861 594
1865 582
1875 564
1887 545
1900 528
1912 508
1919 494
1919 479
1914 467
1904 460
1892 455
1873 452
1851 450
1829 447
1807 450
1795 450
1800 452
1812 450
1826 447
1853 447
1883 447
1912 445
1943 445
1968 445
1985 447
1992 450
.PEN_UP
.PEN_DOWN
1085 655
1090 657
1097 660
1107 660
1117 662
1149 672
1171 674
1197 677
1229 679
1266 684
1295 684
.PEN_UP
.PEN_DOWN
2080 418
2085 418
2090 418
2095 418
2100 423
2131 445
2141 457
2156 472
2170 494
2190 521
2209 547
2229 577
2243 606
2256 635
2263 667
2273 696
2280 728
2290 755
2299 779
2304 796
2309 803
2312 799
2309 791
2304 779
2297 764
2285 740
2270 713
2256 679
2243 643
2234 608
2224 572
2214 540
2207 508
2202 482
2200 460
2197 445
2197 440
2197 447
2202 455
2209 469
2219 484
2231 506
2246 528
2258 545
2270 557
2280 557
2282 550
2282 540
2278 523
2270 501
2265 479
2260 455
2260 438
2263 430
2273 433
2285 440
2304 447
2321 460
2341 474
2358 496
2375 516
2395 538
2409 552
2421 562
2431 569
2438 567
2441 564
2436 562
2431 557
2421 552
2412 545
2399 538
2387 528
2375 516
2365 501
2358 484
2353 469
2356 455
2360 447
2370 445
2382 450
2397 460
2409 472
2421 486
2429 506
2436 523
2438 540
2438 552
2438 557
2436 552
2434 543
2426 530
2421 511
2417 486
2414 465
2414 447
2417 440
2424 440
2436 445
2451 455
2465 467
2480 482
2495 501
2509 518
2526 538
2541 557
2553 569
2560 577
2560 572
2558 564
2555 552
2553 540
2548 518
2546 496
2543 477
2543 457
2546 445
2551 438
2558 438
2570 440
2582 447
2597 460
2609 474
2619 494
2629 511
2636 528
2641 547
2646 557
2648 562
2653 560
2660 557
2668 555
2677 547
2685 543
2694 538
2707 535
2719 538
2733 538
2746 543
2755 547
2765 557
2765 560
2763 555
2760 545
2755 530
2748 516
2741 496
2736 477
2731 462
2731 447
2733 438
2736 433
2746 433
2755 435
2770 443
2787 455
2802 469
2816 489
2831 511
2843 533
2858 552
2872 569
2885 577
2892 574
2897 567
2897 557
2894 543
2892 525
2887 506
2880 484
2872 465
2865 447
2858 433
2855 430
2858 435
2865 443
2875 452
2887 465
2902 482
2914 501
2929 521
2941 540
2953 557
2963 572
2968 574
2965 569
2963 560
2960 550
2955 535
2950 516
2948 496
2943 477
2946 457
2950 447
2958 445
2970 450
2985 457
3002 467
3019 482
3038 499
3060 516
3082 530
3104 540
3121 550
3133 555
3136 560
3133 564
3126 564
3119 560
3107 555
3092 547
3080 535
3068 518
3055 496
3043 474
3038 455
3041 440
3046 433
3053 430
3063 433
3077 438
3094 450
3111 462
3126 479
3136 499
3143 518
3148 538
3155 555
3158 567
3160 567
3160 560
3160 550
3158 535
3158 513
3155 484
3153 452
3148 421
3141 389
3128 357
3116 330
3102 304
3085 284
3065 267
3048 257
3031 257
3019 262
3016 269
3019 279
3026 291
3041 311
3065 333
3094 362
3126 391
3155 421
3185 455
3214 486
3243 516
3267 545
3287 567
3299 582
3302 591
3299 589
3297 584
3292 579
.PEN_UP
.PEN_DOWN
2765 664
2765 660
.PEN_UP
.PEN_DOWN
3370 413
3367 408
3375 413
3380 418
3384 421
3402 426
3409 430
3416 435
3423 447
3436 460
3448 474
3463 491
3475 508
3489 528
3502 552
3514 574
3526 599
3533 621
3541 640
3545 660
3550 682
3553 699
3553 713
3550 718
3548 716
3543 708
3536 701
3528 689
3521 672
3514 657
3506 638
3502 618
3494 599
3489 574
3487 550
3482 525
3482 499
3482 472
3482 450
3484 430
3487 418
3494 413
3504 416
3511 421
3521 428
3531 438
3541 447
3553 460
3562 472
3570 484
3572 496
3570 508
3565 521
3558 530
3550 538
3541 545
3533 547
3533 545
3536 543
3541 538
3545 533
3555 528
3565 523
3575 521
3587 516
3599 513
3611 511
3623 508
3636 511
3650 511
3662 513
3675 521
3684 530
3689 540
3694 555
3699 567
3697 577
3694 584
3689 589
3682 591
3672 586
3665 582
3655 572
3648 562
3641 550
3633 540
3628 528
3623 513
3619 501
3616 489
3616 477
3621 465
3626 455
3638 450
3653 445
3670 443
3687 445
3704 450
3719 455
3733 465
3745 474
3755 486
3767 499
3779 508
3792 521
3806 530
3816 538
3828 550
3836 560
3838 574
3838 584
3836 594
3831 596
3823 594
3814 591
3801 586
3792 579
3782 569
3772 557
3762 545
3758 528
3753 511
3750 494
3750 479
3750 465
3755 455
3762 447
3770 443
3784 445
3797 447
3811 455
3828 467
3843 482
3860 499
3875 518
3892 535
3911 555
3931 569
3948 577
3960 574
3967 567
3965 555
3960 538
3953 521
3943 501
3933 482
3926 462
3923 445
3923 438
3928 440
3933 447
3943 457
3953 467
3967 484
3977 504
3989 521
3999 525
4001 518
4001 511
3996 501
3994 486
3989 469
3987 452
3989 440
3994 430
4001 426
4014 426
4031 428
4050 433
4070 440
4087 447
.PEN_UP
.PEN_DOWN
4199 411
4199 406
4204 406
4211 406
4216 406
4238 428
4245 438
4257 450
4270 467
4289 494
4311 521
4331 552
4350 584
4365 611
4372 643
4379 667
4384 691
4389 713
4394 730
4394 742
4391 745
4387 740
4379 733
4372 725
4362 711
4352 696
4348 677
4343 655
4338 633
4335 606
4333 577
4333 545
4333 516
4333 489
4335 465
4340 445
4352 430
4365 421
4379 416
4394 421
4406 428
4418 440
4426 455
4430 469
4435 486
4435 501
4433 518
4430 530
4426 543
4416 555
4406 562
4399 564
4391 562
4384 557
4387 555
4389 547
4394 543
4399 540
4409 538
4421 540
4433 543
4448 547
4465 550
4484 552
4504 555
4526 560
4548 562
4562 564
4574 562
4584 562
4587 564
4584 564
4577 562
4567 560
4555 555
4543 547
4530 540
4521 528
4511 516
4504 501
4496 484
4494 469
4499 460
4506 452
4513 457
4526 462
4538 472
4550 484
4562 499
4574 518
4582 538
4589 555
4591 564
4587 562
4579 555
4574 540
4567 523
4565 504
4565 482
4567 462
4572 450
4582 440
4594 440
4611 447
4626 457
4640 469
4657 489
4674 513
4691 538
4706 569
4718 601
4730 630
4743 662
4750 689
4760 711
4765 728
4767 740
4767 738
4762 730
4757 718
4750 699
4740 674
4728 640
4718 604
4708 572
4699 540
4696 513
4694 489
4696 472
4706 460
4716 460
4730 465
4747 472
4765 482
4779 494
4794 513
4806 535
4818 560
4830 594
4845 623
4857 655
4867 682
4877 703
4886 723
4891 740
4891 755
4891 757
4889 752
4884 742
4877 733
4869 716
4860 696
4850 669
4843 640
4833 611
4823 577
4813 545
4804 516
4796 486
4791 465
4791 445
4796 430
4801 423
4811 423
4825 428
4847 435
4869 445
4894 457
4911 472
4925 491
4935 508
4943 525
4940 543
4935 552
4925 555
4913 550
4901 535
4886 521
4877 499
4867 477
4864 460
4869 445
4879 435
4891 433
4908 435
4930 438
4952 450
4974 467
4991 491
5003 516
5008 538
5008 555
5006 564
5006 567
5008 562
5013 560
5021 555
5028 560
5040 560
5055 562
5067 562
5081 562
5091 560
5094 552
5089 547
5084 538
5081 530
5074 521
5064 508
5052 494
5045 479
5040 467
5040 452
5045 443
5052 435
5069 428
5094 428
5123 433
5152 440
5177 452
5199 465
5213 479
5225 494
5230 511
5230 525
5228 540
5218 550
5206 547
5191 543
5174 533
5162 521
5150 504
5140 484
5133 465
5130 447
5133 435
5138 423
5145 418
5155 416
5174 418
5196 421
5218 428
5242 440
5267 457
5294 474
5323 494
5345 511
5367 528
5386 538
5401 540
5403 540
5401 538
5394 533
5384 530
5367 525
5345 521
5328 511
5308 496
5296 479
5286 465
5277 450
5274 438
5279 428
5284 421
5294 416
5308 413
5323 416
5340 421
5355 430
5369 443
5384 460
5396 482
5411 508
5420 543
5430 579
5440 616
5452 655
5459 686
5462 716
5467 738
5464 742
5462 738
5459 723
5450 699
5437 669
5425 630
5413 596
5403 564
5396 530
5396 504
5398 479
5403 457
5413 445
5425 438
5442 440
5462 445
5484 455
5508 467
.PEN_UP
.PEN_DOWN
4630 638
4630 633
4635 633
4643 633
4657 633
4706 645
4730 652
4762 655
4806 660
4857 662
4908 662
4957 660
5003 657
5040 655
5069 652
.PEN_UP
.PEN_DOWN
5559 416
5567 416
5569 423
5572 428
5579 428
5598 440
5603 445
5613 452
5623 465
5635 477
5650 496
5659 518
5669 543
5684 572
5698 604
5713 635
5730 669
5745 699
5754 725
5762 747
5759 764
5754 769
5747 764
5742 757
5732 747
5728 733
5718 713
5706 691
5698 667
5686 640
5674 611
5664 582
5654 550
5642 518
5635 489
5630 465
5628 443
5633 428
5642 421
5654 421
5669 426
5689 435
5708 447
5730 465
5750 482
5767 499
5784 513
5801 521
5815 525
5823 525
5820 525
5818 525
5811 525
5803 525
5793 521
5784 516
5769 504
5757 494
5740 479
5728 465
5720 450
5713 435
5713 423
5718 416
5725 413
5732 416
5747 421
5762 430
5774 443
5791 457
5803 477
5813 494
5818 511
5815 523
5813 523
5806 521
5798 511
5791 499
5786 479
5781 460
5781 443
5784 428
5791 418
5801 416
5813 418
5828 423
5842 430
5857 440
5871 457
5889 479
5903 501
5920 528
5935 562
5949 594
5962 628
5971 660
5979 686
5986 708
5986 721
5989 725
5986 721
5984 711
5979 701
5974 682
5964 660
5957 633
5945 601
5935 572
5925 543
5915 513
5908 486
5903 462
5901 440
5903 421
5908 411
5920 408
5937 411
5954 413
5974 418
5991 423
6008 435
6023 447
6035 460
6042 474
6047 489
6049 504
6047 516
6042 525
6032 528
6020 523
6008 513
5993 501
5981 486
5971 467
5967 447
5967 430
5969 416
5976 406
5989 401
6006 401
6030 406
6052 413
6076 421
6096 435
6115 450
6132 467
6147 484
6159 504
6171 523
6186 547
6196 572
6210 599
6220 625
6225 647
6232 667
6232 684
6232 699
6232 708
6230 716
6225 716
6220 713
6215 708
6208 699
6198 686
6186 669
6176 645
6164 618
6157 589
6147 560
6140 530
6135 506
6132 484
6130 462
6127 445
6127 430
6130 421
6135 416
6145 421
6159 430
6176 440
6198 455
6218 474
6237 491
6254 511
6264 525
6266 530
6264 525
6259 516
6254 504
6247 489
6242 472
6240 457
6242 447
6249 443
6259 445
6271 450
6286 457
6303 465
6318 477
6332 486
6347 499
6362 511
6364 513
6364 508
6364 499
6362 486
6357 465
6352 438
6342 406
6335 374
6327 348
6313 323
6296 299
6279 279
6257 260
6237 245
6223 235
6208 228
6196 228
6188 233
6186 240
6188 250
6196 269
6208 294
6225 321
6249 350
6284 379
6318 413
6354 445
6391 479
6427 508
6457 530
6479 547
6483 555
6479 555
6471 552
6459 552
.PEN_UP
.PEN_DOWN
5850 606
5854 606
5859 606
5867 606
5874 606
5901 613
5915 618
5935 623
5964 628
5998 633
6032 633
6069 635
6098 635
6125 635
.PEN_UP
.PEN_DOWN
6633 394
6641 397
6643 404
6648 411
6653 414
6670 431
6675 438
6682 445
6692 458
6704 470
6719 487
6736 506
6750 531
6760 558
6770 584
6780 611
6789 633
6797 653
6804 670
6806 684
6809 697
6806 699
6804 697
6799 689
6794 682
6787 672
6780 658
6772 641
6770 623
6765 602
6760 575
6755 545
6750 511
6743 482
6743 455
6745 433
6745 414
6750 402
6758 397
6767 399
6782 402
6794 406
6804 411
6814 424
6819 438
6823 453
6826 467
6826 480
6826 489
6821 502
6816 511
6809 521
6799 526
6792 528
6787 526
6789 524
6789 521
6794 516
6802 511
6816 504
6833 502
6853 499
6872 499
6892 499
6911 499
6931 504
6943 509
6953 516
6960 528
6960 538
6958 548
6953 555
6943 558
6931 558
6919 555
6909 550
6899 541
6894 528
6887 514
6884 494
6882 470
6882 445
6884 424
6892 406
6899 397
6911 397
6926 404
6943 416
6965 433
6987 450
7009 470
7026 489
7043 504
7058 516
7070 524
7084 528
7097 531
7109 531
7118 531
7123 531
7118 531
7114 531
7106 531
7097 531
7084 528
7072 521
7060 509
7048 494
7038 480
7033 463
7031 443
7031 426
7031 411
7036 402
7045 394
7055 389
7067 392
7082 397
7094 404
7106 416
7123 433
7143 448
7162 463
7182 475
7201 482
7223 487
7243 494
7253 499
7250 504
7248 506
7240 506
7233 506
7226 504
7216 494
7206 485
7197 470
7184 455
7172 438
7165 424
7160 409
7165 399
7172 392
7182 392
7194 397
7206 404
7216 414
7226 426
7233 438
7243 453
7250 465
7253 480
7257 489
7257 494
7255 489
7250 482
7245 472
7238 460
7236 445
7233 431
7231 416
7233 404
7238 397
7245 394
7255 394
7267 397
7282 404
7296 414
7309 426
7321 441
7333 458
7343 472
7353 487
7357 502
7360 506
7357 502
7353 497
7348 485
7343 472
7335 458
7331 441
7328 428
7326 416
7326 404
7331 397
7335 389
7345 387
7355 387
7367 389
7379 397
7394 404
7409 416
7421 431
7433 445
7445 463
7453 480
7460 497
7465 514
7465 528
7467 538
7467 541
7467 536
7465 533
7465 526
7460 519
7457 509
7455 499
7453 489
7453 477
7450 465
7448 453
7445 441
7445 431
7450 421
7455 411
7462 406
7470 402
7482 402
7494 402
7509 409
7523 419
7538 431
7552 448
7565 465
7577 482
7587 499
7594 519
7599 536
7601 550
7596 555
7596 553
7594 548
7594 543
7596 533
7599 524
7609 509
7621 494
7633 480
7643 465
7650 448
7648 431
7643 414
7633 402
7618 389
7601 385
7579 380
7560 382
7543 385
7533 392
7531 397
7535 402
7543 402
7552 402
7567 399
7584 399
7604 399
7626 397
7650 397
7677 399
7701 404
7726 411
7750 424
7770 438
7787 453
7796 470
7801 487
7799 504
7794 516
7782 521
7770 516
7752 511
7735 499
7723 480
7713 460
7706 438
7706 416
7711 399
7718 385
7733 377
7755 372
7787 372
7821 375
7857 382
.PEN_UP
.PEN_DOWN
7984 494
7984 499
7979 502
7972 502
7967 502
7947 494
7940 485
7933 470
7926 453
7918 433
7921 414
7926 399
7935 392
7952 389
7974 392
7996 397
8018 404
8030 414
8038 426
8043 441
8043 455
8043 467
8040 477
8033 489
8026 499
8013 506
8001 511
7989 509
7982 504
7982 499
7989 492
7999 487
8018 489
8040 494
8069 504
8099 516
8123 533
8145 553
8162 575
8177 594
8184 616
8189 636
8189 653
8186 665
8184 670
8177 665
8169 658
8162 645
8150 626
8140 602
8130 572
8118 538
8111 502
8101 465
8091 428
8082 392
8074 360
8065 328
8055 302
8047 282
8038 265
8030 258
8023 258
8021 263
8023 272
8028 292
8033 314
8040 343
8052 372
8065 394
8074 406
8082 406
8086 404
8091 402
8099 404
8111 411
8125 416
8143 426
8162 438
.PEN_UP
.PEN_DOWN
8225 350
8230 355
8235 360
8243 365
8250 372
8279 397
8291 411
8306 436
8325 460
8345 492
8364 524
8381 558
8396 592
8408 621
8411 641
8408 645
8403 638
8399 631
8391 614
8384 594
8374 567
8362 533
8352 502
8342 470
8338 441
8340 416
8342 399
8350 387
8360 385
8377 392
8396 402
8416 414
8438 431
8460 455
8479 482
8496 514
8511 545
8523 575
8533 606
8542 636
8550 662
8555 682
8552 697
8550 701
8545 697
8542 689
8538 677
8533 660
8525 631
8516 602
8503 565
8489 528
8474 492
8460 458
8447 424
8435 394
8428 370
8425 350
8430 346
8435 350
8442 358
8450 367
8462 385
8474 404
8486 424
8501 443
8511 458
8520 463
8525 458
8525 448
8525 436
8525 421
8528 404
8535 392
8550 387
8569 382
8594 385
8620 387
8642 397
8662 409
8677 426
8679 441
8677 455
8669 470
8662 477
8650 472
8635 465
8620 455
8611 443
8603 426
8601 409
8603 394
8611 382
8623 372
8645 370
8672 370
8701 375
8730 380
.PEN_UP
.PEN_DOWN
8267 563
8274 563
8289 563
8299 563
8308 563
8374 577
8401 580
8428 584
8457 587
.PEN_UP
.PEN_DOWN
8898 521
8894 519
8891 524
8884 526
8874 526
8857 526
8852 521
8850 514
8845 504
8837 492
8825 475
8813 460
8803 441
8798 421
8798 404
8801 387
8808 375
8818 367
8835 372
8859 377
8884 389
8908 402
8930 419
8952 436
8972 450
8989 465
9001 475
9001 480
8996 480
8991 475
8984 470
8976 463
8969 453
8964 441
8957 426
8947 411
8937 394
8933 377
8933 363
8937 353
8945 350
8957 353
8972 358
8993 365
9015 377
9033 392
9042 409
9045 424
9045 438
9042 450
9037 460
9030 470
9020 477
9008 480
8996 480
8984 480
8972 475
8969 470
8974 465
8981 465
8996 470
9018 472
9042 480
9067 489
9086 499
9101 516
9115 531
9128 545
9142 563
9159 580
9171 597
9184 616
9196 638
9203 660
9210 684
9215 709
9215 723
9215 719
9210 711
9201 694
9189 672
9174 638
9159 599
9145 563
9135 521
9130 489
9125 458
9125 431
9128 411
9132 394
9140 392
9150 397
9159 404
9174 414
9189 428
9203 445
9223 463
9240 485
9259 511
9279 543
9293 577
9301 611
9308 643
9310 672
9315 697
9320 714
9323 726
9323 721
9320 711
9313 694
9301 672
9286 643
9269 602
9254 563
9237 524
9228 485
9223 458
9220 431
9220 414
9225 406
9232 411
9245 419
9262 428
9281 441
9303 455
9328 470
9354 485
9379 499
9398 511
9410 521
9410 524
9408 521
9403 519
9396 516
9384 511
9371 502
9357 492
9342 477
9328 460
9313 441
9301 424
9293 406
9296 392
9303 382
9313 382
9323 385
9337 392
9352 399
9364 414
9376 431
9386 450
9396 470
9403 487
9406 502
9403 504
9398 499
9393 492
9386 480
9379 465
9374 443
9374 424
9376 406
9381 394
9388 389
9398 392
9413 397
9427 404
9447 414
9464 428
9481 448
9496 472
9508 499
9518 528
9525 560
9532 592
9540 616
9542 641
9547 658
9552 665
9554 662
9554 653
9552 643
9545 621
9535 594
9523 560
9508 521
9493 485
9481 445
9469 406
9457 367
9442 333
9430 304
9418 277
9408 258
9410 250
9415 260
9425 275
9440 302
9462 341
9486 389
9510 436
9532 475
9549 502
9564 521
9576 526
9586 524
9591 516
9596 509
9596 497
9591 487
9586 475
9576 465
9564 458
9552 448
9540 438
9527 431
9515 426
9506 421
9503 419
9508 414
9513 414
9520 411
9530 411
9540 414
9552 414
9564 416
9579 421
9591 428
9605 438
9618 448
9632 458
9649 470
9666 482
9681 497
9693 511
9703 526
9705 538
9703 548
9701 555
9693 555
9688 550
9688 545
9691 541
9693 536
9701 526
9705 516
9710 506
9713 494
9713 482
9713 467
9713 450
9713 433
9710 414
9708 397
9703 382
9693 372
9684 365
9669 367
9652 367
9635 372
9620 380
9613 389
9610 394
9615 397
9620 397
9630 394
9644 394
9664 394
9691 394
9723 392
9762 392
9796 394
9825 397
9849 406
9866 419
9879 436
9888 455
9893 475
9893 497
9893 521
9891 536
9883 536
9874 528
9859 519
9844 504
9830 487
9820 465
9813 445
9813 431
9820 419
9830 409
9852 402
9879 399
9913 397
9947 397
9976 402
.PEN_UP
.PEN_DOWN
10157 475
10159 482
10164 482
10166 487
10166 492
10154 504
10147 502
10135 497
10120 487
10103 472
10088 455
10076 438
10069 419
10066 404
10069 389
10078 380
10093 377
10113 382
10137 392
10161 404
10183 419
10198 436
10210 450
10217 467
10215 485
10213 502
10210 511
10203 521
10193 524
10178 521
10166 519
10157 514
10159 506
10164 504
10174 506
10193 509
10217 519
10244 528
10274 543
10296 563
10315 582
10332 609
10344 633
10352 660
10359 682
10356 697
10349 697
10342 689
10332 677
10317 660
10305 631
10291 594
10278 555
10266 509
10249 455
10235 404
10215 350
10196 302
10178 265
10164 233
10157 211
10157 207
10159 211
.PEN_UP
.PEN_DOWN
10359 392
10364 392
10369 392
10376 394
10376 399
10391 426
10400 438
10413 450
10430 465
10447 489
10469 519
10491 550
10510 580
10530 606
10542 631
10547 650
10549 662
10547 662
10542 658
10537 648
10530 633
10520 609
10508 582
10491 545
10476 509
10461 475
10449 441
10442 414
10442 394
10449 385
10459 385
10471 392
10488 402
10505 416
10522 433
10547 453
10569 475
10588 492
10608 509
10620 519
10630 519
10634 516
10630 514
10625 509
10615 504
10603 497
10588 489
10573 480
10561 470
10552 458
10542 443
10534 428
10527 409
10525 394
10527 382
10532 380
10544 387
10556 394
10576 404
10593 421
10608 438
10620 458
10627 475
10630 492
10630 506
10627 516
10622 516
10617 509
10610 502
10603 487
10600 467
10595 445
10593 424
10591 402
10593 385
10600 375
10610 372
10625 377
10642 382
10659 392
10676 404
10693 419
10705 438
10715 460
10722 487
10727 516
10739 550
10754 580
10769 609
10781 633
10793 655
10800 675
10808 689
10812 704
10815 716
10815 726
10815 731
10812 733
10808 731
10798 728
10788 721
10783 709
10778 694
10771 672
10761 643
10747 611
10730 572
10712 536
10698 497
10688 463
10676 431
10669 406
10664 389
10661 382
10664 387
10671 399
10681 419
10695 443
10712 472
10730 502
10747 528
10764 553
10781 570
10793 577
10800 572
10805 565
10808 558
10808 545
10805 528
10800 511
10795 494
10786 480
10773 472
10761 470
10751 475
10747 480
10744 480
10744 477
10744 470
10744 465
10744 455
10751 445
10759 436
10773 426
10788 419
10803 416
10820 414
10834 414
10849 416
10864 424
10878 436
10893 450
10910 470
10922 487
10929 502
10934 516
10937 531
10934 543
10929 548
10922 545
10910 541
10898 531
10886 521
10876 506
10866 487
10859 470
10856 448
10851 428
10854 411
10861 402
10871 399
10883 402
10900 406
10920 416
10942 431
10961 448
10981 465
11000 482
11012 497
11025 509
11037 519
11044 524
11046 521
11044 516
11037 511
11029 506
11020 499
11007 492
10998 482
10986 467
10973 453
10961 436
10951 419
10949 404
10951 394
10959 389
10971 392
10988 397
11007 406
11025 419
11037 436
11046 453
11051 467
11054 485
11056 502
11054 514
11049 521
11039 519
11029 514
11017 504
11010 497
11015 489
11022 482
11034 482
11051 487
11073 489
11093 497
11112 504
11127 514
11144 524
11159 528
11168 526
11168 519
11164 506
11156 492
11146 472
11137 450
11129 431
11122 414
11122 399
11127 389
11134 385
11142 382
11154 385
11166 389
11176 399
11188 411
11198 428
11210 450
11222 472
11234 494
11239 511
11237 521
11234 521
11234 516
11234 509
11237 499
11239 492
11246 482
11256 475
11273 472
11293 467
11312 465
11337 463
11359 465
11376 467
11390 475
11398 482
11400 492
11402 504
11400 514
11395 521
11383 519
11366 511
11349 502
11329 489
11315 472
11305 453
11300 433
11302 419
11310 406
11320 399
11334 394
11351 394
11368 394
11388 397
11402 404
11420 414
11437 428
11451 445
11461 465
11468 487
11468 502
11466 511
11471 511
11473 506
11480 504
11488 504
11500 502
11515 502
11529 502
11541 502
11544 497
11539 492
11527 482
11512 470
11495 458
11480 443
11471 428
11468 419
11473 409
11478 404
11485 399
11498 394
11519 389
11544 385
11573 380
11602 377
.PEN_UP
.PEN_DOWN
10420 582
10425 582
10432 582
10442 582
10447 582
10471 582
10486 584
10510 587
10542 589
10581 592
10620 594
.PEN_UP
.PEN_DOWN
11758 485
11763 487
11771 489
11778 489
11778 497
11783 511
11778 514
11773 514
11763 514
11749 514
11736 506
11722 497
11710 482
11700 465
11688 445
11680 424
11676 402
11678 385
11688 377
11700 377
11717 382
11739 392
11758 402
11773 416
11785 431
11790 445
11790 463
11788 477
11783 492
11776 494
11766 494
11754 489
11746 485
11751 480
11758 475
11768 480
11788 485
11810 494
11834 506
11858 521
11880 536
11900 553
11919 570
11936 592
11953 611
11966 631
11971 650
11973 670
11973 682
11968 687
11961 682
11953 675
11946 665
11936 648
11927 626
11912 599
11900 563
11880 524
11861 480
11841 433
11819 392
11802 353
11785 316
11776 287
11766 260
11761 243
11758 236
11761 241
11763 250
11766 260
11771 272
11778 294
11785 319
11795 343
11797 365
11797 377
11800 385
11805 389
11815 394
11824 399
11839 409
11854 419
11875 431
11897 445
11919 463
11944 485
11966 511
11990 541
12012 572
12029 602
12044 633
12053 660
12063 684
12068 701
12073 709
12071 704
12066 697
12058 682
12044 658
12024 626
12002 587
11980 543
11956 494
11934 445
11912 397
11890 348
11868 302
11849 263
11834 231
11824 202
11824 185
11827 182
11839 192
11854 209
11871 229
11890 255
11902 285
11912 311
11914 333
11912 355
11907 367
11907 372
11907 375
11905 377
11905 380
11905 385
11905 385
11910 385
11914 387
11924 389
11936 392
11951 399
11971 406
11993 414
12017 428
12046 443
12073 460
12097 475
12114 489
12119 502
12122 516
12119 531
12119 543
12114 553
12107 550
12095 545
12083 541
12071 531
12056 519
12044 499
12029 477
12019 455
12022 438
12027 426
12034 419
12044 414
12058 409
12078 409
12102 411
12124 416
12149 426
12168 438
12188 458
12205 477
12219 497
12227 519
12227 533
12222 543
12219 541
12222 538
12229 536
12236 533
12249 533
12261 533
12275 533
12285 531
12290 526
12288 516
12278 506
12270 497
12263 482
12251 467
12246 450
12244 436
12244 424
12251 416
12258 411
12270 406
12288 406
12307 409
12327 414
12348 421
12368 431
12380 445
12392 460
12397 477
12397 492
12397 502
12400 506
12405 504
12412 502
12419 499
12431 492
12441 480
12446 465
12451 448
12451 428
12446 409
12436 392
12427 380
12412 367
12397 363
12383 360
12363 363
12346 370
12331 375
12324 382
12327 389
12334 392
12346 392
12361 392
12378 392
12400 389
12424 392
12446 394
12470 399
12490 406
.PEN_UP
.PEN_DOWN
12597 414
12595 409
12590 406
12585 404
12583 399
12600 394
12602 399
12607 409
12617 419
12629 433
12644 450
12663 467
12680 487
12700 514
12717 541
12736 570
12748 599
12756 628
12763 655
12768 677
12770 694
12770 699
12765 694
12758 687
12743 670
12726 648
12707 619
12687 580
12668 536
12651 492
12631 443
12619 399
12609 363
12600 331
12595 304
12590 285
12585 268
12583 260
12585 265
12590 272
12597 285
12607 299
12617 321
12622 348
12626 372
12631 394
12631 414
12631 424
12629 426
12629 426
12629 426
12629 426
12629 426
12629 426
12631 426
12639 424
12646 426
12658 431
12675 436
12690 445
12709 455
12734 463
12758 475
12780 487
12797 497
12809 506
12814 514
12812 521
12807 521
12802 519
12795 509
12785 497
12773 482
12761 465
12748 448
12739 433
12741 419
12746 411
12756 406
12768 406
12785 409
12807 414
12826 424
12848 436
12863 453
12875 467
12875 482
12873 497
12870 509
12868 516
12858 524
12848 528
12836 528
12822 526
12812 524
12817 519
12826 514
12839 516
12853 519
12873 524
12890 531
12909 538
12929 545
12948 550
12963 550
12973 553
12978 550
12975 543
12973 536
12968 521
12963 506
12960 492
12958 475
12956 460
12956 445
12960 433
12968 426
12978 421
12990 419
.PEN_UP
.PEN_DOWN
13115 568
13110 563
13110 558
13112 548
13112 539
13107 512
13102 502
13097 485
13095 465
13093 439
13095 409
13100 385
13107 365
13119 353
13134 346
13149 346
13166 348
13180 361
13195 378
13207 400
13222 429
13232 453
13241 478
13249 500
13254 522
13258 541
13261 553
.PEN_UP
.PEN_DOWN
13258 361
13261 365
13271 370
13280 380
13290 390
13314 422
13327 439
13339 456
13351 480
13366 504
13383 534
13397 561
13412 587
13427 609
13436 621
13439 624
13434 619
13434 614
13434 607
13434 597
13432 582
13432 565
13427 541
13422 509
13414 475
13410 441
13402 412
13397 385
13395 363
13397 344
13400 339
13402 339
13405 344
13402 351
.PEN_UP
.PEN_DOWN
13319 458
13324 458
13329 458
13334 458
13341 461
13366 465
13373 470
13385 475
.PEN_UP
.PEN_DOWN
13561 585
13556 585
13556 580
13556 575
13553 570
13551 543
13546 529
13539 507
13529 483
13517 453
13510 429
13502 407
13497 387
13497 370
13502 361
13510 356
13519 358
13531 358
13546 358
13563 361
13583 361
13607 363
13631 363
13656 363
13678 363
13690 361
13695 358
.PEN_UP
.PEN_DOWN
13797 373
13805 373
13807 365
13807 361
13805 351
13797 319
13795 312
13790 305
13783 295
13775 285
.PEN_UP
.PEN_DOWN
13900 361
13905 361
13912 361
13922 361
13926 361
13948 385
13961 397
13973 409
13987 424
14004 444
14024 468
14041 492
14056 519
14068 541
14078 563
14083 585
14087 607
14092 619
14090 621
14090 614
14085 604
14078 590
14070 565
14061 536
14048 502
14041 473
14034 446
14031 424
14029 407
14031 392
14034 385
14041 383
14051 385
14065 392
14085 405
14104 419
14124 439
14143 458
14161 483
14178 507
14190 534
14200 563
14212 587
14222 614
14231 639
14239 653
14239 656
14236 648
14231 636
14226 619
14219 595
14207 563
14195 529
14180 495
14165 461
14153 431
14141 407
14134 385
14131 370
14136 365
14141 368
14151 380
14163 397
14180 419
14195 444
14212 465
14229 480
14241 480
14241 473
14236 458
14234 441
14226 422
14222 397
14224 380
14231 368
14241 361
14258 358
14278 358
14302 363
14324 375
14343 387
14360 405
14373 422
14380 439
14380 453
14378 468
14370 475
14358 478
14346 473
14331 465
14319 456
14307 444
14297 426
14297 409
14302 397
14307 390
14321 385
14343 383
14368 383
14399 387
14431 395
14458 405
.PEN_UP
.PEN_DOWN
13975 524
13970 524
13975 524
13983 524
13992 529
14041 541
14065 543
14092 546
14122 548
.PEN_UP
.PEN_DOWN
14531 348
14526 348
14534 348
14543 353
14551 358
14577 387
14587 400
14602 414
14614 436
14631 461
14648 487
14663 514
14677 541
14687 563
14695 587
14699 607
14702 621
14699 626
14699 624
14697 617
14695 602
14687 582
14677 551
14665 519
14653 480
14641 441
14629 402
14619 361
14609 322
14597 285
14587 256
14580 227
14573 202
14568 183
14563 170
14558 173
14556 180
14558 190
14565 207
14573 234
14582 270
14599 312
14614 353
14631 395
14648 429
14668 458
14687 483
14707 500
14724 509
14738 504
14746 500
14743 487
14741 473
14734 448
14726 426
14716 405
14704 387
14692 380
14680 375
14668 373
14658 373
14646 373
14638 375
14638 378
14643 380
14648 383
14656 383
14668 383
14682 387
14699 395
14716 405
14736 414
14755 426
14775 436
14794 448
14814 458
14833 463
14851 468
14858 470
14855 473
14851 470
14846 468
14838 463
14829 461
14816 456
14802 446
14785 436
14773 422
14763 407
14758 387
14760 373
14763 361
14773 353
14782 356
14797 363
14814 370
14831 385
14846 400
14855 419
14865 439
14870 458
14868 470
14863 473
14853 465
14843 456
14831 439
14824 417
14819 392
14821 373
14824 356
14831 346
14838 339
14851 341
14863 344
14877 351
14892 361
14904 378
14919 397
14929 419
14936 441
14943 461
14943 473
14943 478
14946 478
14951 475
14958 478
14968 478
14980 478
14992 478
15004 478
15014 478
15024 475
15033 473
15038 465
15036 458
15031 448
15024 436
15016 424
15007 409
14999 395
14994 380
14997 368
15004 358
15014 353
15029 356
15048 358
15070 365
15090 378
15111 392
15129 409
15138 429
15146 446
15146 463
15146 478
15138 487
15129 492
15114 487
15094 478
15080 463
15068 444
15060 422
15055 402
15055 383
15058 365
15065 353
15077 351
15094 353
15111 358
15131 368
15148 380
15168 397
15189 417
15211 439
15236 458
15258 478
15277 492
15289 497
15292 492
15289 485
15285 470
15280 453
15272 429
15265 405
15255 383
15246 363
15238 348
15236 341
15238 346
15243 353
15253 363
15265 375
15280 392
15294 409
15309 431
15324 453
15338 473
15350 480
15355 473
15350 463
15343 451
15336 431
15328 409
15324 387
15324 368
15328 356
15338 351
15353 356
15372 363
15394 375
15414 390
15433 409
15448 434
15460 461
15472 490
15487 524
15502 556
15519 587
15533 612
15543 636
15545 646
15541 643
15536 631
15526 612
15514 585
15494 548
15477 509
15460 468
15443 434
15436 405
15438 378
15445 361
15455 346
15475 336
15497 336
15524 339
15550 346
15575 358
15597 375
.PEN_UP
.PEN_DOWN
15360 529
15367 529
15377 529
15399 529
15411 529
15494 536
15521 541
15548 546
.PEN_UP
.PEN_DOWN
15789 453
15794 453
15799 453
15799 458
15792 465
15770 465
15765 461
15758 451
15750 439
15741 422
15728 405
15719 387
15709 370
15704 356
15706 344
15714 336
15726 334
15743 336
15762 341
15784 348
15806 361
15826 375
15843 387
15860 400
15877 412
15892 424
15906 434
15916 441
15919 448
15914 448
15909 446
15901 441
15894 434
15884 422
15875 407
15867 390
15860 370
15858 353
15860 341
15865 331
15875 329
15889 331
15911 339
15933 351
15958 365
15977 383
15989 397
15989 409
15984 424
15979 434
15972 444
15962 448
15953 451
15940 453
15928 453
15914 451
15904 446
15901 441
15906 434
15916 429
15926 429
15940 429
15955 429
15970 434
15982 439
15994 446
16009 453
16021 461
16033 468
16048 473
16060 478
16072 483
16082 483
16087 480
16089 473
16089 465
16087 458
16082 446
16075 434
16070 419
16067 405
16062 392
16060 378
16057 363
16053 348
16048 339
16040 331
16040 334
16043 339
16048 351
16053 365
16060 385
16072 407
16084 429
16099 451
16114 470
16126 485
16140 492
16150 490
16153 485
16150 480
16148 473
16145 461
16143 448
16140 436
16138 422
16136 409
16131 395
16123 383
16118 370
16111 356
16106 344
16101 334
16104 326
16104 331
16106 336
16106 346
16109 356
16118 368
16131 380
16143 392
16157 409
16170 429
16179 448
16187 468
16196 483
16204 490
16209 485
16214 480
16216 473
16216 465
16214 456
16214 441
16209 424
16204 405
16196 387
16189 370
16184 353
16187 344
16192 336
16199 336
16211 344
16228 348
16243 358
16257 370
16270 387
16279 407
16289 431
16301 456
16313 483
16323 512
16335 541
16345 568
16355 590
16362 609
16367 619
16367 614
16362 607
16355 595
16345 578
16333 553
16321 524
16309 492
16301 458
16294 424
16284 387
16272 351
16260 314
16243 283
16228 253
16216 229
16209 205
16204 188
16204 178
16204 178
16204 183
16206 195
16214 217
16223 241
16238 278
16257 317
16279 356
16301 392
16321 422
16338 446
16353 463
16365 468
16372 461
16379 453
16384 441
16387 426
16384 407
16377 390
16367 373
16355 358
16338 348
16323 341
16311 341
16299 344
16294 348
16296 353
16301 356
16306 356
16316 356
16326 358
16335 361
16348 363
16357 368
16372 375
16389 385
16406 397
16426 409
16448 424
16467 436
16489 446
16504 453
16511 458
16506 458
16501 458
16494 458
16484 453
16477 446
16467 436
16457 424
16448 412
16435 402
16423 390
16411 378
16404 365
16404 351
16406 344
16411 339
16421 339
16433 341
16445 346
16457 353
16465 368
16474 385
16484 405
16494 424
16499 439
16501 451
16499 458
16496 456
16494 451
16487 444
16479 429
16472 414
16467 395
16470 378
16474 365
16482 361
16489 361
16501 363
16516 368
16533 378
16550 392
16565 409
16577 429
16589 448
16599 463
16609 473
16621 478
16633 478
16640 475
16640 468
16638 458
16633 446
16628 429
16618 409
16611 392
16604 375
16599 358
16596 344
16596 339
16599 341
16604 346
16611 353
16621 363
16630 375
16640 392
16648 409
16655 431
16667 448
16677 458
16689 463
16699 463
16701 458
16699 451
16694 444
16691 429
16687 414
16684 400
16682 385
16679 370
16682 356
16687 346
16696 341
16711 346
16728 353
16743 361
16757 370
16769 385
16779 400
16789 417
16799 434
16806 444
16808 439
16806 431
16801 422
16796 412
16789 400
16784 385
16782 370
16782 358
16787 348
16794 346
16806 346
16821 351
16838 361
16855 368
16872 380
16886 395
16901 409
16911 426
16918 446
16921 465
16925 480
16930 487
16933 485
16933 478
16933 468
16930 451
16925 431
16918 407
16911 378
16906 353
16899 326
16894 302
16884 278
16872 256
16860 234
16845 214
16826 200
16808 188
16794 178
16784 170
16774 170
16767 175
16762 180
16762 190
16767 202
16779 224
16799 248
16821 278
16850 307
16877 334
16901 363
16923 390
16940 414
16955 431
16967 439
.PEN_UP
.PEN_DOWN
17145 426
17152 426
17160 429
17152 431
17147 439
17128 439
17118 434
17106 429
17094 417
17082 405
17074 392
17067 380
17064 368
17067 356
17077 344
17086 339
17103 341
17123 346
17140 353
17160 365
17174 380
17184 397
17191 414
17189 426
17186 436
17179 444
17172 448
17160 448
17145 448
17133 444
17128 439
17133 434
17142 431
17155 434
17174 441
17196 451
17218 463
17240 480
17260 497
17284 517
17306 536
17318 558
17320 580
17318 600
17318 619
17318 634
17316 646
17311 648
17303 643
17294 634
17286 617
17279 595
17269 563
17255 529
17238 490
17223 446
17211 405
17203 361
17199 319
17191 283
17182 251
17177 224
17172 207
17167 205
17164 209
17167 219
17172 231
17177 251
17182 273
17184 295
17184 314
17186 329
17191 339
17206 344
17225 348
17247 358
17272 370
17294 383
17316 395
17338 407
17355 417
.PEN_UP
.PEN_DOWN
17520 600
17528 600
17528 595
17528 590
17525 582
17503 561
17501 553
17494 548
17486 548
17479 553
17474 561
17477 570
17481 587
17494 604
17508 619
17525 629
17542 636
17555 639
17562 636
17567 631
17567 624
17562 612
17557 597
17552 580
17545 563
17537 548
17528 531
17518 512
17506 495
17494 478
17484 463
17472 446
17464 429
17459 407
17455 385
17457 365
17459 351
17464 341
17474 341
17486 344
17503 351
17520 361
17537 373
17552 390
17564 409
17574 436
17584 463
17596 492
17608 524
17620 553
17635 580
17647 604
17659 626
17664 636
17662 636
17659 634
17657 631
17655 624
17650 619
17645 609
17640 600
17633 590
17628 578
17623 565
17616 548
17606 524
17598 500
17589 473
17579 446
17572 424
17564 402
17557 383
17557 365
17562 356
17567 353
17574 358
17584 365
17591 375
17598 387
17611 405
17623 422
17642 441
17662 461
17679 480
17691 487
17698 483
17698 475
17698 465
17696 451
17691 434
17681 417
17672 400
17664 385
17657 373
17657 361
17657 353
17659 358
17667 365
17676 380
17689 395
17701 414
17715 436
17728 448
17735 451
17733 448
17728 439
17723 429
17720 414
17715 397
17718 383
17720 370
17728 365
17735 368
17747 373
17762 380
17776 387
17791 400
17803 414
17811 429
17818 444
17820 458
17823 468
17825 473
17823 470
17823 465
17818 458
17813 451
17806 441
17803 431
17798 417
17798 405
17796 392
17796 380
17801 373
17813 368
17828 368
17842 375
17857 385
17864 400
17874 417
17881 441
17893 468
17908 497
17918 529
17932 561
17942 590
17952 619
17959 643
17962 658
17962 658
17962 651
17957 641
17950 626
17940 609
17928 585
17915 561
17908 531
17901 502
17893 470
17891 444
17886 419
17886 397
17891 375
17898 358
17908 351
17923 348
17937 353
17954 361
17976 373
17996 390
18011 407
18023 424
18025 444
18020 461
18015 473
18006 475
17993 470
17984 463
17971 451
17959 436
17952 417
17945 397
17940 380
17940 363
17947 356
17957 351
17969 348
17991 348
18011 353
18032 363
18054 373
18071 390
18089 407
18101 424
18115 441
18128 453
18140 461
18152 461
18159 458
18162 453
18157 448
18152 444
18145 439
18135 434
18115 429
18098 422
18079 412
18062 402
18052 390
18047 378
18047 365
18047 353
18054 344
18064 339
18076 341
18093 346
18108 358
18125 373
18137 392
18149 414
18157 436
18162 463
18167 490
18174 519
18184 551
18196 582
18208 607
18215 619
18210 609
18203 595
18193 578
18181 551
18171 517
18164 485
18162 456
18164 431
18164 409
18167 392
18174 380
18186 378
18198 383
18218 387
18237 395
18257 402
18276 412
18284 422
18281 431
.PEN_UP
.PEN_DOWN
17781 546
17791 546
17801 548
17808 551
17813 551
17854 551
17881 551
17911 551
17937 551
17964 551
17986 551
17998 551
.PEN_UP
.PEN_DOWN
17803 656
17808 653
.PEN_UP
.PEN_DOWN
18520 556
18520 563
18523 568
18527 570
18532 570
18508 573
18498 573
18491 570
18484 565
18469 553
18457 539
18440 517
18420 487
18403 456
18388 424
18379 397
18376 375
18379 358
18388 348
18401 348
18415 351
18432 361
18449 373
18464 390
18474 412
18486 436
18498 461
18508 487
18518 514
18530 539
18535 561
18537 573
18537 568
18532 563
18525 551
18520 539
18513 517
18503 492
18496 465
18488 434
18481 409
18479 385
18481 363
18486 348
18493 341
18505 339
18520 341
18532 348
18544 361
18552 370
18562 383
18569 392
18571 405
18569 414
18569 422
18566 424
18566 424
18566 419
18564 414
18559 407
18557 397
18552 385
18547 373
18549 361
18552 351
18559 346
18571 341
18583 341
18593 344
18605 351
18620 363
18632 375
18644 395
18652 412
18659 429
18657 441
18654 446
18657 444
18662 444
18671 446
18683 446
18696 446
18703 444
18705 439
18703 429
18703 419
18696 407
18688 395
18679 383
18676 368
18681 358
18691 351
18701 351
18718 351
18737 353
18754 358
18771 368
18788 380
18805 400
18818 422
18827 448
18837 475
18849 504
18859 534
18874 563
18883 592
18891 617
18896 641
18900 656
18898 658
18893 653
18888 643
18876 626
18864 604
18849 575
18837 546
18830 517
18822 490
18818 461
18810 434
18805 407
18805 380
18810 361
18818 346
18825 341
18837 344
18854 348
18876 356
18893 368
18910 383
18918 397
18922 414
18922 429
18925 444
18927 451
18925 451
18925 448
18925 446
18927 444
18927 436
18922 426
18918 417
18910 407
18908 395
18908 383
18910 370
18910 358
18918 348
18930 348
18944 353
18961 361
18976 375
18991 392
19008 412
19025 431
19039 448
19054 463
19066 465
19071 463
19069 453
19061 444
19054 429
19049 409
19042 392
19035 375
19030 363
19032 358
19037 361
19039 368
19044 378
19054 390
19066 405
19081 424
19098 444
19110 463
19125 478
19135 483
19144 478
19144 473
19142 465
19139 456
19137 444
19132 431
19127 422
19117 409
19110 400
19103 387
19098 375
19096 363
19096 353
19100 344
19105 339
19113 331
19125 329
19139 329
19156 331
19171 336
19188 341
19208 351
19225 365
19237 383
19244 402
19252 422
19254 441
19256 458
19252 470
19247 470
19242 465
19237 456
19225 446
19210 434
19193 419
19178 402
19171 385
19169 368
19174 356
19181 348
19195 344
19220 344
19247 346
19271 351
19293 358
19308 373
19317 390
19334 407
19352 424
19366 444
19378 461
19381 465
19386 465
19395 461
19410 453
19430 444
19442 429
19447 414
19444 395
19439 380
19430 365
19415 356
19393 348
19373 341
19356 339
19344 341
19334 344
19332 346
19337 351
19347 351
19364 348
19391 344
19420 339
19451 336
19478 331
19500 329
.PEN_UP
.PEN_DOWN
19061 607
19056 604
19056 600
19052 590
19047 585
19013 553
19003 546
.PEN_UP
.PEN_DOWN
18630 612
18627 607
18627 602
18627 595
18627 587
.PEN_UP
.PEN_DOWN
19559 358
19564 358
19569 358
19564 358
19559 358
19564 348
19561 344
19556 334
19547 319
19534 305
19522 290
.PEN_UP
.PEN_DOWN
19813 471
19817 471
19822 471
19817 471
19813 471
19783 468
19776 466
19766 461
19754 454
19742 442
19725 429
19713 415
19700 400
19691 385
19686 373
19683 359
19686 349
19696 342
19708 339
19722 339
19737 344
19744 351
19752 361
19754 376
19761 390
19771 405
19778 417
19791 432
19798 444
19800 456
19805 468
19808 471
19808 468
19810 463
19808 454
19808 444
19805 427
19798 410
19793 390
19788 373
19786 356
19788 342
19796 334
19805 334
19815 339
19827 346
19842 359
19856 371
19878 388
19898 407
19917 427
19937 444
19947 451
19954 449
19956 442
19956 432
19954 420
19949 403
19944 383
19939 364
19934 344
19932 325
19932 315
19934 317
19942 322
19952 332
19966 349
19981 368
19995 390
20010 412
20025 429
20037 434
20047 432
20047 424
20042 412
20037 398
20032 381
20027 364
20022 346
20027 332
20034 325
20044 317
20059 320
20076 325
20095 332
20120 344
20147 364
20176 383
20203 403
20227 420
20249 429
20264 434
20266 437
20261 437
20254 434
20244 432
20232 429
20215 422
20198 415
20178 405
20161 393
20147 376
20137 354
20132 337
20137 322
20142 315
20151 315
20166 320
20186 325
20210 334
20232 349
20251 364
20266 383
20278 403
20286 427
20290 451
20298 478
20305 505
20312 529
20317 549
20317 556
20315 551
20305 542
20295 524
20283 500
20273 468
20269 432
20269 395
20273 366
20281 339
20293 322
20308 315
20329 320
20356 329
20381 344
20408 361
.PEN_UP
.PEN_DOWN
20500 312
20507 312
20512 315
20517 317
20527 325
20544 359
20554 371
20568 385
20588 407
20612 434
20637 463
20659 488
20676 515
20690 539
20700 561
20712 578
20717 578
20717 573
20712 561
20707 546
20703 524
20695 495
20688 461
20681 427
20673 395
20664 366
20654 342
20646 325
20644 315
.PEN_UP
.PEN_DOWN
20598 420
20603 420
20610 420
20615 420
20625 424
20685 442
.PEN_UP
.PEN_DOWN
20717 288
20717 293
20722 298
20724 305
20729 310
20754 344
20766 361
20778 383
20793 407
20805 434
20817 461
20827 488
20837 510
20849 532
20859 546
20868 554
20873 549
20871 544
20863 534
20859 515
20854 490
20849 461
20844 432
20839 405
20837 383
20834 364
20837 354
20842 359
20849 368
20861 383
20878 407
20898 439
20915 473
20934 507
20949 537
20963 559
20976 576
20983 576
20983 568
20980 559
20973 537
20963 507
20951 476
20939 439
20929 407
20927 381
20924 354
20924 337
20929 327
20934 325
.PEN_UP
.PEN_DOWN
21049 317
21041 317
21037 317
21029 317
21029 322
21029 342
21032 354
21039 366
21046 388
21056 412
21068 442
21080 473
21098 502
21117 532
21134 556
21154 573
21171 583
21183 585
21193 581
21197 571
21197 561
21197 546
21190 529
21180 512
21168 493
21151 478
21132 466
21112 461
21095 459
21085 451
21083 442
21088 429
21098 415
21110 400
21124 383
21141 368
21156 354
21166 342
21171 327
21173 315
.PEN_UP
.PEN_DOWN
21251 339
21251 334
21251 329
21251 325
21251 315
21241 290
21237 283
21232 273
21224 264
.PEN_UP
.PEN_DOWN
21341 283
21336 283
21332 283
21339 281
21344 281
21361 295
21368 303
21375 312
21385 327
21400 349
21412 376
21427 400
21441 427
21451 451
21461 471
21471 493
21478 512
21480 529
21483 539
21483 537
21480 529
21475 522
21471 507
21463 485
21458 456
21451 424
21441 395
21432 368
21424 344
21422 325
21424 310
21434 305
21446 312
21461 320
21480 332
21500 349
21522 371
21539 395
21558 420
21575 446
21595 476
21614 505
21631 537
21644 566
21651 593
21656 617
21658 639
21661 649
21658 646
21656 641
21649 627
21636 605
21622 571
21605 529
21585 485
21568 442
21551 403
21534 368
21524 342
21517 317
21517 305
21519 303
21527 307
21536 320
21551 337
21568 359
21585 388
21602 412
21617 424
21622 420
21619 410
21614 395
21612 376
21612 356
21614 339
21622 329
21634 327
21653 325
21678 327
21705 332
21731 342
21753 354
21775 368
21788 383
21792 398
21788 410
21780 422
21770 429
21756 429
21739 424
21717 415
21697 400
21683 383
21673 361
21678 344
21688 332
21705 322
21722 320
21749 320
21778 320
21802 325
21829 332
21848 337
21863 346
.PEN_UP
.PEN_DOWN
21358 451
21366 451
21375 456
21385 461
21402 466
21466 478
21493 483
21524 485
.PEN_UP
.PEN_DOWN
21931 320
21936 317
21941 317
21946 317
21951 322
21978 342
21987 351
22002 366
22017 383
22036 410
22056 439
22075 468
22095 500
22112 529
22122 556
22122 578
22119 588
22117 585
22117 576
22114 566
22109 549
22102 524
22090 490
22078 451
22066 407
22053 366
22041 327
22031 288
22019 251
22007 220
21992 190
21980 168
21970 149
21966 144
21968 147
21973 159
21983 178
21995 210
22009 251
22026 295
22046 337
22070 376
22092 405
22117 432
22136 454
22153 468
22168 471
22178 463
22183 454
22183 442
22180 427
22175 410
22168 393
22158 378
22144 366
22129 354
22114 344
22100 334
22087 327
22073 322
22061 320
22051 322
22041 327
22044 332
22046 339
22053 346
22061 349
22070 346
22080 346
22092 344
22107 346
22124 349
22144 356
22168 366
22192 381
22217 393
22241 405
22261 415
22278 424
22290 432
22300 439
22309 444
22314 444
22309 444
22304 444
22297 442
22290 439
22280 434
22268 427
22258 420
22246 410
22231 400
22217 388
22202 373
22192 359
22190 344
22192 334
22202 329
22212 327
22226 329
22243 334
22261 342
22273 354
22283 366
22290 381
22295 398
22302 412
22309 429
22314 446
22312 454
22307 449
22304 442
22302 427
22300 410
22300 393
22300 371
22300 354
22302 342
22309 334
22319 334
22336 339
22351 344
22365 354
22378 368
22387 385
22395 403
22402 420
22407 439
22409 454
22414 461
22419 461
22426 459
22434 459
22443 456
22453 454
22465 454
22480 454
22495 451
22504 446
22512 439
22512 429
22504 422
22497 412
22490 403
22482 390
22478 378
22473 364
22470 351
22475 339
22482 332
22495 329
22514 329
22536 332
22560 337
22585 346
22604 361
22619 378
22629 395
22636 412
22641 429
22646 444
22646 459
22641 466
22634 463
22621 459
22607 451
22590 437
22578 422
22570 403
22563 383
22558 364
22558 344
22560 332
22570 322
22580 320
22595 320
22612 325
22631 329
22648 339
22668 354
22687 368
22707 388
22726 405
22741 422
22756 434
22768 446
22777 451
22787 449
22785 444
22780 434
22775 422
22768 405
22760 388
22753 368
22746 349
22743 334
22743 327
22746 329
22751 334
22760 342
22773 354
22790 371
22804 393
22821 412
22834 422
22843 420
22848 412
22846 403
22838 390
22834 373
22826 356
22819 339
22819 325
22821 315
22829 310
22838 307
22853 307
22873 312
22890 320
22902 329
22914 344
22926 361
22938 381
22953 405
22970 434
22985 466
23002 500
23016 527
23026 551
23038 573
23043 595
23046 602
23041 598
23033 588
23026 571
23012 549
22994 512
22977 473
22965 434
22955 400
22948 373
22943 349
22948 329
22955 315
22970 307
22992 305
23016 307
23048 312
23075 320
23097 332
.PEN_UP
.PEN_DOWN
22868 498
22875 495
22880 495
22885 495
22890 495
22931 498
22953 502
22977 507
23007 512
23036 520
23063 522
.PEN_UP
.PEN_DOWN
23280 368
23287 368
23289 373
23289 381
23292 385
23292 398
23287 400
23280 400
23270 398
23253 393
23236 383
23219 368
23204 349
23197 332
23202 315
23207 300
23219 293
23236 293
23258 298
23282 305
23307 315
23326 332
23343 349
23358 366
23363 383
23360 398
23353 410
23341 420
23329 427
23314 427
23302 422
23294 415
23292 407
23294 400
23299 398
23316 400
23338 407
23368 420
23399 434
23428 451
23453 473
23475 495
23489 517
23502 542
23506 563
23509 583
23506 602
23504 610
23499 607
23494 600
23485 593
23477 581
23465 563
23455 542
23443 510
23431 473
23416 432
23402 388
23389 346
23377 305
23363 268
23348 234
23329 205
23314 181
23304 164
23302 154
23304 159
23307 168
23309 183
23314 207
23321 234
23329 259
23333 283
23341 300
23350 310
23363 320
23375 327
23397 332
23419 342
23443 351
23467 359
23489 368
.PEN_UP
.PEN_DOWN
23823 576
23833 578
23833 585
23833 590
23833 595
23814 600
23804 600
23794 595
23782 588
23770 581
23755 566
23738 551
23721 529
23704 500
23689 471
23677 439
23667 410
23660 385
23655 364
23658 346
23663 339
23672 339
23684 344
23702 354
23721 368
23738 388
23753 410
23765 439
23777 468
23787 495
23799 524
23811 551
23821 571
23826 585
23826 588
23823 585
23821 578
23819 573
23814 563
23806 551
23799 542
23792 527
23787 512
23782 493
23777 468
23770 439
23763 410
23755 385
23750 364
23745 344
23748 329
23753 317
23760 317
23767 322
23780 329
23792 342
23802 356
23816 376
23828 395
23843 415
23860 432
23875 442
23884 444
23892 439
23894 434
23894 424
23894 415
23892 400
23889 385
23884 371
23877 354
23870 342
23862 325
23858 312
23860 312
23862 317
23870 325
23882 334
23897 351
23916 371
23933 395
23948 420
23960 444
23972 463
23982 473
23989 473
23989 468
23987 461
23984 446
23977 432
23970 415
23962 398
23955 381
23953 366
23950 349
23950 332
23948 320
23945 305
23943 295
23943 290
23943 295
23945 300
23950 307
23955 317
23962 332
23967 351
23975 371
23984 393
23999 412
24016 432
24033 446
24045 456
24055 459
24058 456
24058 451
24055 444
24053 434
24050 422
24043 412
24036 400
24028 388
24023 373
24023 356
24023 339
24023 325
24028 317
24038 312
24048 312
24060 312
24075 315
24087 322
24099 329
24111 342
24118 354
24128 366
24138 381
24145 395
24157 407
24165 420
24172 432
24172 444
24167 449
24160 451
24148 446
24138 442
24123 432
24114 415
24106 395
24097 376
24094 356
24099 342
24109 332
24126 334
24150 337
24172 344
24194 351
24211 361
24226 376
24236 390
24245 405
24248 422
24248 432
24248 437
24253 432
24260 432
24272 429
24287 429
24301 429
24314 429
24323 429
24323 427
24318 422
24314 412
24309 400
24301 385
24294 368
24289 354
24289 342
24294 332
24304 327
24318 327
24333 329
24350 337
24367 346
24377 361
24387 378
24394 398
24401 415
24414 429
24423 444
24428 454
24426 456
24421 451
24416 442
24414 432
24409 415
24404 398
24394 381
24387 366
24384 351
24387 342
24394 334
24404 332
24416 334
24431 342
24448 354
24467 368
24489 385
24516 403
24543 422
24565 437
24584 449
24596 454
24601 449
24599 446
24594 444
24587 442
24577 442
24565 437
24550 427
24538 415
24526 400
24513 385
24504 373
24492 364
24487 351
24489 344
24494 339
24504 337
24516 339
24533 342
24552 349
24572 356
24592 368
24616 381
24638 395
24660 410
24684 420
24706 432
24723 442
24740 451
24750 459
24752 459
24748 456
24735 449
24721 439
24699 432
24679 422
24662 412
24648 405
24638 395
24631 383
24628 373
24631 364
24638 359
24650 359
24665 361
24682 366
24696 376
24706 385
24713 398
24718 410
24721 420
24721 432
24721 434
24718 432
24711 424
24704 415
24696 400
24689 385
24687 373
24689 361
24694 354
24701 346
24711 342
24726 339
24738 339
24748 344
24762 349
24774 361
24789 378
24806 395
24826 412
24843 427
24857 434
24865 434
24867 429
24865 420
24860 407
24852 393
24843 373
24833 359
24823 344
24816 329
24818 322
24826 320
24830 325
24840 329
24852 342
24865 359
24879 378
24896 398
24913 412
24933 422
24943 422
24947 417
24943 410
24935 400
24928 385
24923 371
24923 354
24928 337
24933 325
24945 315
24962 310
24984 310
25008 310
.PEN_UP
.PEN_DOWN
24355 568
24353 561
24353 556
24350 551
24343 546
24345 532
.PEN_UP
.PEN_DOWN
25350 524
25357 524
25362 524
25362 529
25357 532
25347 549
25342 554
25333 554
25321 551
25306 549
25291 544
25279 537
25267 527
25252 512
25235 493
25218 466
25199 437
25182 407
25167 381
25160 356
25160 334
25164 320
25177 310
25191 310
25208 315
25225 320
25240 332
25252 346
25262 366
25274 385
25291 405
25306 427
25321 451
25330 476
25338 500
25342 524
25345 544
25350 561
25355 571
25355 576
25350 571
25345 563
25340 551
25333 537
25323 515
25316 490
25308 461
25301 434
25296 410
25294 385
25291 368
25289 351
25294 337
25299 329
25308 325
25321 322
25335 325
25347 329
25357 337
25367 349
25374 364
25381 378
25389 390
25394 403
25396 410
25396 410
25394 405
25391 398
25386 385
25379 371
25377 354
25379 337
25381 322
25389 317
25399 317
25413 325
25430 334
25445 344
25464 359
25479 373
25494 390
25501 407
25503 422
25501 429
25501 429
25501 427
25503 427
25508 424
25516 422
25530 420
25545 417
25557 417
25557 412
25550 405
25547 393
25542 378
25533 364
25525 351
25518 339
25518 329
25520 322
25525 317
25538 315
25552 315
25569 317
25589 322
25606 329
25623 342
25637 359
25655 376
25672 398
25681 422
25691 454
25701 490
25708 527
25723 563
25735 600
25745 629
25757 654
25759 668
25755 671
25752 666
25742 654
25733 637
25720 612
25706 581
25691 544
25679 505
25667 466
25662 429
25655 398
25655 371
25657 346
25657 332
25662 320
25672 315
25681 317
25696 320
25706 325
25718 334
25728 346
25735 364
25747 381
25759 403
25769 424
25774 437
25776 439
25774 434
25774 429
25772 420
25769 407
25764 393
25762 378
25757 361
25755 346
25757 334
25762 325
25769 320
25781 322
25791 325
25801 332
25813 339
25823 354
25840 371
25857 390
25874 412
25889 429
25901 434
25911 429
25908 422
25901 410
25896 395
25889 376
25881 359
25876 342
25869 327
25869 317
25874 317
25881 322
25889 329
25898 339
25908 351
25923 368
25940 383
25957 400
25974 417
25981 424
25979 424
25976 420
25972 407
25967 393
25962 376
25957 359
25957 344
25957 332
25962 325
25969 320
25984 315
26001 315
26025 317
26050 322
26072 332
26091 346
26101 366
26108 388
26111 410
26111 432
26108 446
26103 454
26093 449
26079 442
26059 427
26040 410
26025 388
26015 366
26015 349
26018 337
26025 327
26037 322
26054 320
26074 322
26093 325
26113 329
26130 337
26147 349
26164 366
26179 388
26191 412
26193 432
26196 439
26198 434
26201 427
26208 417
26215 405
26228 390
26240 376
26254 361
26267 349
26271 334
26269 322
26262 310
26249 303
26232 300
26213 298
26193 300
26176 305
26164 312
26159 317
26162 325
26169 322
26181 320
26196 315
26215 310
26237 307
26262 305
26284 305
.PEN_UP
.PEN_DOWN
25835 602
25840 602
25845 602
25845 598
25842 590
25823 561
25815 549
.PEN_UP
.PEN_DOWN
25401 568
25408 568
25416 568
25420 563
25430 559
.PEN_UP
.PEN_DOWN
26330 334
26335 334
26342 334
26337 334
26337 329
26332 310
26330 300
26325 288
26318 276
.PEN_UP
.PEN_DOWN
26608 402
26608 409
26603 411
26596 416
26591 421
26559 424
26552 421
26540 419
26530 416
26518 409
26503 397
26488 382
26476 365
26467 343
26464 324
26467 304
26469 287
26476 277
26486 277
26501 280
26520 287
26540 297
26557 314
26571 331
26581 348
26586 367
26591 384
26598 399
26596 402
26596 394
26593 384
26593 372
26591 358
26591 341
26591 326
26593 311
26596 302
26606 304
26620 309
26635 316
26654 328
26671 345
26688 365
26703 380
26723 394
26735 409
26747 416
26757 414
26762 411
26764 406
26764 397
26764 384
26762 370
26757 353
26754 336
26749 319
26747 302
26747 289
26747 282
26749 285
26752 287
26757 297
26766 306
26776 319
26786 336
26798 353
26810 370
26823 384
26832 392
26840 389
26842 382
26840 375
26837 363
26837 348
26835 331
26832 311
26832 294
26837 282
26847 280
26862 285
26883 289
26905 299
26927 314
26949 333
26969 350
26991 367
27010 382
27027 392
27035 397
27032 394
27025 389
27015 387
27005 382
26991 372
26979 360
26966 345
26954 331
26947 314
26940 302
26940 289
26944 282
26952 280
26964 282
26979 289
26993 302
27005 316
27013 333
27018 353
27025 370
27032 384
27032 387
27027 382
27025 375
27020 363
27018 348
27013 333
27015 316
27020 306
27027 299
27037 297
27052 302
27069 309
27088 319
27105 333
27125 350
27144 372
27161 399
27176 431
27191 465
27203 502
27215 538
27225 570
27235 599
27235 619
27232 619
27225 611
27218 601
27210 584
27198 558
27191 521
27179 484
27169 445
27159 409
27149 377
27144 350
27139 324
27139 304
27142 287
27144 277
27152 275
27161 280
27174 287
27191 299
27210 316
27232 336
27252 358
27269 375
27281 384
27281 384
27278 377
27276 367
27274 353
27269 336
27266 319
27269 306
27276 297
27286 292
27300 292
27315 294
27330 302
27339 311
27349 326
27359 345
27366 365
27374 382
27381 399
27386 402
27388 394
27391 384
27391 370
27388 345
27386 311
27378 277
27366 241
27352 209
27330 182
27305 158
27283 141
27261 126
27247 126
27239 133
27237 143
27239 155
27249 172
27266 192
27291 211
27322 233
27354 255
27383 282
27408 304
27430 328
27452 348
27471 367
27488 382
27495 394
27495 404
27500 406
27503 404
27505 399
27513 394
27522 384
27532 370
27542 353
27544 336
27542 316
27534 299
27525 285
27508 272
27488 265
27471 260
27456 258
27444 260
27432 263
27420 270
27413 277
27410 285
27413 282
27415 277
27422 272
27430 267
27442 265
27459 265
27483 267
27508 275
27537 282
27561 297
27581 314
27603 336
27622 365
27639 397
27659 436
27678 475
27695 511
27712 545
27725 575
27730 592
27727 592
27722 582
27720 567
27710 545
27700 516
27688 480
27671 443
27659 411
27647 382
27644 358
27649 333
27654 311
27661 294
27671 280
27683 277
27693 280
27705 287
27720 297
27737 314
27756 333
27776 358
27793 382
27805 406
27815 426
27817 428
27820 426
27822 419
27830 411
27842 399
27859 387
27876 372
27888 360
27893 348
27888 336
27883 326
27871 319
27856 311
27834 306
27815 304
27798 302
27778 302
27761 304
27751 306
27754 309
27759 309
27769 309
27781 306
27798 306
27822 306
27854 306
27890 309
27927 311
27956 316
27976 326
.PEN_UP
.PEN_DOWN
27530 482
27530 477
27530 472
27530 467
27539 467
27593 467
27617 467
27649 470
27683 472
27717 477
27747 482
27769 484
.PEN_UP
.PEN_DOWN
28059 265
28059 260
28059 255
28059 250
28059 258
28073 282
28083 297
28095 316
28107 338
28122 365
28139 389
28154 414
28168 431
28183 438
28190 436
28193 428
28193 419
28188 406
28183 389
28181 367
28176 345
28176 324
28176 304
28176 285
28178 270
28183 260
28193 260
28205 267
28222 277
28239 292
28256 306
28271 326
28283 345
28293 365
28300 384
28310 402
28310 414
28312 419
28315 416
28317 411
28324 411
28334 409
28346 409
28359 409
28376 411
28393 414
28407 416
28424 424
28439 431
28446 438
28444 441
28439 436
28432 431
28424 424
28420 414
28415 399
28410 382
28405 365
28400 345
28395 326
28390 306
28393 292
28398 282
28407 277
28420 277
28434 280
28446 285
28461 294
28476 304
28493 316
28510 333
28527 350
28541 365
28554 382
28561 394
28566 409
28566 424
28563 433
28556 438
28546 433
28532 424
28515 414
28500 397
28488 375
28478 355
28473 336
28468 321
28468 309
28468 299
28473 289
28483 285
28500 287
28522 287
28546 292
28573 299
28593 309
28612 324
28627 338
28637 353
28649 370
28661 387
28673 406
28676 421
28676 426
28676 424
28676 419
28673 414
28671 406
28668 394
28666 382
28663 367
28659 350
28654 336
28646 321
28641 304
28644 289
28646 280
28651 272
28661 270
28671 272
28683 275
28695 282
28710 292
28724 304
28737 321
28746 338
28754 355
28758 372
28763 387
28768 394
28771 394
28768 387
28766 380
28763 365
28761 350
28758 333
28756 316
28758 304
28763 294
28771 292
28780 292
28797 299
28812 306
28824 321
28832 338
28837 355
28841 375
28846 389
28856 402
28861 411
28868 414
28871 411
28876 406
28883 404
28890 402
28900 397
28910 389
28924 382
28939 375
28958 370
28980 370
29002 372
29024 377
29039 387
29049 397
29049 409
29046 421
29041 433
29036 445
29029 453
29019 453
29005 448
28988 441
28971 426
28956 411
28944 392
28934 375
28932 355
28934 341
28939 326
28946 316
28956 311
28968 306
28983 309
28997 311
29019 316
29041 324
29063 331
29085 343
29107 355
29127 370
29146 382
29168 392
29183 397
29195 404
29195 409
29190 411
29185 409
29173 404
29158 397
29141 389
29119 377
29097 365
29075 350
29056 336
29044 316
29034 299
29034 285
29039 272
29046 263
29058 258
29071 258
29085 260
29105 265
29122 277
29141 292
29158 314
29173 336
29183 363
29190 394
29197 426
29205 465
29217 502
29227 536
29236 562
29234 575
29229 570
29222 560
29212 543
29202 519
29192 484
29185 450
29180 419
29175 387
29173 360
29173 336
29175 316
29185 302
29202 292
29227 285
29258 282
29292 285
29319 289
.PEN_UP
.PEN_DOWN
28444 623
28444 619
28449 614
28454 604
28454 599
28449 575
28449 567
28449 560
.PEN_UP
.PEN_DOWN
29383 248
29388 248
29392 248
29400 250
29405 250
29422 275
29427 287
29436 302
29446 321
29463 345
29485 372
29509 406
29534 441
29558 477
29575 511
29587 541
29595 567
29600 587
29602 594
29600 589
29597 582
29590 570
29578 550
29563 523
29548 492
29536 458
29527 426
29522 399
29519 375
29519 353
29524 336
29531 321
29544 316
29563 316
29587 321
29612 331
29636 341
29658 360
29673 382
29690 411
29705 443
29722 477
29739 516
29756 553
29770 587
29783 616
29787 638
29787 650
29787 645
29785 638
29778 623
29768 604
29753 577
29736 545
29719 511
29705 475
29690 441
29678 409
29668 380
29656 353
29646 331
29639 314
29639 302
29644 297
29651 302
29661 309
29675 324
29692 343
29712 365
29731 389
29751 406
29763 411
29770 406
29770 397
29768 387
29761 375
29756 358
29756 343
29761 333
29770 326
29785 321
29807 321
29831 326
29856 333
29878 345
29897 360
29909 375
29917 384
29919 397
29919 409
29917 419
29904 421
29892 414
29873 406
29853 394
29839 380
29829 363
29831 345
29839 336
29851 328
29865 326
29887 324
29917 324
29948 326
29975 331
29997 338
30007 348
30004 353
.PEN_UP
.PEN_DOWN
29429 484
29434 484
29441 484
29451 484
29461 484
29507 484
29536 484
29568 484
29617 484
.PEN_UP
.PEN_DOWN
30078 272
30085 272
30092 272
30092 277
30095 287
30114 326
30124 338
30136 358
30153 380
30173 409
30192 438
30209 470
30224 497
30234 523
30241 545
30246 562
30246 570
30243 565
30241 558
30234 548
30226 533
30219 509
30214 480
30212 441
30207 404
30199 365
30190 324
30178 289
30168 250
30153 214
30143 185
30134 155
30126 133
30119 114
30112 99
30102 97
30100 102
30102 111
30104 121
30109 143
30119 170
30131 207
30148 243
30165 280
30185 314
30207 345
30226 372
30248 397
30265 414
30280 416
30292 411
30299 404
30302 392
30299 380
30295 360
30287 341
30275 324
30263 309
30251 302
30241 297
30229 299
30217 304
30204 304
30195 299
30187 292
30192 285
30197 277
30209 267
30221 267
30238 270
30260 275
30285 282
30309 294
30336 309
30358 326
30375 345
30387 367
30395 387
30399 406
30397 419
30395 424
30395 419
30397 416
30402 416
30409 414
30419 414
30429 414
30441 414
30453 414
30465 414
30480 409
30487 402
30490 394
30485 382
30480 372
30473 358
30463 343
30453 328
30443 314
30438 302
30441 292
30448 285
30458 282
30470 285
30487 289
30509 302
30531 316
30553 331
30575 348
30597 363
30614 375
30624 384
30621 389
30616 387
30612 382
30604 372
30597 358
30587 341
30575 324
30563 306
30551 292
30546 280
30551 270
30558 265
30568 263
30582 265
30599 270
30616 277
30631 287
30643 302
30653 314
30660 328
30665 341
30665 355
30663 372
30658 384
30648 397
30636 402
30621 402
30604 399
30590 397
30585 392
30590 387
30599 382
30614 380
30631 380
30655 384
30677 392
30697 402
30716 416
30736 431
30755 445
30777 463
30794 480
30809 497
30816 516
30819 536
30821 555
30821 570
30824 572
30821 567
30819 555
30811 541
30802 519
30787 489
30770 455
30751 414
30733 365
30714 314
30697 263
30677 219
30660 180
30641 146
30624 119
30614 97
30607 87
30607 92
30609 102
30614 116
30624 136
30633 170
30651 209
30672 253
30699 294
30724 331
30748 360
30770 380
30790 392
30804 392
30814 387
30821 377
30824 365
30821 353
30814 338
30804 326
30792 319
30777 311
30765 304
30753 297
30743 292
30731 289
30716 287
30704 285
30699 282
30704 277
30709 275
30719 272
30729 275
30743 280
30763 282
30782 287
30804 294
30826 302
30848 314
30868 328
30887 345
30904 365
30924 382
30943 394
30948 404
30948 406
30941 404
30936 399
30926 392
30914 380
30902 363
30887 345
30872 328
30863 311
30860 297
30865 287
30875 282
30887 285
30904 289
30921 297
30938 306
30955 321
30970 333
30982 345
30992 360
30999 372
30997 384
30994 394
30985 404
30975 409
30960 406
30948 399
30936 392
30931 384
30933 377
30941 372
30955 375
30972 377
30994 377
31014 382
31031 387
31048 397
31063 411
31075 421
31085 433
31089 443
31089 448
31089 448
31092 443
31094 438
31102 431
31109 419
31114 404
31116 389
31119 370
31119 353
31116 333
31114 314
31109 297
31097 282
31082 270
31063 265
31046 263
31028 263
31016 267
31009 275
31002 282
31002 287
31007 289
31019 289
31031 289
31048 292
31067 292
31087 297
31106 302
31131 309
31153 319
31175 328
31197 341
31216 353
31236 363
31253 372
31265 382
31277 389
31287 397
31292 399
31289 397
31284 394
31275 389
31263 384
31250 375
31233 367
31214 358
31194 348
31177 333
31163 321
31160 306
31165 294
31170 287
31180 285
31192 287
31206 292
31226 299
31241 309
31250 321
31255 336
31255 353
31255 367
31258 375
31258 370
31255 360
31250 350
31243 338
31238 326
31236 314
31238 302
31243 292
31253 285
31265 287
31280 292
31292 299
31306 309
31319 324
31333 341
31350 360
31365 382
31382 411
31399 441
31416 480
31433 516
31448 548
31462 580
31477 601
31482 619
31480 626
31472 621
31460 611
31443 594
31426 570
31406 536
31389 497
31375 458
31365 424
31355 392
31350 360
31350 338
31353 319
31360 304
31377 297
31402 294
31426 294
31455 297
31480 304
.PEN_UP
.PEN_DOWN
31699 382
31709 382
31714 380
31711 384
31706 384
31697 397
31689 399
31679 402
31665 402
31648 399
31631 392
31614 377
31594 358
31577 331
31565 306
31555 285
31553 265
31555 253
31565 246
31582 248
31604 255
31628 263
31648 272
31662 282
31672 297
31679 316
31684 333
31687 353
31694 370
31697 377
31694 375
31692 367
31689 358
31684 341
31679 326
31679 306
31679 289
31684 280
31694 272
31706 270
31726 270
31743 277
31760 285
31777 297
31794 314
31809 331
31818 350
31828 372
31838 394
31843 414
31848 421
31853 424
31855 419
31860 411
31867 397
31877 382
31887 363
31892 341
31892 321
31887 299
31882 277
31870 260
31857 248
31845 243
31833 241
31818 241
31804 243
31789 248
31775 255
31770 263
31775 267
31779 270
31792 272
31809 272
31833 275
31860 277
31884 285
31906 289
.PEN_UP
.PEN_DOWN
32121 372
32126 372
32131 372
32135 375
32131 377
32123 392
32118 394
32111 392
32104 389
32092 387
32082 380
32070 370
32055 355
32040 338
32026 319
32014 299
32009 282
32011 267
32018 258
32031 253
32045 253
32065 253
32082 258
32096 267
32106 280
32113 292
32121 309
32128 326
32140 345
32148 365
32150 380
32152 387
32150 384
32148 377
32140 367
32135 353
32131 336
32126 314
32128 289
32131 272
32135 265
32148 265
32165 265
32187 267
32211 272
32233 282
32255 292
32274 304
32287 319
32294 333
32299 350
32301 358
32299 355
.PEN_UP
.PEN_DOWN
32404 248
32412 253
32419 258
32429 265
32439 273
32458 297
32468 307
32483 319
32500 336
32517 358
32534 383
32551 409
32565 434
32578 458
32587 478
32590 492
32590 497
32587 492
32580 482
32573 470
32565 448
32556 419
32551 383
32541 344
32529 300
32514 258
32500 217
32483 180
32470 148
32463 119
32456 97
32453 83
32448 83
32448 90
32448 100
32453 114
32465 141
32483 178
32504 222
32529 265
32548 304
32568 339
32587 365
32607 383
32624 390
32636 387
32643 380
32646 370
32643 353
32641 329
32634 304
32624 283
32614 265
32602 251
32590 244
32575 244
32563 248
32551 251
32551 253
32553 253
32558 248
32563 246
32573 244
32585 241
32602 241
32621 244
32639 246
32656 256
32675 265
32695 283
32712 297
32724 314
32736 331
32743 346
32748 358
32751 365
32756 363
32763 361
32770 356
32778 348
32782 336
32782 322
32780 304
32778 287
32773 270
32768 253
32758 241
32751 234
32741 231
32724 234
32712 239
32697 244
32695 246
32697 244
32702 241
32709 239
32719 236
32734 236
32743 239
32753 246
32765 253
32778 265
32795 278
32814 290
32834 302
32853 314
32868 324
32882 334
32892 334
32897 329
32899 322
32899 312
32897 300
32892 285
32885 273
32885 261
32890 253
32895 246
32902 241
32914 244
32926 246
32943 251
32958 261
32968 273
32982 285
32995 297
33007 312
33014 324
33019 336
33021 346
33024 351
33026 346
33026 344
33029 336
33029 324
33026 309
33026 292
33021 273
33012 246
32999 219
32985 187
32970 158
32960 129
32948 100
32936 73
32924 49
32909 27
32892 9
32880 0
32873 2
32868 9
32870 19
32877 39
32887 63
32904 92
32924 127
32948 158
32975 192
33007 229
33041 263
33075 297
33109 329
33136 353
33163 378
33190 395
33209 402
33224 402
33233 397
33231 395
33226 390
33219 390
33212 390
33204 392
33194 392
33182 387
33170 383
33158 370
33146 351
33131 329
33121 304
33114 285
33116 270
33121 258
33134 251
33153 248
33175 253
33202 261
33231 270
33260 290
33290 317
33316 346
33341 378
33360 412
33380 443
33392 480
33399 512
33404 539
33404 558
33404 565
33402 560
33399 553
33392 536
33382 509
33368 478
33353 439
33338 397
33324 361
33309 322
33294 287
33287 256
33280 234
33282 224
33287 226
33297 236
33309 251
33329 270
33351 295
33375 322
33397 346
33411 363
33414 361
33409 353
33402 339
33397 319
33392 297
33387 273
33390 256
33394 244
33404 246
33419 253
33438 263
33460 275
33485 290
33509 304
33533 324
33558 339
33570 351
33570 358
33563 358
33558 351
33546 344
33533 334
33521 319
33504 302
33487 285
33477 268
33475 253
33480 241
33485 236
33494 236
33509 239
33526 244
33543 251
33558 263
33572 280
33582 297
33589 317
33594 339
33592 358
33585 370
33575 373
33560 370
33541 368
33526 361
33519 356
33521 348
33529 344
33541 341
33553 341
33570 346
33587 353
33607 365
33626 383
33648 402
33672 429
33697 463
33716 495
33733 529
33743 556
33743 575
33738 587
33733 582
33724 573
33711 553
33697 526
33680 490
33663 448
33648 404
33633 363
33626 326
33624 295
33624 273
33626 253
33631 246
33638 246
33650 251
33665 261
33680 278
33702 300
33726 324
33750 351
33775 375
33797 392
33816 400
33828 397
33833 392
33828 390
33821 387
33814 387
33804 385
33792 385
33782 380
33770 373
33760 358
33746 341
33733 324
33719 304
33711 287
33716 273
33724 265
33736 263
33750 263
33767 263
33787 268
33802 278
33814 290
33821 309
33826 334
33831 356
33828 378
33824 390
33816 392
33806 390
33792 385
33787 380
33789 373
33797 365
33806 363
33821 361
33841 363
33865 363
33892 365
33919 368
33948 370
33980 370
34006 373
34033 373
34053 373
34060 373
34058 373
34048 373
34038 373
34023 373
34009 375
33992 375
33975 373
33960 368
33943 356
33926 341
33909 324
33897 307
33889 287
33889 270
33892 256
33902 244
33914 234
33928 229
33943 231
33960 236
33975 246
33992 261
34006 283
34023 307
34041 334
34053 356
34058 378
34055 385
34053 380
34053 373
34050 358
34045 341
34036 312
34026 283
34011 251
33999 222
33982 195
33965 168
33945 144
33923 119
33902 100
33884 80
33867 63
33855 51
33843 46
33833 49
33831 53
33836 63
33848 75
33865 95
33889 117
33914 139
33936 163
33958 185
33980 205
34004 224
34028 244
34058 265
34084 290
34111 312
34136 334
34148 353
34150 365
34148 370
34148 373
34153 373
34153 373
34153 373
34153 368
34150 363
34145 356
34138 348
34131 341
34123 331
34116 317
34111 300
34106 283
34101 263
34099 248
34104 236
34114 231
34126 234
34140 241
34158 248
34175 261
34194 275
34216 292
34238 314
34262 336
34287 358
34311 373
34336 383
34357 387
34372 385
34375 383
34370 383
34365 383
34357 383
34348 385
34336 385
34323 385
34309 383
34289 375
34275 365
34262 348
34253 331
34248 314
34243 300
34240 285
34240 270
34245 261
34250 253
34262 248
34279 248
34299 251
34323 256
34348 265
34375 275
34399 290
34426 307
34450 322
34475 336
34494 348
34501 356
34501 361
34496 363
34489 363
34482 363
34470 361
34457 358
34443 353
34428 344
34411 329
34394 317
34379 302
34367 287
34370 275
34377 265
34384 261
34397 256
34406 256
34416 258
34426 263
34436 270
34448 283
34460 300
34472 317
34479 331
34477 339
34470 334
34462 329
34453 319
34443 304
34436 290
34438 275
34443 265
34450 261
34460 258
34472 258
34484 261
34496 265
34509 275
34523 290
34543 309
34570 334
34596 361
34623 395
34648 434
34667 473
34679 509
34687 541
34689 565
34687 568
34682 563
34672 551
34660 534
34645 509
34628 473
34611 436
34594 397
34577 363
34567 329
34560 300
34560 278
34562 258
34570 244
34587 234
34609 229
34635 229
34670 231
34701 239
.PEN_UP
.PEN_DOWN
34197 551
34189 556
34184 560
34182 565
34180 570
34162 565
34160 556
34158 546
34153 531
34150 517
.PEN_UP
.PEN_DOWN
34823 246
34828 246
34833 246
34840 248
34848 253
34872 280
34884 290
34896 307
34909 329
34926 358
34938 387
34950 417
34965 446
34977 475
34987 504
34994 531
34999 553
34996 565
34991 558
34984 543
34974 521
34962 497
34950 465
34938 431
34928 395
34921 361
34911 329
34904 304
34904 285
34909 273
34918 270
34933 275
34948 280
34967 292
34987 307
35001 322
35013 336
35021 351
35023 363
35028 373
35028 378
35026 373
35018 365
35013 356
35009 344
35006 329
35004 314
35004 302
35006 290
35011 283
35021 280
35033 283
35050 290
35067 300
35087 317
35108 336
35130 363
35152 387
35174 419
35191 451
35206 482
35221 517
35233 541
35245 565
35250 580
35250 587
35245 582
35240 575
35228 565
35216 543
35199 514
35182 478
35165 431
35150 385
35135 341
35116 295
35094 251
35072 212
35050 173
35033 141
35021 117
35016 100
35021 97
35028 105
35038 117
35048 131
35057 156
35065 187
35069 217
35077 246
35082 270
35084 287
35082 292
35079 287
35077 283
35077 278
35082 273
35089 273
35104 278
35130 287
35160 302
35189 322
35218 346
35245 375
35274 404
35299 434
35323 463
35343 487
35357 509
35369 531
35372 539
35367 534
35357 529
35345 512
35325 485
35308 453
35289 419
35274 385
35267 353
35260 326
35257 302
35257 285
35260 275
35267 275
35279 280
35296 287
35316 297
35338 312
35360 326
35377 339
.PEN_UP
.PEN_DOWN
35218 446
35228 441
35233 439
35240 439
35250 439
35296 443
35313 446
35333 448
35352 451
35372 453
.PEN_UP
.PEN_DOWN
35045 536
35048 529
35050 524
35052 519
35057 514
.PEN_UP
.PEN_DOWN
35530 253
35533 246
35538 246
35542 248
35552 253
35584 280
35601 295
35618 317
35638 346
35655 380
35667 414
35679 446
35691 478
35701 509
35711 536
35716 560
35713 570
35708 563
35699 551
35684 524
35664 487
35645 446
35625 395
35606 339
35589 283
35574 226
35560 175
35550 134
35540 102
35533 83
35535 83
35538 88
35547 100
35555 117
35564 139
35574 168
35579 197
35579 222
35579 246
35574 261
35569 263
35564 258
35562 253
35564 246
35572 244
35581 244
35596 248
35613 258
35630 270
35650 285
35669 300
35689 312
35708 326
35725 336
35738 346
35740 356
35735 356
35730 351
35718 344
35703 331
35686 314
35672 292
35662 270
35664 253
35669 239
35679 239
35694 241
35713 248
35733 258
35752 273
35767 290
35777 307
35786 324
35786 339
35786 351
35784 361
35779 368
35769 370
35759 368
35747 365
35742 361
35745 356
35750 351
35757 353
35767 356
35779 361
35794 363
35806 368
35818 370
35833 375
35847 383
35859 387
35872 390
35884 387
35891 380
35894 370
35891 358
35886 341
35879 324
35874 307
35869 295
35864 280
35867 270
35872 261
35886 256
35908 258
35937 263
35974 270
.PEN_UP
.PEN_DOWN
36089 200
36089 205
36096 205
36103 207
36113 214
36128 241
36133 251
36142 263
36154 285
36172 309
36191 339
36208 370
36225 402
36240 434
36254 463
36269 490
36276 512
36276 526
36276 531
36274 529
36267 524
36262 517
36254 504
36247 480
36240 448
36228 412
36218 373
36206 334
36198 300
36193 270
36196 246
36201 231
36211 224
36225 224
36247 231
36269 244
36296 261
36320 280
36342 304
36359 329
36374 356
36389 387
36403 422
36418 458
36432 492
36442 521
36452 546
36459 568
36459 585
36457 595
36452 597
36449 590
36445 580
36440 560
36430 536
36418 507
36401 473
36384 436
36371 397
36357 353
36347 314
36337 283
36332 258
36332 244
36332 229
36330 224
36330 226
36332 234
36337 246
36347 263
36364 287
36384 312
36403 336
36420 353
36435 365
36445 363
36447 351
36447 339
36447 319
36445 300
36445 280
36449 265
36462 256
36479 253
36498 253
36520 256
36540 263
36559 275
36581 292
36601 307
36615 324
36620 341
36620 358
36618 373
36610 385
36598 385
36584 378
36569 365
36557 346
36549 324
36542 297
36540 278
36542 261
36549 251
36559 246
36581 248
36608 251
36635 258
36664 265
36686 275
.PEN_UP
.PEN_DOWN
36135 400
36145 400
36154 400
36174 404
36189 409
36240 412
36264 412
36289 414
36313 414
.PEN_UP
.PEN_DOWN
36766 224
36764 229
36759 226
36759 231
36764 234
36781 258
36793 270
36805 287
36818 309
36830 334
36844 358
36859 378
36874 395
36891 407
36905 412
36915 409
36925 402
36930 395
36925 380
36920 365
36913 346
36903 322
36896 300
36888 278
36883 261
36879 244
36874 234
36876 226
36879 229
36881 236
36888 246
36893 261
36903 280
36920 302
36937 326
36959 351
36981 368
36998 378
37010 387
37015 387
37013 385
37010 380
37008 373
37005 358
37003 341
36998 324
36996 304
36991 290
36983 278
36981 263
36976 253
36974 244
36974 239
36976 236
36979 236
36981 241
36986 246
36996 258
37005 270
37018 287
37037 304
37054 322
37066 341
37076 361
37081 375
37088 383
37096 378
37103 370
37098 358
37093 346
37086 329
37081 312
37071 295
37064 280
37057 265
37057 253
37061 244
37066 241
37076 244
37088 248
37105 258
37122 273
37140 292
37157 312
37176 331
37198 346
37220 358
37237 365
37244 365
37247 363
37242 358
37237 353
37232 346
37222 339
37208 331
37193 322
37176 314
37164 300
37157 283
37149 263
37144 248
37147 239
37154 236
37161 236
37169 241
37179 251
37191 263
37205 280
37222 297
37239 312
37252 329
37259 346
37257 361
37252 363
37244 361
37239 351
37235 341
37232 326
37232 307
37232 287
37235 273
37239 261
37249 253
37259 256
37269 261
37278 270
37291 278
37313 290
37335 302
37357 314
37366 331
37366 344
37364 353
37361 356
37361 356
37366 353
37371 353
37378 356
37388 358
37400 358
37413 361
37422 361
37427 358
37425 356
37420 351
37413 341
37408 329
37405 314
37400 295
37396 278
37396 263
37398 253
37408 248
37420 251
37435 253
37452 258
37469 265
37488 275
37508 285
37527 300
37544 322
37556 348
37569 383
37576 417
37588 451
37598 490
37613 526
37625 558
37637 585
37644 595
37644 590
37639 575
37627 553
37615 526
37603 492
37588 453
37578 414
37571 375
37561 334
37554 295
37544 263
37535 231
37527 207
37520 185
37517 173
37520 173
37525 178
37535 187
37547 205
37564 226
37578 253
37593 285
37608 314
37622 339
37637 356
37652 365
37666 368
37678 368
37691 365
37698 358
37698 348
37693 336
37686 319
37671 302
37656 285
37642 278
37630 283
37620 290
37615 297
37617 300
37620 297
37625 290
37630 283
37634 273
37639 261
37649 248
37661 239
37683 229
37710 222
37737 217
37761 217
37783 222
37798 226
37810 236
37817 248
37820 265
37822 285
37822 307
37822 326
37820 336
37815 331
37808 322
37795 309
37783 295
37771 280
37761 263
37754 248
37752 236
37754 224
37761 212
37771 205
37786 202
37805 205
37827 207
37847 217
37866 226
37883 244
37900 265
37910 290
37917 317
37925 348
37932 383
37944 414
37959 446
37971 473
37981 495
37986 509
37986 517
37978 512
37973 500
37966 478
37959 451
37951 414
37942 378
37932 344
37920 312
37912 283
37908 256
37910 234
37917 214
37927 202
37942 192
37959 192
37978 197
37998 207
38017 222
38032 241
38044 263
38051 285
.PEN_UP
.PEN_DOWN
37812 409
37820 409
37825 409
37837 409
37847 409
37893 409
37912 412
37939 414
37969 414
38003 417
38032 419
38059 422
38076 419
.PEN_UP
.PEN_DOWN
38149 231
38154 229
38154 224
38154 214
38151 207
38139 180
38139 175
38146 175
38154 180
.PEN_UP
