

.STYLE CURSIVE
.COMMENT previously: .WRITER_ID jwsr.161
.WRITER_ID jws
.HAND R
.SEX F

.PEN_DOWN
36 590
36 585
39 580
39 575
39 570
26 553
21 551
17 546
9 546
4 551
4 558
7 568
9 578
12 587
14 595
17 604
24 614
31 619
41 626
51 624
58 621
63 617
68 609
68 597
68 585
68 570
68 558
63 543
58 529
51 512
43 495
39 475
34 456
29 434
24 412
19 392
12 373
7 356
2 346
0 343
2 346
2 353
7 361
9 373
14 387
21 404
29 421
36 441
46 460
56 482
68 504
78 529
90 546
102 558
112 565
121 565
131 565
138 563
146 556
148 546
148 534
146 521
146 509
141 495
136 478
134 458
129 441
126 424
124 409
121 392
119 375
121 361
126 348
136 341
148 336
163 334
182 339
199 346
214 353
229 365
236 380
241 395
246 407
248 419
248 429
246 439
241 446
234 446
224 443
214 439
207 429
202 417
199 400
199 382
199 365
202 348
207 334
219 326
234 326
253 331
270 339
287 348
304 361
319 373
334 387
346 402
358 424
370 446
382 475
394 507
402 536
409 565
416 592
421 612
424 621
421 621
421 614
416 602
412 587
404 563
394 534
387 499
380 465
375 431
370 400
370 375
375 353
382 339
392 329
409 329
431 331
455 339
482 351
509 365
533 385
553 404
.PEN_UP
.PEN_DOWN
297 495
304 499
309 502
316 504
326 504
385 512
407 517
436 521
468 524
.PEN_UP
.PEN_DOWN
721 329
726 329
731 329
736 331
741 336
755 356
758 365
763 380
770 397
777 419
785 439
792 458
799 478
804 487
807 487
807 480
804 473
802 458
799 446
792 429
785 412
780 395
775 378
777 361
782 348
789 343
802 346
816 353
831 363
850 375
868 392
885 409
902 429
916 446
928 463
938 478
943 487
948 487
953 482
955 478
955 470
955 460
955 446
955 431
950 414
943 397
936 378
928 358
924 343
924 341
926 346
928 353
936 361
946 375
958 392
970 414
982 436
994 458
1006 473
1016 480
1024 478
1026 470
1024 460
1021 448
1019 436
1014 421
1009 402
1002 382
997 363
994 346
999 336
1004 336
1016 339
1028 346
1046 356
1063 370
1077 390
1094 409
1111 429
1131 448
1145 460
1160 470
1175 475
1182 478
1182 478
1177 475
1170 470
1163 463
1150 453
1138 439
1128 424
1116 404
1106 385
1097 368
1092 351
1092 336
1097 326
1104 324
1119 326
1136 334
1160 348
1182 365
1209 390
1231 412
1253 436
1272 453
1292 468
1306 478
1316 482
1319 480
1314 478
1306 475
1297 468
1284 460
1272 448
1260 436
1250 421
1241 402
1233 385
1231 368
1231 353
1238 346
1245 339
1260 336
1277 339
1297 341
1314 351
1333 363
1350 382
1365 402
1377 421
1380 441
1377 456
1370 468
1362 475
1350 480
1333 482
1321 480
1311 475
1306 470
1306 458
1311 448
1319 439
1331 436
1348 441
1367 446
1389 456
1409 465
1428 475
1445 482
1458 480
1467 475
1472 468
1475 453
1475 439
1470 419
1462 400
1453 380
1443 361
1433 343
1423 326
1421 319
1421 322
1423 326
1431 336
1440 348
1453 368
1467 387
1484 412
1501 434
1519 456
1536 473
1550 473
1558 465
1558 458
1555 446
1553 431
1545 414
1538 395
1528 378
1521 361
1514 346
1509 339
1511 341
1516 348
1521 361
1533 378
1548 400
1565 424
1582 451
1599 473
1614 490
1626 497
1636 492
1640 485
1640 475
1638 463
1631 443
1623 419
1616 397
1609 375
1606 356
1609 341
1616 331
1623 326
1638 329
1655 334
1675 341
1694 351
1714 365
1733 382
1753 402
1772 424
1787 443
1796 465
1799 482
1796 497
1789 502
1779 499
1765 492
1750 482
1733 465
1714 443
1701 419
1692 395
1689 370
1692 353
1697 341
1709 331
1731 331
1760 334
1794 341
1826 348
.PEN_UP
.PEN_DOWN
870 604
868 599
863 595
865 587
865 582
.PEN_UP
.PEN_DOWN
1994 453
1994 446
1994 441
1994 436
1994 429
1989 409
1987 400
1987 390
1984 375
1982 361
1979 346
1982 334
1987 324
1994 322
2004 322
2013 324
2026 331
2035 341
2048 356
2062 375
2074 400
2089 424
2099 448
2106 453
2109 448
2109 439
2106 429
2104 412
2104 392
2101 373
2101 351
2104 334
2106 322
2113 317
2123 319
2138 326
2150 334
2165 346
2179 361
2191 380
2204 397
2211 417
2216 434
2216 453
2218 468
2223 475
2233 478
2248 478
2265 478
2282 478
2301 478
2326 478
2348 478
2367 480
2384 482
2394 485
2396 490
2394 492
2387 492
2379 492
2369 492
2357 485
2348 475
2335 463
2323 443
2311 424
2299 407
2294 390
2296 375
2301 365
2313 358
2328 361
2345 365
2365 375
2379 387
2389 404
2396 424
2401 443
2406 465
2408 482
2413 495
2416 497
2413 492
2411 480
2406 468
2401 451
2399 429
2396 412
2396 395
2401 380
2406 373
2416 368
2428 368
2443 373
2457 378
2474 387
2486 400
2499 417
2508 434
2521 451
2530 470
2540 487
2545 504
2552 512
2557 509
2560 504
2567 499
2577 492
2584 480
2591 465
2596 446
2599 429
2601 409
2601 390
2599 370
2594 351
2586 336
2577 326
2567 319
2555 317
2540 317
2528 319
2516 324
2501 331
2489 341
2477 351
2472 356
2474 353
2482 351
2494 351
2506 348
2523 348
2545 348
2565 348
2584 351
2601 356
2618 361
.PEN_UP
.PEN_DOWN
2884 453
2884 458
2884 463
2884 468
2877 468
2855 478
2845 475
2835 470
2821 460
2806 448
2794 426
2782 400
2774 373
2767 346
2764 324
2767 307
2777 302
2789 307
2808 317
2833 329
2855 348
2877 370
2891 397
2906 426
2916 458
2928 492
2940 526
2950 560
2957 587
2962 607
2960 614
2957 612
2955 604
2952 592
2950 573
2945 548
2938 517
2930 482
2920 446
2913 404
2903 370
2896 343
2891 322
2891 309
2896 297
2903 295
2913 297
2925 304
2940 317
2957 334
2974 358
2994 382
3011 404
3025 424
3038 434
3038 436
3033 431
3023 424
3016 412
3006 397
2996 380
2989 363
2984 346
2986 329
2991 319
3001 314
3016 317
3033 324
3055 334
3074 348
3091 365
3103 380
3108 397
3108 414
3106 429
3098 443
3091 453
3079 451
3059 446
3042 441
3030 434
3030 429
3035 426
3042 426
3055 426
3067 426
3084 426
3101 431
3120 436
3142 446
3159 458
3174 470
3184 478
3181 475
3181 470
3179 460
3172 446
3164 429
3155 409
3150 390
3155 370
3157 353
3162 339
3169 331
3179 334
3196 341
3211 351
3228 368
3242 387
3255 407
3262 426
3267 443
3269 458
3272 463
3269 458
3267 451
3267 439
3262 421
3257 400
3255 380
3257 361
3264 343
3272 339
3281 341
3296 348
3313 361
3333 373
3347 387
3362 409
3369 434
3374 456
3374 475
3374 482
3374 480
3376 475
3379 470
3386 465
3396 460
3408 456
3423 456
3435 460
3452 463
3472 468
3491 473
3511 480
3523 487
3530 495
3537 497
3542 495
3547 490
3545 485
3545 473
3542 460
3542 443
3540 421
3535 402
3528 380
3513 363
3498 348
3493 339
3489 336
3491 339
3493 343
3498 351
3508 361
3520 375
3535 390
3547 404
3557 424
3569 446
3581 465
3596 482
3611 492
3620 492
3625 487
3623 478
3620 463
3615 448
3606 429
3596 412
3589 392
3584 373
3586 356
3593 343
3606 334
3620 334
3640 339
3664 346
3689 356
.PEN_UP
.PEN_DOWN
3823 326
3828 324
3832 324
3842 324
3845 329
3859 351
3867 358
3879 370
3896 385
3913 407
3932 429
3949 456
3969 487
3986 519
4003 553
4015 585
4025 612
4027 634
4025 651
4020 663
4015 665
4008 660
4001 653
3996 643
3986 629
3976 612
3964 585
3954 553
3945 521
3937 480
3927 441
3913 400
3891 356
3869 314
3845 278
3828 241
3813 207
3803 178
3796 151
3793 134
3796 131
3803 136
3813 148
3825 161
3840 183
3852 209
3862 243
3869 273
3874 302
3876 326
3874 341
3871 348
3867 346
3867 341
3869 336
3871 336
3876 339
3881 339
3888 341
3898 341
3910 343
3923 346
3937 353
3952 363
3969 375
3988 387
4006 400
4020 409
4032 419
4042 426
4040 434
4035 439
4035 436
4037 436
4042 434
4049 434
4062 436
4076 439
4093 441
4105 443
4118 441
4125 439
4127 431
4125 424
4118 414
4110 404
4098 392
4086 382
4076 373
4071 361
4066 348
4069 336
4074 326
4079 322
4088 324
4103 331
4118 341
4135 356
4149 370
4162 385
4174 400
4186 409
4201 421
4213 431
4227 441
4240 451
4249 451
4254 446
4254 441
4249 436
4244 429
4235 419
4225 409
4210 397
4198 385
4191 370
4186 358
4188 351
4196 348
4205 351
4220 356
4240 365
4259 378
4274 392
4288 407
4296 424
4298 439
4296 456
4291 468
4283 475
4271 478
4259 475
4247 468
4237 460
4232 448
4232 439
4237 431
4247 426
4259 426
4279 431
4298 439
4318 448
4337 460
4352 470
4364 478
4379 480
4391 480
4400 478
4405 473
4405 463
4403 451
4400 436
4400 419
4398 404
4393 387
4386 370
4371 358
4359 346
4349 341
4344 341
4347 346
4352 351
4361 361
4374 375
4391 392
4413 414
4435 436
4461 460
4486 480
4500 487
4505 482
4503 473
4498 463
4491 448
4481 431
4469 412
4457 390
4447 370
4437 353
4432 339
4432 329
4437 326
4442 331
4449 341
4454 353
4461 368
4471 387
4483 407
4496 429
4510 451
4525 470
4537 482
4547 482
4554 475
4561 468
4561 458
4559 446
4554 431
4547 412
4537 390
4525 370
4518 353
4520 341
4527 331
4539 326
4559 329
4583 331
4610 341
.PEN_UP
.PEN_DOWN
4842 446
4835 446
4827 451
4817 456
4810 456
4795 443
4791 436
4783 426
4774 417
4756 404
4739 390
4722 370
4713 351
4713 331
4720 317
4735 309
4752 309
4771 314
4791 322
4808 334
4820 348
4832 368
4847 390
4861 412
4876 434
4886 451
4888 463
4883 463
4878 456
4871 443
4866 424
4859 404
4856 382
4856 363
4856 346
4861 334
4871 329
4886 336
4908 341
4932 348
4956 361
4981 375
.PEN_UP
.PEN_DOWN
5098 334
5098 329
5091 326
5086 326
5086 322
5105 331
5110 339
5115 348
5125 361
5139 375
5154 390
5176 409
5198 431
5217 451
5237 468
5249 473
5256 470
5259 463
5256 456
5251 441
5242 417
5227 390
5217 363
5212 341
5215 329
5225 322
5234 319
5247 319
5259 322
5271 326
5283 336
5295 348
5310 368
5325 387
5342 412
5356 436
5366 458
5368 478
5366 480
5366 475
5361 465
5354 451
5344 431
5337 407
5332 378
5327 351
5322 322
5310 292
5293 261
5273 226
5254 192
5242 165
5234 141
5225 122
5215 105
5200 95
5186 97
5183 102
5188 117
5195 136
5200 158
5203 185
5208 204
5212 219
5227 234
5247 248
5271 265
5295 285
5317 302
5339 317
5359 326
5381 334
5405 341
5434 351
5459 361
5478 370
5490 382
5503 395
5515 412
5532 429
5542 446
5542 465
5537 478
5529 487
5520 485
5505 480
5483 468
5461 453
5444 439
5434 421
5427 402
5422 382
5422 361
5427 343
5439 336
5459 339
5481 341
5505 348
5525 361
5542 375
5566 395
5593 414
5620 434
5642 448
5659 458
5671 463
5678 460
5678 458
5673 456
5666 453
5654 451
5639 446
5622 439
5605 434
5590 424
5578 412
5566 400
5551 380
5539 361
5539 346
5549 336
5566 334
5583 336
5603 339
5617 346
5627 361
5637 378
5644 400
5656 421
5668 439
5671 453
5666 460
5659 460
5651 458
5644 451
5642 441
5639 426
5642 402
5642 380
5642 358
5642 339
5649 329
5661 329
5678 334
5698 343
5717 358
5734 375
5744 395
5751 417
5754 436
5759 453
5763 465
5766 468
5766 468
5771 468
5768 468
5768 465
5771 463
5778 460
5790 460
5807 460
5824 458
5837 456
5837 451
5832 443
5827 431
5822 414
5817 400
5807 380
5798 363
5793 351
5795 341
5802 336
5815 336
5832 339
5851 343
5876 351
5900 358
5922 370
5939 382
.PEN_UP
.PEN_DOWN
6188 446
6180 441
6171 439
6166 439
6161 439
6134 436
6127 434
6117 429
6105 424
6090 412
6076 397
6063 378
6056 358
6054 341
6058 326
6066 317
6078 309
6090 312
6105 314
6117 319
6132 329
6146 343
6161 363
6171 385
6178 404
6183 424
6185 436
6183 436
6178 429
6176 421
6173 412
6168 395
6163 375
6161 356
6156 339
6158 326
6163 319
6173 319
6185 324
6202 334
6222 346
6236 361
6254 378
6271 397
6288 417
6307 436
6327 451
6344 458
6361 460
6373 458
6383 453
6390 446
6388 441
6383 441
6378 443
6371 443
6358 443
6344 441
6329 434
6315 426
6305 417
6293 402
6280 385
6266 368
6251 351
6246 336
6251 326
6258 319
6271 317
6285 317
6307 322
6327 329
6349 341
6366 356
6378 375
6388 395
6390 414
6390 431
6385 441
6380 439
6378 434
6378 426
6375 414
6371 397
6363 373
6354 346
6341 319
6334 292
6324 265
6319 239
6312 212
6305 187
6295 163
6280 144
6261 124
6241 107
6217 100
6200 102
6190 107
6195 114
6202 131
6215 151
6232 175
6254 200
6278 224
6305 246
6334 273
6363 302
6395 331
6427 361
6456 390
6483 417
6507 439
6524 448
6529 448
6524 443
6512 436
6497 429
6480 419
6463 404
6451 387
6441 368
6434 346
6434 326
6436 312
6446 302
6463 302
6483 304
6507 312
6529 322
6544 336
6556 358
6563 385
6566 409
6566 434
6561 451
6553 465
6539 473
6517 475
6495 473
6478 468
6471 460
6478 456
6488 451
6502 446
6524 446
6549 448
6573 451
6600 456
6627 460
6651 468
6673 478
6683 485
6685 485
.PEN_UP
.PEN_DOWN
6644 353
6649 353
6653 353
6658 353
6653 353
6653 339
6653 331
6649 324
6641 312
6631 295
6622 278
6610 256
6600 234
.PEN_UP
.PEN_DOWN
6800 288
6805 288
6810 288
6812 293
6812 300
6832 312
6841 315
6846 324
6851 339
6856 361
6866 383
6875 407
6890 427
6902 446
6910 463
6912 476
6912 483
6912 480
6910 473
6912 466
6912 456
6915 446
6915 434
6910 422
6905 410
6897 393
6888 368
6885 344
6883 320
6883 302
6890 295
6900 298
6915 300
6929 307
6946 317
6958 329
6968 346
6978 368
6988 390
6997 410
7005 427
7010 434
7012 432
7010 427
7010 417
7002 407
6995 388
6988 361
6983 334
6985 307
6988 285
6993 278
7000 276
7007 281
7022 288
7036 300
7053 317
7071 339
7080 361
7090 385
7095 405
7100 424
7105 439
7107 446
7110 449
7114 446
7117 444
7124 439
7134 434
7146 432
7163 432
7183 434
7202 437
7222 446
7244 459
7266 476
7285 495
7300 519
7307 544
7309 573
7312 600
7317 622
7324 644
7327 658
7322 666
7319 661
7317 654
7314 644
7309 629
7300 605
7288 571
7268 529
7249 485
7229 439
7212 395
7202 356
7192 320
7185 293
7183 271
7185 263
7190 266
7195 273
7200 285
7205 302
7212 324
7227 349
7246 373
7266 398
7288 417
7302 427
7312 422
7319 415
7319 405
7317 393
7312 380
7307 363
7302 344
7307 324
7314 307
7324 295
7334 293
7349 295
7366 302
7380 310
7400 322
7419 337
7439 351
7458 368
7473 385
7480 402
7480 417
7475 427
7466 432
7451 427
7436 419
7424 410
7414 393
7407 371
7402 351
7395 329
7390 310
7390 293
7395 278
7402 271
7414 271
7431 273
7448 283
7466 293
7480 307
7495 324
7509 344
7529 361
7548 378
7570 393
7590 405
7605 405
7612 402
7609 393
7605 383
7600 368
7590 349
7580 329
7568 307
7556 285
7553 276
7558 278
7561 283
7568 293
7578 307
7590 324
7607 346
7626 368
7644 390
7661 407
7665 410
7663 400
7658 385
7653 368
7651 346
7648 324
7648 307
7653 298
7663 290
7678 293
7702 298
7731 305
7765 317
7795 334
.PEN_UP
.PEN_DOWN
8021 412
8021 417
8021 422
8017 424
8009 424
7992 419
7985 415
7975 410
7963 400
7948 385
7936 366
7924 344
7917 322
7917 305
7924 293
7934 295
7951 302
7970 310
7990 322
8012 337
8029 354
8043 373
8056 393
8063 412
8068 429
8065 437
8058 432
8048 422
8039 405
8031 385
8026 361
8029 339
8031 324
8039 312
8048 310
8063 312
8082 312
8104 312
8124 317
.PEN_UP
.PEN_DOWN
8385 395
8380 398
8375 402
8370 407
8365 412
8338 412
8329 410
8316 402
8304 393
8292 376
8282 356
8273 337
8268 317
8270 302
8275 290
8285 288
8299 293
8319 302
8341 315
8365 329
8385 346
8397 366
8402 383
8404 400
8404 415
8402 422
8395 417
8390 412
8385 405
8382 393
8382 378
8380 354
8375 324
8370 290
8360 256
8351 222
8341 185
8329 154
8316 127
8302 103
8290 83
8275 73
8265 68
8256 71
8248 81
8251 95
8253 115
8263 142
8275 171
8295 200
8316 229
8346 256
8380 283
8412 307
8443 334
8473 359
8499 378
8526 398
8546 407
8553 415
8551 417
8543 415
8536 412
8529 407
8516 400
8499 393
8485 380
8470 368
8458 351
8448 332
8441 315
8443 300
8448 290
8458 288
8470 290
8482 298
8499 307
8514 324
8529 341
8541 359
8548 376
8553 393
8553 402
8551 400
8548 393
8541 380
8533 368
8529 351
8526 334
8529 317
8533 305
8541 295
8553 295
8568 298
8582 302
8597 307
8614 320
8626 334
8638 349
8648 368
8655 383
8663 400
8665 412
8668 419
8670 417
8670 412
8668 407
8665 398
8660 388
8655 376
8648 361
8643 344
8638 324
8638 305
8638 288
8643 281
8653 283
8665 290
8682 300
8702 315
8719 332
8738 351
8755 371
8772 393
8787 412
8802 424
8811 424
8819 419
8824 412
8824 402
8824 390
8819 376
8811 361
8804 346
8797 332
8789 317
8787 302
8780 288
8775 278
8772 273
8775 278
8777 285
8785 295
8792 310
8804 329
8819 351
8833 373
8848 395
8860 412
8872 422
8885 417
8889 410
8887 398
8885 380
8877 363
8872 344
8868 324
8865 310
8868 295
8872 283
8882 276
8897 273
8911 273
8931 276
8948 283
8967 298
.PEN_UP
.PEN_DOWN
8687 580
8687 576
8687 571
8685 566
.PEN_UP
.PEN_DOWN
9053 251
9058 249
9063 246
9067 246
9072 246
9089 268
9099 278
9111 293
9124 310
9143 334
9163 363
9182 395
9204 427
9224 459
9238 493
9248 522
9258 546
9260 568
9260 578
9255 576
9250 571
9241 561
9231 546
9219 527
9206 498
9192 461
9175 419
9158 376
9138 329
9121 285
9104 246
9092 212
9085 183
9077 154
9072 129
9075 122
9080 127
9085 134
9094 149
9106 168
9121 193
9133 222
9145 251
9153 273
9158 290
9155 302
9150 307
9145 310
9143 307
9148 307
9155 310
9167 310
9182 312
9202 317
9219 322
9238 332
9255 344
9270 361
9280 378
9287 393
9289 402
9287 398
9284 393
9287 390
9289 388
9297 393
9306 398
9321 405
9336 407
9348 412
9358 410
9365 405
9365 398
9362 388
9360 376
9355 363
9348 351
9341 339
9336 329
9331 317
9326 307
9326 295
9328 290
9336 290
9348 298
9365 307
9392 322
9419 339
9443 356
9470 378
9492 398
9504 410
9506 415
9504 412
9497 405
9489 398
9480 385
9467 371
9455 354
9443 337
9433 320
9436 307
9441 302
9448 305
9462 310
9480 317
9499 324
9519 334
9531 349
9538 361
9543 376
9543 388
9543 400
9543 412
9538 422
9528 427
9516 424
9501 419
9487 410
9480 398
9482 390
9489 383
9501 383
9516 388
9536 395
9558 405
9579 415
9599 427
9616 432
9628 429
9633 422
9631 412
9623 393
9614 371
9601 346
9589 324
9582 307
9584 302
9589 307
9597 317
9606 327
9616 341
9628 359
9643 373
9658 395
9675 417
9694 439
9714 459
9731 468
9743 463
9743 456
9736 441
9728 424
9716 400
9704 371
9692 346
9682 324
9682 317
9689 322
9697 332
9709 344
9721 356
9736 373
9750 393
9765 412
9779 432
9794 449
9806 456
9809 454
9804 446
9796 434
9787 417
9777 395
9765 373
9757 351
9757 332
9762 320
9772 310
9792 310
9818 315
9848 320
9877 329
9899 339
9921 354
.PEN_UP
.PEN_DOWN
9994 256
9999 261
10004 263
10009 263
10016 268
10040 302
10050 317
10065 334
10079 361
10101 395
10123 429
10145 463
10165 493
10182 519
10189 544
10191 563
10187 576
10184 576
10177 568
10172 556
10162 537
10150 510
10138 478
10123 439
10109 400
10096 361
10087 327
10082 300
10087 283
10094 276
10104 281
10118 290
10140 302
10165 320
10189 344
10216 371
10238 402
10260 437
10279 471
10294 505
10306 539
10313 568
10321 595
10323 615
10326 619
10323 615
10321 607
10316 593
10309 576
10299 549
10284 512
10267 468
10252 424
10235 380
10221 344
10211 320
10199 298
10191 281
10189 271
10191 273
10196 281
10204 295
10221 315
10238 341
10260 368
10277 388
10284 393
10287 388
10284 376
10282 363
10277 346
10274 324
10274 307
10279 295
10287 288
10299 285
10316 288
10335 290
10357 300
10379 312
10401 329
10418 346
10430 363
10435 380
10438 398
10440 412
10438 427
10430 434
10421 434
10408 429
10394 419
10382 407
10367 393
10357 376
10348 356
10340 337
10338 315
10340 293
10350 281
10369 276
10394 278
10426 285
10455 295
10479 307
10504 320
.PEN_UP
.PEN_DOWN
10031 459
10040 459
10050 459
10062 461
10077 463
10140 466
10165 466
10191 466
10218 468
10245 468
.PEN_UP
.PEN_DOWN
10618 261
10616 266
10621 266
10625 266
10633 266
10652 285
10657 295
10662 307
10669 322
10674 341
10679 363
10686 385
10691 407
10696 427
10699 437
10699 439
10701 439
10706 441
10711 444
10723 444
10735 444
10752 444
10764 441
10772 439
10772 434
10772 427
10772 417
10772 405
10769 390
10764 378
10757 366
10750 351
10743 339
10740 327
10743 315
10747 302
10755 293
10764 288
10779 288
10791 290
10806 293
10825 302
10847 312
10864 324
10879 339
10886 354
10894 371
10899 383
10908 395
10916 405
10923 412
10921 422
10916 434
10908 441
10901 444
10894 441
10889 437
10886 429
10884 422
10877 410
10867 398
10857 388
10850 376
10845 363
10847 346
10850 329
10857 312
10867 298
10879 290
10891 288
10903 285
10921 288
10942 293
10967 305
10991 324
11008 346
11020 371
11028 393
11035 415
11040 432
11045 444
11047 449
11052 446
11057 441
11064 437
11072 429
11074 419
11074 407
11074 393
11074 378
11077 359
11079 337
11077 317
11072 298
11064 288
11055 281
11040 278
11025 278
11013 278
11001 278
10986 278
10974 278
10960 278
10947 283
10945 285
10950 288
10957 290
10964 290
10977 290
10989 290
11001 290
11016 290
11033 290
11052 293
11072 298
11086 307
11098 322
11111 339
11125 359
11138 376
11155 395
11167 417
11179 439
11186 466
11191 495
11191 522
11191 546
11191 568
11194 585
11196 597
11201 602
11206 600
11211 595
11211 590
11208 585
11203 583
11196 578
11191 571
11186 558
11184 539
11184 512
11184 485
11184 454
11181 427
11177 400
11172 376
11164 354
11162 332
11162 315
11167 300
11174 288
11186 281
11198 281
11211 285
11220 295
11233 310
11242 332
11255 356
11264 380
11269 402
11272 415
11274 419
11274 417
11274 415
11272 415
11274 417
11276 417
11284 417
11296 417
11308 415
11323 415
11335 412
11340 407
11337 402
11335 395
11330 385
11325 373
11323 359
11320 344
11320 329
11320 315
11320 302
11320 293
11328 290
11337 293
11352 295
11369 300
11386 305
11401 312
11415 324
11428 334
11435 349
11440 363
11442 378
11442 395
11442 412
11442 424
11445 434
11450 441
11457 441
11462 437
11459 432
11457 427
11450 419
11445 410
11437 398
11433 385
11428 371
11430 356
11433 339
11435 320
11442 307
11450 298
11457 302
11467 310
11476 320
11489 329
11501 344
11518 356
11535 371
11545 385
11552 398
11554 415
11557 427
11557 441
11562 449
11562 449
11559 444
11557 441
11550 437
11545 432
11540 422
11537 412
11537 398
11537 378
11537 359
11537 339
11537 320
11540 310
11547 302
11559 302
11576 305
11593 310
11613 320
11632 334
11647 351
11659 368
11671 385
11679 402
11686 415
11698 427
11710 432
11725 434
11742 437
11757 434
11764 432
11764 427
11759 424
11754 419
11747 419
11740 422
11730 419
11723 415
11710 407
11696 398
11684 388
11671 376
11664 366
11657 356
11652 344
11650 334
11647 322
11650 312
11654 302
11664 295
11679 290
11701 285
11725 278
11747 278
11769 283
11791 290
11813 300
11835 317
11854 339
11871 363
11884 390
11898 422
11908 454
11915 483
11920 512
11920 537
11923 556
11923 576
11923 593
11927 602
11932 600
11935 597
11932 590
11925 580
11920 568
11913 554
11906 541
11898 527
11893 515
11891 498
11888 478
11888 454
11886 427
11884 398
11879 371
11874 346
11869 324
11869 305
11871 293
11879 285
11891 285
11908 288
11927 295
11947 305
11962 317
11969 332
11974 349
11976 366
11981 380
11986 393
11991 400
11991 398
11986 393
11981 388
11976 380
11976 373
11981 361
11984 346
11988 327
11991 307
11996 288
11998 273
12003 268
12013 271
12023 278
12037 285
12047 295
12057 307
12064 320
12066 337
12066 356
12066 373
12071 385
12076 388
12076 383
12071 373
12069 361
12066 346
12071 329
12076 315
12084 302
12096 298
12108 298
12123 302
12140 310
12154 322
12166 339
12176 356
12184 378
12186 402
12186 427
12191 446
12191 456
12196 456
12196 456
12193 454
12196 454
12196 451
12203 449
12210 446
12230 446
12252 444
12271 444
12281 439
12281 429
12279 417
12274 407
12266 395
12254 385
12240 371
12225 359
12223 341
12230 329
12237 320
12244 312
12259 312
12274 315
12291 320
12310 327
12325 337
12337 351
12347 368
12359 385
12374 402
12381 417
12379 427
12376 434
12379 437
12379 439
12376 439
12374 437
12374 434
12371 427
12369 417
12366 405
12364 390
12364 373
12364 356
12361 337
12364 317
12371 302
12379 295
12391 295
12405 300
12420 307
12440 320
12459 332
12474 346
12486 363
12500 380
12518 402
12537 422
12554 437
12569 441
12581 437
12588 429
12593 422
12596 407
12591 390
12586 368
12581 344
12576 322
12571 300
12564 285
12559 271
12559 268
12564 273
12571 278
12576 290
12586 305
12598 327
12615 349
12635 373
12649 398
12661 415
12671 427
12683 432
12686 429
12681 422
12676 410
12674 393
12669 373
12664 354
12659 337
12654 320
12652 302
12654 285
12654 271
12661 261
12669 259
12681 263
12691 268
12705 281
12720 295
12739 312
12761 332
12781 349
12800 368
12820 380
12839 390
12856 395
12866 393
12869 390
12861 385
12852 378
12839 373
12822 368
12803 361
12786 354
12774 344
12766 332
12759 317
12756 305
12759 293
12766 283
12776 273
12791 271
12810 273
12827 281
12842 290
12854 302
12861 322
12866 341
12871 361
12876 383
12883 402
12888 410
12895 410
12900 405
12903 395
12903 383
12905 361
12908 334
12910 298
12913 254
12910 215
12908 173
12895 132
12876 100
12854 68
12827 44
12800 25
12776 10
12752 0
12732 0
12720 5
12720 15
12727 27
12737 46
12759 71
12791 103
12820 139
12856 178
12895 222
12934 266
12969 310
12998 344
13017 371
13025 385
13025 390
.PEN_UP
.PEN_DOWN
12437 595
12437 590
12442 585
12442 580
12442 573
12415 541
.PEN_UP
.PEN_DOWN
11820 485
11828 485
11835 485
11842 488
11852 488
11915 495
11937 495
11964 498
.PEN_UP
.PEN_DOWN
11011 485
11018 485
11023 490
11033 490
11042 495
11123 512
11152 519
11196 529
11255 541
.PEN_UP
.PEN_DOWN
13261 412
13256 412
13251 412
13242 412
13234 412
13217 398
13210 393
13200 380
13186 368
13169 351
13159 337
13154 322
13159 310
13164 300
13173 293
13190 290
13210 293
13232 300
13249 312
13261 324
13273 341
13278 356
13281 373
13278 390
13276 407
13269 417
13256 419
13242 417
13227 412
13222 405
13225 400
13232 398
13247 398
13266 400
13288 405
13312 415
13339 424
13368 439
13390 456
13412 473
13425 493
13432 512
13439 532
13442 549
13442 566
13439 578
13432 583
13425 580
13415 573
13405 558
13390 537
13373 505
13354 468
13334 427
13315 383
13293 334
13271 283
13251 234
13232 193
13212 159
13203 129
13193 107
13193 95
13195 98
13198 105
13205 122
13215 144
13227 173
13242 205
13254 234
13261 263
13261 285
13259 298
13259 300
13261 298
13269 295
13278 293
13290 293
13310 295
13329 298
13351 305
13381 315
13410 324
13439 334
13468 341
.PEN_UP
.PEN_DOWN
13744 417
13749 417
13749 422
13742 427
13732 427
13703 427
13688 422
13673 415
13656 405
13637 390
13622 376
13607 356
13598 337
13593 320
13598 302
13603 293
13615 285
13634 285
13656 288
13678 298
13700 310
13720 327
13734 349
13749 371
13763 393
13768 410
13768 424
13766 424
13761 419
13754 410
13744 393
13734 373
13727 349
13727 324
13732 307
13739 295
13751 288
13771 285
13795 285
13820 288
.PEN_UP
.PEN_DOWN
13885 225
13890 225
13895 225
13900 227
13905 235
13912 271
13919 283
13926 298
13936 315
13944 335
13948 352
13956 364
13958 371
13963 374
13973 374
13980 374
13992 374
14005 374
14014 371
14022 364
14022 359
14019 349
14017 337
14012 325
14007 308
14002 293
13997 276
13997 261
14002 252
14009 244
14019 242
14034 240
14046 242
14061 247
14075 254
14087 266
14100 281
14112 296
14122 308
14129 320
14134 332
14139 344
14139 357
14136 361
14131 361
14124 359
14117 357
14107 352
14097 342
14092 327
14085 313
14080 296
14080 281
14085 266
14092 259
14102 252
14114 252
14129 254
14148 261
14170 274
14190 288
14209 310
14229 337
14243 366
14256 398
14270 427
14280 461
14290 491
14300 517
14307 539
14312 556
14309 564
14304 561
14300 556
14297 547
14292 532
14285 510
14280 481
14268 449
14256 413
14246 376
14234 342
14226 313
14224 291
14226 271
14231 259
14241 249
14251 249
14268 254
14285 261
14302 271
14317 286
14329 303
14336 322
14339 340
14343 359
14346 376
14348 386
14351 391
14351 388
14351 383
14348 374
14346 364
14343 352
14339 335
14331 318
14329 296
14324 274
14324 257
14324 244
14331 240
14343 240
14363 247
14380 254
14397 266
14409 283
14419 305
14429 325
14436 344
14439 361
14443 374
14446 379
14453 379
14460 379
14470 379
14480 379
14487 376
14490 371
14487 364
14487 354
14482 344
14480 335
14478 320
14473 308
14468 293
14460 281
14460 271
14463 264
14470 259
14480 259
14495 259
14512 259
14529 264
14551 269
14570 279
14585 288
14597 303
14602 318
14607 332
14609 347
14607 359
14604 361
14595 361
14585 354
14575 344
14565 335
14558 320
14551 308
14546 293
14543 279
14541 264
14543 252
14546 242
14556 237
14573 240
14595 244
14616 254
14638 266
14656 281
14673 298
14687 315
14699 332
14712 349
14721 364
14731 376
14741 386
14751 391
14755 388
14763 381
14763 374
14760 364
14758 349
14755 335
14748 320
14738 305
14731 291
14726 276
14724 261
14721 249
14721 249
14721 254
14729 261
14738 274
14753 291
14770 313
14787 337
14804 357
14816 374
14829 383
14838 388
14841 386
14843 383
14846 376
14846 366
14843 354
14841 342
14836 327
14831 315
14824 298
14814 283
14807 266
14804 252
14802 240
14802 237
14807 244
14814 252
14824 266
14838 288
14851 310
14865 332
14880 354
14892 371
14904 383
14914 381
14916 376
14916 369
14914 357
14912 344
14907 330
14902 318
14897 305
14892 293
14894 286
14897 279
14902 271
14912 269
14926 266
14943 266
14965 269
14985 274
15002 281
15019 291
15031 303
15041 318
15051 332
15055 349
15060 364
15060 381
15058 391
15051 396
15041 391
15029 383
15016 371
15007 357
14999 335
14997 315
14997 293
15002 276
15007 264
15016 259
15029 257
15043 257
15058 261
15075 269
15092 281
15111 298
15129 318
15148 340
15165 359
15182 379
15199 398
15214 408
15224 405
15226 400
15228 393
15226 383
15226 371
15224 359
15219 344
15214 330
15204 313
15197 293
15192 276
15192 264
15192 266
15197 274
15207 283
15216 296
15231 315
15246 335
15258 357
15268 376
15280 391
15289 403
15299 405
15304 403
15304 400
15302 393
15299 381
15297 366
15292 352
15287 335
15282 320
15280 305
15277 291
15280 279
15285 269
15292 261
15302 257
15316 259
15326 261
15338 271
15353 283
15370 298
15387 318
15404 344
15421 374
15436 408
15453 442
15465 471
15475 493
15485 517
15489 537
15494 552
15494 559
15492 554
15487 544
15480 532
15470 515
15463 491
15455 461
15448 430
15445 396
15441 364
15441 335
15441 308
15443 283
15445 264
15453 252
15465 247
15480 249
15497 254
15516 261
15541 274
15567 288
15592 303
15614 318
.PEN_UP
.PEN_DOWN
15355 415
15350 415
15360 415
15367 415
15372 415
15411 422
15433 425
15458 427
15485 430
15509 430
15528 430
.PEN_UP
.PEN_DOWN
14448 513
14443 510
14439 508
14439 500
14434 496
14424 481
.PEN_UP
.PEN_DOWN
14212 439
14217 447
14226 457
14236 461
14263 466
14341 476
14380 481
14426 488
.PEN_UP
.PEN_DOWN
15697 210
15702 210
15706 210
15711 210
15719 210
15736 220
15743 230
15755 240
15770 257
15784 274
15799 293
15814 310
15828 332
15843 357
15855 386
15867 413
15875 437
15879 454
15882 459
15884 457
15882 449
15879 442
15875 430
15867 410
15858 383
15848 357
15836 327
15821 298
15811 271
15801 242
15794 210
15789 181
15782 149
15772 123
15762 98
15755 81
15753 74
15753 76
15753 81
15758 93
15765 113
15777 142
15794 181
15814 220
15831 259
15850 293
15867 322
15887 344
15904 357
15916 357
15923 354
15926 347
15926 335
15926 322
15921 308
15916 293
15911 279
15906 269
15897 259
15887 254
15872 252
15858 244
15843 242
15831 237
15821 235
15814 240
15811 244
15814 249
15821 254
15826 257
15836 257
15845 257
15855 257
15870 252
15884 249
15899 247
15916 247
15931 247
15948 254
15965 266
15984 286
16004 308
16023 337
16043 366
16060 398
16072 432
16087 464
16094 496
16101 527
16109 554
16111 574
16109 583
16106 583
16104 581
16099 574
16092 561
16084 544
16070 517
16055 486
16038 454
16026 418
16014 381
16006 349
16001 315
15999 288
16001 271
16004 257
16011 252
16023 257
16038 264
16053 274
16070 286
16084 300
16101 315
16118 330
16133 344
16148 354
16165 359
16182 366
16194 371
16206 371
16206 369
16201 366
16194 364
16187 361
16175 357
16160 349
16145 340
16133 330
16123 318
16116 305
16111 293
16111 281
16114 269
16118 261
16126 259
16138 264
16155 269
16170 279
16179 293
16189 310
16194 330
16201 349
16209 361
16211 366
16211 361
16206 354
16201 342
16196 325
16192 303
16189 283
16189 264
16189 249
16196 242
16206 240
16221 244
16238 249
16253 261
16270 276
16282 293
16296 315
16311 337
16326 357
16338 374
16350 386
16360 396
16367 393
16372 386
16370 376
16367 359
16362 337
16355 313
16345 288
16338 266
16331 249
16328 244
16331 249
16335 259
16343 271
16350 288
16365 313
16379 335
16396 359
16416 379
16435 393
16450 398
16452 393
16448 383
16443 371
16435 354
16428 332
16423 308
16418 288
16421 271
16426 257
16435 249
16452 252
16474 257
16499 266
16526 281
.PEN_UP
.PEN_DOWN
16652 230
16660 235
16667 240
16674 244
16682 252
16701 276
16711 288
16723 308
16743 335
16767 366
16789 398
16811 427
16826 454
16838 478
16850 505
16857 527
16857 542
16855 542
16850 535
16845 522
16838 510
16833 491
16823 464
16811 430
16796 393
16784 357
16774 325
16772 298
16774 276
16782 257
16791 247
16808 244
16826 247
16845 249
16862 257
16877 266
16889 283
16896 300
16896 315
16891 325
16886 335
16879 344
16869 349
16857 354
16843 359
16833 364
16833 366
16835 369
16840 369
16845 366
16850 364
16860 359
16869 357
16884 352
16901 352
16918 354
16938 359
16960 361
16977 366
16989 371
16989 371
16984 369
16979 366
16972 361
16960 354
16945 342
16933 327
16921 310
16911 293
16904 276
16904 259
16908 244
16918 235
16930 227
16945 230
16965 235
16984 244
17004 257
17016 271
17023 288
17025 303
17025 320
17023 340
17018 357
17011 371
17001 383
16986 388
16972 388
16952 388
16940 383
16933 379
16938 371
16947 364
16960 361
16974 361
16991 364
17011 366
17028 371
17047 376
17064 381
17079 386
17091 388
17103 388
17108 388
17103 388
17099 381
17089 374
17079 361
17067 347
17057 327
17047 305
17043 286
17040 264
17040 247
17047 235
17062 230
17082 235
17106 242
17128 257
17150 274
17167 296
17177 318
17179 337
17174 354
17169 369
17160 383
17150 393
17135 400
17121 403
17106 403
17091 403
17079 400
17074 396
17074 386
17077 374
17084 364
17099 354
17118 349
17145 347
17169 349
17194 352
17216 359
17233 371
17250 386
17264 400
17274 415
17277 425
17274 427
17279 425
17281 420
17291 415
17301 408
17308 396
17318 383
17320 364
17323 342
17323 318
17320 296
17313 274
17303 261
17289 257
17269 254
17250 257
17230 259
17213 266
17199 274
17184 274
17179 269
17184 261
17189 257
17201 254
17221 252
17242 249
17269 249
17296 252
17325 257
17352 269
17377 291
17399 315
17418 349
17435 381
17450 413
17464 449
17479 486
17489 520
17496 549
17506 576
17506 591
17506 595
17508 591
17506 586
17501 578
17496 569
17489 554
17481 537
17469 515
17457 491
17445 459
17430 427
17418 396
17411 369
17406 340
17406 315
17413 293
17423 276
17435 269
17457 269
17484 274
17508 283
17528 298
17542 320
17550 344
17547 369
17542 391
17537 405
17530 415
17520 413
17508 405
17498 396
17489 381
17479 359
17472 335
17467 310
17469 288
17479 271
17494 259
17513 257
17537 261
17562 269
17586 283
17611 305
17633 327
17655 349
17674 369
17691 383
17708 393
17723 393
17737 388
17747 381
17750 374
17747 369
17742 369
17730 371
17718 371
17703 371
17689 371
17674 371
17657 366
17635 359
17616 344
17601 327
17591 308
17594 286
17598 269
17608 254
17620 249
17642 252
17664 257
17689 264
17713 276
17730 293
17745 313
17757 337
17767 366
17776 400
17786 435
17796 474
17808 510
17818 542
17825 569
17830 583
17828 581
17823 574
17813 554
17798 525
17781 486
17762 439
17752 396
17745 361
17742 332
17745 308
17752 293
17767 283
17794 283
17823 288
17854 300
17889 315
17913 337
.PEN_UP
.PEN_DOWN
17320 466
17330 466
17340 466
17350 471
17355 474
17391 474
17413 474
17445 474
17481 474
17525 474
.PEN_UP
.PEN_DOWN
18040 281
18047 279
18054 283
18054 288
18059 291
18079 298
18091 303
18110 310
18132 322
18154 335
18171 349
18176 364
18174 379
18169 391
18162 398
18152 400
18140 400
18128 400
18113 396
18101 386
18089 369
18079 347
18074 327
18069 308
18064 296
18057 281
18059 269
18064 257
18074 247
18089 247
18108 254
18128 261
18147 269
18169 279
18193 291
18220 300
18247 315
18271 332
18291 352
18308 374
18323 388
18332 396
18337 398
18337 393
18335 388
18332 381
18323 376
18310 374
18296 374
18284 369
18274 361
18262 354
18247 344
18230 330
18218 313
18208 293
18208 276
18213 264
18223 257
18240 257
18259 264
18279 274
18291 286
18298 298
18303 313
18306 325
18310 340
18313 352
18313 366
18313 379
18310 386
18308 381
18306 374
18303 359
18298 342
18296 322
18293 300
18296 281
18301 264
18308 254
18315 254
18330 259
18349 266
18371 279
18393 291
18408 310
18415 332
18420 357
18423 379
18425 388
18430 391
18430 393
18435 393
18440 393
18449 393
18462 391
18471 391
18484 388
18493 386
18498 381
18493 376
18488 371
18484 366
18479 357
18474 347
18471 332
18466 318
18462 303
18464 291
18466 281
18474 276
18484 271
18493 274
18503 281
18513 291
18525 305
18540 322
18562 344
18579 361
18598 381
18615 396
18627 400
18637 396
18642 391
18642 381
18637 371
18630 361
18625 349
18618 335
18613 320
18608 305
18601 291
18593 279
18588 266
18586 257
18583 249
18586 249
18591 252
18593 259
18598 274
18605 288
18620 308
18637 330
18657 352
18676 374
18688 388
18698 398
18708 396
18713 391
18713 383
18708 379
18701 371
18696 364
18691 352
18691 340
18686 320
18679 300
18671 286
18666 269
18669 259
18674 259
18686 261
18703 264
18722 269
18742 274
18757 283
18764 298
18771 315
18779 335
18791 352
18800 369
18808 386
18813 405
18818 420
18820 425
18825 422
18825 415
18822 403
18815 388
18803 369
18793 349
18783 332
18779 313
18779 296
18779 281
18783 269
18791 261
18800 264
18813 269
18830 279
18847 286
18866 296
18879 308
18888 322
18896 337
18908 354
18922 366
18932 381
18939 396
18947 410
18954 422
18961 430
18971 430
18978 427
18978 422
18974 415
18969 408
18964 398
18961 386
18959 374
18957 357
18952 340
18939 320
18930 303
18922 283
18915 266
18910 259
18913 257
18915 259
18918 266
18920 276
18927 291
18939 308
18957 327
18974 347
18991 366
19000 381
19013 396
19022 405
19030 408
19037 403
19035 396
19030 391
19025 381
19020 369
19013 352
19008 330
19000 308
18993 286
18991 271
18993 261
19000 259
19008 261
19020 266
19039 274
19059 281
19081 293
19103 308
19120 322
19137 340
19149 359
19159 374
19169 386
19183 391
19198 388
19210 386
19217 381
19215 376
19208 374
19200 371
19191 369
19178 369
19161 361
19142 352
19120 337
19100 320
19088 305
19086 288
19086 271
19086 257
19093 249
19103 247
19122 252
19144 257
19164 269
19176 281
19183 298
19186 318
19188 342
19193 366
19193 386
19191 391
19193 388
19195 379
19195 364
19193 344
19186 318
19176 293
19164 271
19154 249
19154 225
19156 196
19156 166
19154 137
19147 110
19135 91
19120 71
19100 57
19083 44
19069 37
19054 35
19042 37
19030 44
19022 54
19025 69
19030 84
19039 98
19054 110
19071 127
19093 144
19120 169
19149 193
19186 220
19227 247
19264 274
19298 298
19320 320
19332 342
19339 361
19342 379
19347 391
19347 398
19344 400
19347 403
19349 403
19349 400
19349 400
19352 396
19356 391
19364 383
19373 374
19388 359
19398 342
19408 325
19408 308
19403 293
19398 276
19388 259
19376 242
19359 227
19337 215
19315 210
19291 213
19271 218
19261 225
19259 235
19259 242
19261 244
19264 242
19269 240
19281 237
19298 235
19322 235
19349 235
19373 235
19393 240
19410 249
19427 264
19449 283
19476 305
19503 330
19530 357
19544 383
19556 405
19561 422
19559 427
19556 427
19554 425
.PEN_UP
.PEN_DOWN
18874 566
18871 559
18866 549
18864 544
18864 537
18871 532
.PEN_UP
.PEN_DOWN
19542 249
19537 249
19542 249
19537 244
19532 242
19554 247
19561 252
19559 254
.PEN_UP
