
.WRITER_ID JimJones
.STYLE PRINTED
.PEN_DOWN
	69	385
	68	384
	68	383
	68	382
	67	381
	67	380
	67	379
	66	378
	66	377
	66	376
	65	376
	65	375
	64	374
	64	373
	63	373
	63	374
	64	375
	65	375
	65	376
	66	376
	66	377
	67	378
	67	379
	68	379
	68	378
	69	378
	69	377
	69	376
	69	375
	69	374
	69	373
	69	372
	68	371
	66	372
	65	372
	64	371
	65	371
.PEN_UP
.PEN_DOWN
	78	377
	78	376
	77	376
	77	375
	76	375
	76	374
	76	373
	76	372
	77	372
	78	373
	79	373
.PEN_UP
.PEN_DOWN
	84	389
	83	387
	83	386
.PEN_UP
.PEN_DOWN
	109	377
	108	377
	107	377
	107	378
	106	379
	105	379
	104	379
	103	379
	102	379
	101	379
	101	378
	100	378
	100	377
	99	377
	99	376
	99	375
	99	374
	99	373
	100	373
	101	373
	102	373
	102	372
	103	372
	104	372
	105	373
	105	374
	106	374
	106	375
	107	375
	107	374
	106	374
	105	373
	104	372
	104	371
	103	370
	102	369
	102	368
	101	367
	100	366
	100	365
	99	365
	98	364
	97	364
	97	363
	96	363
	95	362
	94	362
	94	361
	92	360
	91	360
	90	360
	90	361
	90	362
	90	363
	91	363
	92	364
	93	365
	94	365
	95	366
	96	366
	97	366
	98	366
	99	367
	100	367
	101	367
.PEN_UP
.PEN_DOWN
	138	380
	138	379
	138	378
	137	377
	136	376
	136	375
	135	374
	135	373
	135	372
	134	371
	133	371
	132	371
	132	370
	131	370
	131	369
.PEN_UP
.PEN_DOWN
	142	389
	141	388
	141	387
	141	386
	141	387
.PEN_UP
.PEN_DOWN
	152	380
	151	380
	151	379
	150	378
	150	377
	149	377
	149	376
	148	376
	148	375
	148	374
	147	374
	146	373
	146	372
	146	371
	145	371
	145	370
	144	370
	144	369
	143	369
	143	370
	144	370
	144	371
	145	371
	146	372
	147	373
	148	373
	148	374
	149	374
	149	375
	150	376
	151	376
	151	377
	152	377
	152	376
	152	375
	152	374
	153	374
	153	373
	153	372
	152	372
	152	371
	151	371
	151	370
	151	369
	151	368
	152	368
.PEN_UP
.PEN_DOWN
	166	383
	166	382
	166	381
	165	380
	164	378
	164	377
	163	376
	163	375
	162	374
	162	373
	162	372
	162	371
	161	371
	160	370
.PEN_UP
.PEN_DOWN
	168	376
	167	376
	166	376
	165	376
	165	375
	164	375
	163	375
	163	374
	164	374
	164	373
	165	373
	166	373
	166	372
	166	371
	166	370
	166	369
	166	368
	166	367
	167	367
	168	367
.PEN_UP
.PEN_DOWN
	180	377
	180	376
	179	375
	179	374
	178	373
	178	372
	178	371
	178	370
	178	369
	179	369
	180	369
	181	369
	182	369
	183	369
	184	370
	185	370
	186	370
	187	371
	188	372
	189	373
	190	374
	190	375
	190	374
	189	374
	188	374
	188	373
	187	373
	187	372
.PEN_UP
.PEN_DOWN
	181	366
	180	366
	179	365
	178	365
	178	364
	177	364
	177	363
	176	363
	175	363
	175	362
	174	361
	174	360
	173	359
	173	358
.PEN_UP
.PEN_DOWN
	227	377
	227	378
	226	378
	225	378
	224	378
	223	378
	222	377
	221	377
	220	377
	219	376
	218	376
	217	376
	217	375
	216	375
	216	374
	216	373
	216	372
	217	372
	218	372
	219	372
	220	372
	221	372
	222	373
	223	374
	224	374
	224	375
	225	376
	226	376
	226	377
	227	377
	228	378
	229	379
	229	380
	230	380
	231	381
	232	382
	233	383
	234	384
	235	385
	236	386
	237	386
	238	387
	239	387
	239	388
	238	388
	237	388
	236	388
	235	387
	234	386
	233	386
	233	385
	232	385
	231	384
	230	384
	229	383
	229	382
	228	381
	227	380
	226	379
	226	378
	225	378
	225	377
	225	376
	225	375
	224	374
	224	373
	224	372
	225	372
	226	372
	227	372
	228	372
	229	372
.PEN_UP
.PEN_DOWN
	238	375
	238	374
	239	374
	240	374
	241	374
	242	375
	242	376
	243	376
	243	377
	244	377
	244	378
	244	379
	243	379
	242	379
	241	379
	240	379
	239	379
	239	378
	238	378
	237	378
	237	377
	236	377
	236	376
	235	376
	234	375
	233	375
	233	374
	233	373
	232	373
	232	372
	232	371
	232	370
	233	369
	234	369
	235	368
	236	368
	237	368
	238	368
	239	368
	239	369
	240	369
	241	369
	242	370
.PEN_UP
.PEN_DOWN
	250	378
	250	377
	250	376
	250	375
	249	375
	249	374
	249	373
	248	372
	248	371
	248	370
	248	369
	249	369
	250	369
	251	369
	251	370
	252	370
	252	371
	253	371
	253	372
	253	373
	254	374
	255	374
	255	375
	256	376
	257	376
	257	377
	257	378
.PEN_UP
.PEN_DOWN
	268	378
	268	379
	268	378
	267	377
	267	376
	266	375
	266	374
	266	373
	265	373
	265	372
	265	371
	264	370
	264	369
	265	369
	266	369
	267	369
	268	369
	269	369
	270	369
.PEN_UP
.PEN_DOWN
	272	392
	272	391
	271	390
	271	391
	271	392
	271	391
	270	391
.PEN_UP
.PEN_DOWN
	287	384
	287	383
	286	382
	285	381
	284	380
	284	379
	283	378
	283	377
	282	377
	282	376
	282	375
	281	375
	280	374
	279	373
	278	373
	278	372
	278	371
	278	370
	279	370
	280	371
	281	371
	282	371
	283	371
	283	370
	284	370
	284	369
	283	369
	284	369
.PEN_UP
.PEN_DOWN
	305	377
	305	378
	305	379
	304	379
	303	379
	302	379
	301	379
	300	379
	299	379
	299	378
	298	378
	297	378
	297	377
	296	377
	296	376
	296	375
	296	374
	297	374
	297	373
	298	373
	298	372
	299	372
	299	371
	299	370
	299	369
	299	368
	298	368
	297	368
	296	368
	295	368
	294	368
	293	368
	293	369
	292	369
	292	370
.PEN_UP
.PEN_DOWN
	339	378
	339	377
	338	377
	338	376
	337	375
	337	374
	336	374
	336	373
	336	372
	336	371
	336	370
	337	370
	338	370
	339	370
	340	370
	340	371
	341	371
	341	372
	342	372
	343	372
	343	373
	344	373
	344	374
	345	374
	345	375
	346	375
	346	376
	346	377
	346	378
	347	378
	347	377
	347	376
	346	376
	346	375
	345	375
	345	374
	345	373
	344	372
	344	371
	344	370
	345	370
	346	369
	347	369
	348	369
	348	370
	349	370
	350	371
	351	372
	352	373
	353	373
.PEN_UP
.PEN_DOWN
	373	375
	372	375
	371	375
	370	375
	369	375
	368	375
	367	375
	367	374
	366	374
	366	373
	365	373
	365	372
	365	371
	365	370
	365	369
	366	369
	367	369
	368	369
	368	370
	369	370
	370	370
	370	371
	371	371
	372	372
	372	373
	372	374
	373	374
	374	375
	373	374
	372	373
	371	372
	371	371
	370	371
	370	370
	371	370
	371	369
	372	369
	372	368
	373	368
	374	368
	375	368
.PEN_UP
.PEN_DOWN
	387	379
	386	379
	387	379
	387	378
	387	377
	387	376
	387	375
	388	375
	388	374
	389	374
	389	373
	389	372
	389	371
	390	371
	390	370
	391	370
	391	369
	392	369
	393	369
	394	369
	395	369
.PEN_UP
.PEN_DOWN
	390	376
	389	375
	388	373
	387	372
	386	372
	386	371
	385	370
	385	369
	384	369
	384	368
	383	368
	384	368
.PEN_UP
.PEN_DOWN
	427	383
	427	382
	426	381
	426	380
	426	379
	425	379
	424	378
	423	377
	423	376
	422	375
	422	374
	421	373
	421	372
	420	371
	419	370
	419	371
	420	371
	421	371
	421	372
	422	373
	422	374
	423	375
	424	376
	425	376
	425	377
	426	377
	426	378
	427	378
	427	379
	428	379
	428	378
	429	378
	429	377
	429	376
	429	375
	430	375
	430	374
	429	374
	429	373
	429	372
	428	372
	428	371
	427	371
	427	370
	427	371
	428	372
	429	373
	430	374
	431	375
	432	375
	433	376
	434	377
	434	378
	435	378
	435	379
	436	379
	436	378
	436	377
	436	376
	436	375
	436	374
	435	373
	435	372
	434	372
	434	371
	433	371
	433	372
	433	371
	434	371
	434	372
	435	373
	436	373
	436	374
	437	374
	437	375
	438	376
	439	376
	440	376
	441	377
	441	376
	441	375
	441	374
	441	373
	441	372
	440	372
	440	371
	440	370
	441	370
	442	370
.PEN_UP
.PEN_DOWN
	453	375
	454	375
	455	375
	456	375
	457	375
	458	375
	459	376
	459	377
	460	377
	460	378
	460	379
	460	380
	459	380
	458	380
	457	380
	456	380
	455	380
	454	379
	453	379
	452	379
	452	378
	451	378
	450	377
	449	376
	449	375
	449	374
	449	373
	449	372
	449	371
	450	371
	451	371
	451	370
	452	370
	453	370
	454	370
	455	370
	456	370
	457	370
	458	370
	459	370
	459	371
	460	371
.PEN_UP
.PEN_DOWN
	470	377
	470	376
	469	376
	469	375
	469	374
	468	374
	467	374
	467	373
	466	372
	466	371
	466	370
	465	370
	466	371
	467	372
	468	373
	469	374
	469	375
	470	375
	471	375
	471	376
	472	376
	473	375
	474	375
	474	374
	475	374
	475	373
	475	372
.PEN_UP
.PEN_DOWN
	494	378
	492	378
	491	378
	490	378
	489	378
	488	378
	487	377
	486	377
	486	376
	485	376
	485	375
	484	375
	483	375
	483	374
	482	373
	482	372
	482	371
	483	371
	484	370
	485	370
	486	370
	487	370
	488	370
	489	370
	490	370
	491	370
	491	371
	492	371
.PEN_UP
.PEN_DOWN
	505	379
	503	378
	503	377
	502	377
	501	377
	501	376
	501	375
	500	374
	500	373
	499	373
	499	372
	499	371
	499	370
	499	369
	500	368
	501	368
	502	369
	503	369
	504	369
.PEN_UP
.PEN_DOWN
	508	388
	507	388
	507	387
	507	386
	507	387
	507	388
	507	387
.PEN_UP
.PEN_DOWN
	525	384
	524	384
	523	384
	522	384
	521	384
	520	384
	520	383
	519	383
	519	382
	518	382
	518	381
	518	380
	518	379
	518	378
	518	377
	518	376
	518	375
	518	374
	518	373
	518	372
	518	371
	517	371
	517	370
	516	370
	515	369
	514	369
	513	369
.PEN_UP
.PEN_DOWN
	513	377
	514	377
	515	377
	516	377
	517	377
	518	377
	519	377
	520	377
	521	377
	522	377
.PEN_UP
.PEN_DOWN
	534	380
	533	379
	532	379
	532	378
	531	377
	531	376
	530	376
	530	375
	529	374
	529	373
	529	372
	530	372
	531	372
	532	372
	533	372
	534	372
	535	372
	536	373
	537	374
	538	375
	538	376
	539	376
	539	377
	539	378
	538	378
	538	377
	538	376
	537	375
	537	374
	537	373
	536	372
	536	371
	536	370
	536	371
	537	371
	539	371
	540	371
	541	371
	542	371
	543	371
.PEN_UP
.PEN_DOWN
	559	381
	558	380
	557	379
	557	378
	556	378
	556	377
	555	376
	554	375
	553	374
	552	374
	552	373
	551	372
	551	371
	552	371
	553	371
	553	372
	553	371
	554	371
	555	371
	556	371
	556	370
	557	370
	558	370
	559	370
.PEN_UP
