
.WRITER_ID JimJones
.STYLE PRINTED
.PEN_DOWN
	72	380
	72	381
	72	382
	73	382
	74	382
	74	383
	75	383
	76	383
	77	383
	77	382
	78	382
	78	381
	78	380
	78	379
	78	378
	77	377
	77	376
	76	375
	76	374
	75	374
	75	373
	74	373
	74	372
	73	372
	72	372
	71	372
	70	372
	69	371
	69	370
	68	370
	67	370
	67	371
	68	371
	69	372
	70	372
	71	372
	72	372
	73	372
	74	372
	75	372
	75	371
	76	371
	77	371
	77	370
	78	370
	78	369
	79	369
	80	369
	81	369
	81	370
.PEN_UP
.PEN_DOWN
	82	382
	81	382
	82	383
	83	383
	83	384
	84	384
	85	385
	86	385
	86	386
	86	387
	87	387
	87	386
	87	385
	87	384
	87	383
	86	383
	86	382
	86	381
.PEN_UP
.PEN_DOWN
	97	382
	96	382
	95	381
	94	381
	94	380
	93	380
	92	379
	91	378
	90	377
	89	376
	89	375
	89	374
	89	373
	89	372
	89	371
	89	370
	90	370
	91	370
	92	369
	93	369
	94	369
	95	369
	96	369
	96	370
	97	370
	99	371
	99	372
	100	372
	101	373
	102	374
	103	375
	104	375
	104	376
	105	377
	105	378
	104	379
	103	379
	102	379
	101	379
	100	379
	99	379
	98	380
	97	380
	96	380
	95	380
.PEN_UP
.PEN_DOWN
	114	379
	113	379
	113	380
	114	380
	115	380
	116	380
	117	380
	118	380
	119	380
	120	380
	121	380
	121	379
	122	379
	123	379
	124	379
	125	379
	126	379
	127	379
	126	379
.PEN_UP
.PEN_DOWN
	114	373
	115	373
	116	373
	117	373
	118	373
	119	373
	120	373
	121	373
	122	373
	123	373
	124	373
	124	372
.PEN_UP
.PEN_DOWN
	144	383
	144	382
	143	381
	143	379
	142	378
	141	377
	140	376
	139	375
	139	374
	139	373
	139	372
	138	371
	138	370
	137	370
	136	370
.PEN_UP
.PEN_DOWN
	151	379
	151	378
	150	377
	149	376
	148	374
	148	373
	147	373
	147	372
	147	371
	147	370
	148	370
	149	370
	149	369
	150	369
	151	369
	151	370
	152	370
	152	371
	153	371
	153	372
	154	373
	155	373
	155	374
	155	375
	155	377
	155	378
	156	379
	156	380
	156	381
	156	382
	155	382
	154	382
	154	381
	153	381
	153	380
	152	379
	151	379
	151	378
.PEN_UP
.PEN_DOWN
	164	379
	164	380
	165	381
	166	382
	167	382
	167	383
	168	383
	168	384
	169	385
	170	386
	171	387
	172	387
	172	386
	172	385
	172	384
	171	383
	171	382
	171	381
	170	381
	170	380
	170	379
.PEN_UP
.PEN_DOWN
	181	380
	180	379
	179	379
	179	378
	178	377
	178	376
	177	376
	176	375
	175	374
	175	373
	174	372
	174	371
	174	370
	175	369
	176	369
	177	369
	178	369
	180	369
	181	369
	182	369
	183	370
	184	371
	185	371
	186	372
	187	373
	188	375
	189	376
	189	377
	189	378
	189	379
	188	380
	187	380
	186	381
	185	381
	184	381
	183	380
	182	380
	181	380
	180	380
	180	379
	179	379
.PEN_UP
.PEN_DOWN
	200	379
	201	379
	202	379
	203	379
	204	379
	205	379
	206	379
	207	379
	208	379
	209	379
	210	379
	211	379
	212	379
	213	379
	214	378
.PEN_UP
.PEN_DOWN
	201	372
	202	372
	203	372
	204	372
	205	372
	206	372
	207	372
	208	372
	209	372
	210	372
	211	372
	212	372
	213	372
	214	372
.PEN_UP
.PEN_DOWN
	225	383
	226	383
	227	382
	228	381
	229	380
	230	380
	230	379
	231	378
	232	377
	233	376
	233	375
	234	375
	234	374
	235	374
	235	373
	236	373
	236	372
	236	371
	237	371
	237	372
.PEN_UP
.PEN_DOWN
	235	384
	234	382
	234	381
	233	380
	232	379
	231	378
	231	377
	230	377
	229	376
	229	375
	228	375
	228	374
	227	374
	227	373
	226	372
	225	372
	225	371
	224	371
.PEN_UP
.PEN_DOWN
	241	383
	242	383
	242	384
	243	384
	243	385
	244	385
	244	386
	244	387
	245	387
	245	388
	246	388
	246	389
	247	389
	247	388
	246	387
	246	386
	246	385
	246	384
	246	383
	247	383
	248	383
.PEN_UP
.PEN_DOWN
	260	381
	259	381
	258	381
	257	381
	256	380
	255	380
	255	379
	254	378
	253	377
	253	376
	252	375
	252	374
	251	373
	251	372
	251	371
	251	370
	252	370
	253	370
	254	370
	255	370
	256	370
	257	370
	258	370
	259	370
	260	370
	261	371
	262	372
	263	372
	263	373
	264	374
	264	375
	264	376
	264	377
	264	379
	264	380
	263	381
	263	382
	263	383
	262	383
	261	383
	260	383
	259	383
	258	382
	258	381
	258	380
.PEN_UP
.PEN_DOWN
	280	380
	281	381
	282	381
	283	381
	284	381
	285	381
	286	381
	287	381
	288	381
	289	381
	290	381
	291	381
	292	381
	293	381
	294	381
.PEN_UP
.PEN_DOWN
	278	374
	279	374
	279	373
	280	373
	281	373
	282	373
	283	373
	284	373
	285	373
	286	373
	287	373
	288	373
	289	373
	290	373
	291	373
	292	373
.PEN_UP
.PEN_DOWN
	312	388
	311	386
	311	385
	310	384
	310	383
	309	381
	308	380
	308	379
	308	378
	307	377
	307	376
	307	375
	307	374
	307	373
	307	372
	307	371
	307	370
.PEN_UP
