
.WRITER_ID  michele
.STYLE      MIXED

.COMMENT

 ***************************************************************************
 *
 *                          WRITER INFORMATION
 *
 ***************************************************************************

.DATE       02 23 94
.HAND       R
.SKILL      GOOD
.COUNTRY    US
.AGE        46
.SEX        M


.COMMENT
 ****************************************************************************
 *
 *                    DATA
 *
 ****************************************************************************

.COMMENT L:\PAPYRUS\TRACES94\MICHELE\ACKNOWLE.BIN
.COMMENT X-Height=210 
.H_LINE 1200 1410
.PEN_DOWN
0 0
.PEN_UP
.PEN_DOWN
0 0
.PEN_UP
.PEN_DOWN
0 0
.PEN_UP
.PEN_DOWN
0 0
.PEN_UP
.PEN_DOWN
0 0
.PEN_UP
.PEN_DOWN
0 0
.PEN_UP

.COMMENT L:\PAPYRUS\TRACES94\MICHELE\ALARM.BIN
.COMMENT X-Height=210 
.H_LINE 1200 1410
.PEN_DOWN
250 1318
256 1316
262 1310
266 1310
276 1310
288 1318
300 1334
316 1350
330 1372
334 1388
326 1402
302 1408
266 1404
222 1386
174 1360
138 1328
112 1292
100 1258
108 1234
132 1228
162 1234
200 1260
236 1294
264 1330
284 1360
294 1382
294 1386
280 1372
266 1348
252 1318
250 1282
258 1254
280 1238
.PEN_UP
.PEN_DOWN
438 1386
452 1412
462 1426
466 1428
472 1428
486 1426
506 1430
538 1446
570 1468
606 1504
632 1550
646 1594
646 1632
632 1658
606 1662
576 1642
542 1596
514 1534
488 1456
472 1378
464 1310
464 1260
476 1232
496 1230
522 1246
548 1270
570 1296
588 1320
592 1328
590 1320
580 1302
576 1272
578 1244
590 1220
614 1212
648 1214
688 1232
720 1260
744 1296
754 1330
750 1358
734 1376
708 1384
674 1376
644 1364
620 1344
608 1320
610 1296
630 1282
656 1278
686 1282
718 1302
744 1324
766 1352
776 1372
780 1378
776 1372
764 1352
758 1324
752 1294
758 1260
778 1242
812 1240
848 1252
882 1278
906 1310
914 1342
908 1364
904 1376
898 1386
908 1384
930 1384
960 1382
992 1372
1014 1364
1026 1352
1024 1332
1012 1306
1006 1278
1006 1254
1018 1234
1040 1226
1070 1230
1102 1250
1136 1278
1164 1310
1184 1342
1204 1364
1218 1382
1228 1382
1234 1370
1240 1346
1236 1316
1234 1280
1228 1246
1222 1216
1220 1202
1224 1206
1240 1226
1258 1254
1282 1290
1306 1322
1326 1344
1346 1348
1360 1334
1362 1306
1364 1272
1364 1242
1362 1216
1364 1202
1370 1206
1380 1224
1402 1250
1428 1280
1456 1306
1480 1316
1498 1310
1506 1294
1510 1266
1518 1238
1540 1218
1576 1212
1632 1220
1690 1234
1750 1258
1802 1278
.PEN_UP

.COMMENT L:\PAPYRUS\TRACES94\MICHELE\ANXIOUS.BIN
.COMMENT X-Height=210 
.H_LINE 1200 1410
.PEN_DOWN
254 1318
262 1328
268 1336
272 1348
272 1358
268 1364
260 1372
246 1376
226 1374
200 1368
170 1350
140 1330
116 1304
102 1278
100 1254
114 1240
138 1234
164 1246
194 1268
220 1296
236 1324
252 1350
258 1374
256 1376
248 1370
240 1352
230 1334
226 1306
226 1276
234 1252
248 1238
272 1234
296 1246
322 1266
344 1290
362 1316
374 1338
380 1352
384 1362
384 1370
384 1372
384 1372
384 1368
380 1368
384 1362
386 1358
386 1356
388 1352
390 1352
392 1352
392 1352
392 1352
392 1356
392 1358
396 1356
396 1356
400 1350
402 1344
404 1330
404 1310
402 1290
400 1264
398 1240
392 1220
392 1208
392 1202
398 1204
402 1214
414 1232
428 1258
448 1290
466 1320
488 1342
496 1348
504 1342
506 1324
508 1302
514 1278
522 1256
536 1242
556 1238
582 1244
610 1258
636 1278
660 1296
676 1316
.PEN_UP
.PEN_DOWN
664 1286
664 1286
664 1292
670 1304
676 1320
688 1336
706 1356
730 1372
756 1378
780 1378
796 1368
800 1348
792 1322
776 1296
756 1270
738 1252
726 1240
718 1232
722 1232
730 1242
752 1254
784 1272
842 1306
886 1330
922 1346
950 1358
962 1364
960 1368
944 1362
918 1350
886 1332
860 1310
846 1284
848 1258
868 1240
898 1232
934 1238
972 1252
1006 1276
1032 1298
1054 1320
1070 1336
1076 1344
1074 1338
1068 1330
1062 1312
1054 1292
1052 1270
1058 1254
1074 1244
1096 1244
1128 1252
1162 1268
1196 1290
1224 1306
1246 1320
1258 1334
1262 1338
1258 1334
1248 1322
1244 1304
1238 1280
1246 1254
1260 1238
1288 1232
1318 1238
1354 1254
1384 1278
1404 1302
1410 1324
1404 1346
1380 1358
1336 1362
1300 1356
.PEN_UP
.PEN_DOWN
1506 1312
1534 1328
1546 1336
1554 1348
1554 1356
1548 1356
1536 1350
1526 1332
1518 1310
1514 1286
1520 1268
1538 1256
1564 1254
1598 1264
1630 1280
1658 1296
1678 1312
1688 1324
1690 1330
1684 1328
1676 1316
1670 1294
1666 1276
1672 1256
1692 1242
1722 1242
1760 1252
1802 1270
1840 1294
1874 1320
1896 1342
1910 1356
1916 1360
1918 1356
1924 1338
1930 1316
1940 1286
1946 1258
1952 1234
1944 1220
1926 1214
1896 1214
1844 1224
1810 1230
1782 1238
1772 1244
.PEN_UP
.PEN_DOWN
1036 1564
1012 1570
1000 1576
996 1578
992 1576
996 1576
1006 1572
1012 1570
1014 1568
1014 1572
1012 1576
.PEN_UP

.COMMENT L:\PAPYRUS\TRACES94\MICHELE\ANYTHING.BIN
.COMMENT X-Height=210 
.H_LINE 1200 1410
.PEN_DOWN
0 0
.PEN_UP
.PEN_DOWN
0 0
.PEN_UP
.PEN_DOWN
0 0
.PEN_UP

.COMMENT L:\PAPYRUS\TRACES94\MICHELE\BEACH.BIN
.COMMENT X-Height=210 
.H_LINE 1200 1410
.PEN_DOWN
0 0
.PEN_UP
.PEN_DOWN
0 0
.PEN_UP
.PEN_DOWN
0 0
.PEN_UP

.COMMENT L:\PAPYRUS\TRACES94\MICHELE\BIBLE.BIN
.COMMENT X-Height=210 
.H_LINE 1200 1410
.PEN_DOWN
0 0
.PEN_UP
.PEN_DOWN
0 0
.PEN_UP
.PEN_DOWN
0 0
.PEN_UP

.COMMENT L:\PAPYRUS\TRACES94\MICHELE\BIG.BIN
.COMMENT X-Height=210 
.H_LINE 1200 1410
.PEN_DOWN
112 1224
112 1232
110 1232
108 1234
106 1238
106 1240
100 1240
110 1242
126 1250
158 1268
200 1302
252 1348
302 1404
342 1472
370 1532
378 1586
372 1632
358 1658
336 1660
310 1636
282 1592
256 1526
230 1448
210 1346
204 1286
216 1246
240 1232
276 1242
314 1270
346 1304
368 1338
372 1368
360 1384
336 1386
316 1378
302 1370
304 1360
326 1350
358 1348
396 1346
426 1350
450 1356
462 1358
462 1350
454 1336
446 1312
434 1286
428 1258
434 1234
448 1218
.PEN_UP
.PEN_DOWN
608 1344
626 1372
628 1378
640 1394
648 1408
654 1416
656 1422
.PEN_UP
.PEN_DOWN
648 1308
644 1286
646 1272
654 1264
662 1258
680 1258
702 1272
720 1292
732 1310
728 1328
710 1338
676 1342
632 1328
590 1306
554 1278
540 1254
550 1232
578 1224
616 1226
656 1240
694 1256
718 1276
732 1284
734 1278
724 1252
708 1204
688 1134
670 1048
648 960
628 886
604 822
578 782
544 762
512 764
480 780
462 808
458 848
476 898
522 952
584 1006
658 1062
.PEN_UP
.PEN_DOWN
566 1572
556 1582
554 1582
542 1590
530 1592
522 1594
514 1596
516 1598
518 1600
524 1604
.PEN_UP

.COMMENT L:\PAPYRUS\TRACES94\MICHELE\BOY.BIN
.COMMENT X-Height=210 
.H_LINE 1200 1410
.PEN_DOWN
108 1226
102 1220
100 1218
100 1212
102 1208
110 1208
128 1218
162 1244
206 1282
258 1334
310 1390
356 1454
386 1512
402 1560
402 1598
396 1620
380 1618
356 1596
330 1550
304 1482
284 1408
276 1334
278 1276
300 1240
334 1234
372 1256
408 1294
434 1336
444 1374
434 1398
410 1404
386 1398
370 1386
372 1368
392 1352
422 1346
454 1344
484 1342
502 1346
510 1342
506 1328
500 1308
488 1280
480 1246
476 1216
488 1194
512 1186
544 1190
582 1212
616 1242
632 1278
624 1318
596 1338
564 1346
530 1342
514 1328
518 1312
542 1296
578 1290
616 1286
648 1292
674 1298
688 1308
698 1310
698 1308
696 1298
692 1282
694 1266
700 1246
718 1232
746 1230
780 1240
822 1260
856 1284
888 1312
910 1338
922 1358
924 1368
920 1362
914 1348
906 1320
894 1278
878 1216
864 1142
844 1064
826 986
802 916
774 854
738 814
700 794
666 794
636 810
624 838
636 880
680 930
750 982
838 1030
930 1072
1014 1108
1104 1140
1136 1152
1168 1172
.PEN_UP

.COMMENT L:\PAPYRUS\TRACES94\MICHELE\BULB.BIN
.COMMENT X-Height=210 
.H_LINE 1200 1410
.PEN_DOWN
122 1202
114 1206
112 1206
104 1204
100 1204
104 1200
120 1204
150 1224
194 1258
248 1304
304 1362
348 1428
382 1490
396 1538
398 1572
390 1600
382 1612
364 1606
348 1580
322 1538
298 1480
278 1410
260 1342
256 1280
264 1234
286 1208
320 1212
352 1232
388 1268
414 1306
424 1342
422 1370
410 1384
390 1384
372 1374
360 1358
358 1338
368 1318
390 1306
422 1304
462 1312
502 1334
534 1356
558 1372
574 1386
580 1388
572 1382
558 1368
542 1344
526 1312
512 1280
504 1250
514 1224
532 1208
560 1208
596 1226
636 1260
660 1286
676 1310
684 1328
684 1332
676 1322
664 1306
650 1282
638 1252
638 1224
650 1204
678 1194
722 1206
776 1232
832 1276
884 1324
924 1374
956 1420
972 1456
976 1482
972 1498
962 1504
944 1494
924 1476
900 1442
880 1390
864 1332
856 1276
858 1220
878 1182
908 1168
952 1182
1008 1218
1068 1272
1120 1336
1166 1402
1200 1462
1220 1514
1230 1552
1232 1580
1220 1590
1196 1582
1168 1552
1138 1500
1106 1430
1082 1358
1074 1290
1076 1234
1092 1202
1126 1198
1164 1216
1212 1260
1238 1298
1250 1334
1244 1358
1224 1362
1208 1358
1210 1346
1234 1336
1284 1330
1348 1330
1414 1334
1470 1344
1512 1350
.PEN_UP

.COMMENT L:\PAPYRUS\TRACES94\MICHELE\BUTTER.BIN
.COMMENT X-Height=210 
.H_LINE 1200 1410
.PEN_DOWN
0 0
.PEN_UP
.PEN_DOWN
0 0
.PEN_UP
.PEN_DOWN
0 0
.PEN_UP
.PEN_DOWN
0 0
.PEN_UP

.COMMENT L:\PAPYRUS\TRACES94\MICHELE\CAKE.BIN
.COMMENT X-Height=210 
.H_LINE 1200 1410
.PEN_DOWN
0 0
.PEN_UP
.PEN_DOWN
0 0
.PEN_UP

.COMMENT L:\PAPYRUS\TRACES94\MICHELE\CALCULAT.BIN
.COMMENT X-Height=210 
.H_LINE 1200 1410
.PEN_DOWN
192 1350
192 1348
196 1344
200 1342
204 1344
210 1346
218 1350
228 1358
236 1368
238 1378
234 1390
218 1396
196 1390
170 1376
140 1352
118 1322
100 1284
100 1254
118 1232
144 1220
174 1224
214 1240
250 1264
278 1292
300 1316
310 1334
314 1338
308 1332
300 1312
288 1290
280 1260
280 1232
290 1216
316 1208
352 1216
392 1238
430 1264
458 1296
466 1328
456 1348
422 1360
384 1356
348 1344
322 1330
328 1306
354 1296
386 1292
418 1290
438 1284
446 1276
444 1258
446 1240
460 1224
.PEN_UP
.PEN_DOWN
626 1348
622 1370
620 1382
618 1384
618 1388
622 1384
636 1384
660 1384
692 1394
724 1410
756 1436
778 1468
790 1502
790 1530
782 1550
758 1552
730 1538
694 1506
662 1464
640 1408
630 1350
636 1302
.PEN_UP
.PEN_DOWN
818 1322
842 1344
850 1356
856 1362
862 1362
864 1360
868 1358
878 1356
892 1352
908 1356
918 1362
920 1372
910 1376
892 1376
862 1364
826 1348
792 1320
770 1284
760 1252
772 1224
800 1204
842 1200
890 1212
932 1230
966 1258
988 1286
1000 1310
1000 1324
996 1328
984 1322
970 1306
958 1284
948 1258
946 1238
958 1218
984 1208
1018 1208
1058 1220
1098 1238
1130 1260
1154 1280
1168 1298
1168 1306
1164 1304
1152 1286
1142 1264
1138 1238
1142 1208
.PEN_UP
.PEN_DOWN
1300 1318
1310 1346
1310 1368
1310 1374
1310 1374
1322 1374
1352 1374
1386 1376
1426 1388
1464 1412
1492 1440
1508 1472
1516 1504
1508 1526
1490 1538
1462 1530
1426 1504
1388 1462
1352 1402
1324 1342
1310 1286
1310 1242
1324 1218
1352 1216
1390 1230
1426 1258
1458 1286
1480 1310
1492 1324
1492 1322
1488 1304
1480 1278
1482 1250
1492 1226
1518 1216
1554 1214
1596 1228
1636 1254
1666 1286
1680 1320
1676 1348
1650 1364
1612 1370
1572 1362
1536 1346
1516 1322
1510 1298
1528 1280
1554 1270
1588 1270
1628 1282
1660 1302
1686 1320
1702 1334
1706 1346
1700 1344
1688 1332
1670 1306
1660 1282
1664 1258
1686 1244
1722 1234
1768 1240
1818 1258
1866 1286
1908 1320
1940 1356
1966 1394
1990 1428
2012 1462
2026 1490
2038 1514
2048 1534
2054 1552
2058 1564
2062 1566
2058 1560
2054 1544
2042 1514
2030 1474
2014 1424
2000 1372
1988 1328
1986 1290
1996 1260
2014 1250
2048 1250
2088 1260
2132 1282
2170 1308
2196 1336
2202 1358
2196 1370
2176 1370
2156 1352
2140 1328
2140 1294
2160 1266
2202 1244
2264 1232
.PEN_UP
.PEN_DOWN
2118 1428
2070 1430
2058 1434
2018 1438
1990 1440
1970 1446
1966 1446
1986 1448
2036 1450
2106 1452
2196 1454
2292 1460
2376 1464
2440 1466
2476 1468
2496 1472
2500 1472
2498 1472
.PEN_UP

.COMMENT L:\PAPYRUS\TRACES94\MICHELE\CARPENTE.BIN
.COMMENT X-Height=210 
.H_LINE 1200 1410
.PEN_DOWN
218 1338
218 1338
218 1338
218 1338
222 1338
230 1344
240 1352
250 1364
256 1378
254 1396
240 1400
216 1400
184 1388
150 1364
122 1334
104 1296
100 1260
112 1232
138 1212
178 1208
222 1218
264 1242
296 1272
326 1304
334 1328
338 1338
328 1338
316 1328
300 1306
288 1280
278 1252
286 1230
306 1216
338 1214
378 1220
418 1242
448 1270
468 1302
468 1330
450 1348
420 1358
380 1350
342 1332
308 1306
288 1276
.PEN_UP
.PEN_DOWN
408 1260
420 1268
442 1294
452 1316
462 1332
462 1336
456 1330
448 1308
442 1282
434 1252
442 1220
458 1204
488 1198
526 1212
566 1240
594 1276
612 1310
614 1342
602 1364
586 1374
568 1374
564 1370
574 1362
594 1356
620 1350
646 1346
672 1342
694 1336
710 1334
720 1328
724 1318
726 1306
720 1292
710 1272
704 1252
698 1230
700 1214
720 1204
750 1204
786 1218
826 1244
862 1280
888 1318
908 1356
920 1384
926 1402
928 1412
930 1412
926 1404
920 1384
906 1346
882 1268
862 1198
842 1120
824 1048
814 996
810 966
814 964
826 992
848 1048
876 1112
912 1182
946 1250
980 1294
1008 1312
1030 1312
1040 1296
1048 1270
1050 1240
1044 1212
1032 1190
1014 1180
998 1176
982 1180
970 1188
964 1198
964 1206
.PEN_UP
.PEN_DOWN
1088 1254
1100 1254
1110 1254
1112 1254
1118 1256
1128 1256
1148 1258
1168 1266
1194 1280
1220 1296
1240 1318
1248 1338
1246 1356
1232 1364
1206 1364
1176 1350
1148 1324
1128 1292
1124 1254
1148 1212
1178 1192
1218 1190
1260 1204
1298 1234
1330 1268
1352 1302
1366 1324
1376 1338
1386 1342
1388 1332
1390 1310
1390 1284
1388 1260
1386 1234
1388 1218
1398 1214
1414 1224
1436 1242
1460 1264
1480 1284
1490 1296
1494 1296
1492 1286
1490 1270
1492 1250
1504 1230
1530 1226
1570 1230
1620 1252
1674 1286
1726 1336
1770 1396
1802 1452
1826 1502
1836 1542
1842 1556
1840 1546
1830 1516
1816 1472
1800 1412
1780 1352
1764 1306
1752 1270
1748 1254
1744 1254
1742 1272
1740 1298
1736 1328
1728 1352
1724 1374
1728 1390
1750 1398
1788 1400
1836 1404
1894 1410
1944 1412
1982 1414
2002 1416
.PEN_UP
.PEN_DOWN
1920 1338
1908 1324
1894 1306
1892 1290
1896 1282
1912 1278
1934 1282
1964 1294
1996 1310
2022 1330
2038 1348
2042 1360
2032 1368
2014 1368
1988 1356
1962 1334
1940 1306
1934 1276
1940 1246
1964 1228
2002 1220
2048 1230
2090 1254
2122 1284
2144 1318
2156 1346
2158 1368
2156 1376
2154 1378
2160 1376
2166 1370
2180 1364
2200 1362
2224 1360
2246 1360
2266 1358
2284 1356
2292 1350
2296 1338
2290 1320
2276 1304
2264 1284
2258 1266
2262 1250
2290 1240
2338 1234
2394 1234
2452 1240
2504 1246
2538 1254
2562 1258
2574 1260
2586 1266
2596 1266
.PEN_UP

.COMMENT L:\PAPYRUS\TRACES94\MICHELE\CHEESE.BIN
.COMMENT X-Height=210 
.H_LINE 1200 1410
.PEN_DOWN
0 0
.PEN_UP
.PEN_DOWN
0 0
.PEN_UP

.COMMENT L:\PAPYRUS\TRACES94\MICHELE\CHEMIST.BIN
.COMMENT X-Height=210 
.H_LINE 1200 1410
.PEN_DOWN
238 1332
238 1336
238 1336
244 1346
250 1350
260 1352
270 1358
282 1364
290 1376
292 1386
286 1394
274 1402
252 1404
220 1400
180 1386
142 1356
112 1318
100 1280
106 1246
138 1224
186 1224
256 1246
326 1292
392 1348
448 1412
492 1476
510 1532
514 1580
508 1610
494 1626
478 1624
458 1606
440 1564
420 1506
408 1442
400 1376
396 1320
396 1280
396 1256
402 1250
408 1258
422 1280
442 1308
466 1336
488 1360
508 1372
520 1372
524 1358
522 1334
520 1298
518 1266
526 1238
556 1212
590 1208
636 1220
686 1246
726 1280
754 1310
768 1338
762 1358
744 1362
718 1358
690 1342
666 1316
656 1284
660 1254
678 1228
706 1214
740 1208
774 1218
808 1242
836 1272
860 1304
876 1330
888 1350
900 1362
908 1364
916 1358
926 1338
936 1316
936 1286
934 1256
926 1228
916 1208
914 1204
916 1212
928 1234
948 1264
964 1292
984 1318
1002 1334
1018 1336
1028 1324
1036 1306
1042 1280
1044 1252
1044 1226
1044 1208
1044 1204
1052 1212
1062 1232
1084 1260
1118 1304
1140 1324
1160 1338
1174 1338
1176 1328
1176 1306
1178 1282
1182 1258
1188 1242
1212 1232
1242 1232
1278 1242
1318 1258
1354 1282
1380 1306
1396 1322
1406 1336
1408 1346
1404 1344
1396 1334
1386 1320
1378 1302
1372 1282
1372 1260
1380 1242
1392 1230
1410 1224
1438 1226
1470 1234
1504 1252
1538 1276
1570 1304
1592 1330
1610 1356
1622 1374
1632 1388
1640 1398
1644 1400
1648 1396
1654 1382
1660 1362
1668 1336
1678 1306
1682 1276
1680 1252
1672 1234
1656 1228
1640 1228
1618 1234
1604 1242
1594 1252
1600 1260
1616 1268
1642 1276
1680 1282
1726 1298
1780 1324
1838 1358
1888 1396
1930 1436
1962 1472
1984 1498
1996 1512
2000 1514
1998 1504
1988 1478
1978 1440
1962 1394
1948 1342
1942 1294
1940 1256
1948 1234
1972 1228
2008 1238
2046 1254
.PEN_UP
.PEN_DOWN
2092 1384
2066 1390
2058 1396
2032 1398
2012 1404
2000 1408
1994 1410
1994 1410
2000 1410
2018 1412
2050 1414
2096 1420
2152 1424
2216 1428
2272 1436
2320 1442
2354 1446
2374 1450
.PEN_UP
.PEN_DOWN
1384 1492
1386 1492
1388 1492
1392 1490
1394 1490
1396 1490
1406 1492
1406 1492
1406 1492
1408 1492
.PEN_UP

.COMMENT L:\PAPYRUS\TRACES94\MICHELE\CHOP.BIN
.COMMENT X-Height=210 
.H_LINE 1200 1410
.PEN_DOWN
222 1348
228 1350
230 1350
230 1350
234 1348
240 1348
254 1350
272 1356
288 1362
302 1376
306 1390
300 1404
276 1416
246 1420
208 1416
168 1402
132 1378
108 1344
100 1306
112 1270
160 1242
214 1242
280 1266
348 1308
408 1372
452 1440
482 1506
494 1564
490 1604
482 1626
464 1624
448 1606
432 1566
418 1508
408 1440
400 1370
396 1306
398 1254
400 1220
406 1208
412 1220
426 1246
448 1278
470 1308
490 1336
510 1352
524 1350
534 1332
538 1306
542 1276
550 1244
562 1218
578 1208
602 1212
630 1228
658 1252
682 1278
700 1298
710 1310
710 1310
708 1298
704 1278
700 1258
708 1238
726 1224
756 1218
790 1226
828 1244
856 1272
870 1304
866 1330
836 1358
800 1364
764 1364
738 1356
730 1342
.PEN_UP
.PEN_DOWN
1004 1400
1008 1408
1008 1414
1006 1422
1008 1428
1010 1428
1010 1416
1010 1388
1004 1342
992 1278
972 1200
948 1114
922 1036
902 976
882 928
870 904
866 908
874 940
896 996
932 1068
982 1146
1036 1216
1088 1270
1134 1304
1174 1316
1202 1302
1220 1280
1230 1252
1226 1220
1206 1192
1180 1178
1148 1174
1118 1178
1098 1190
1084 1206
1078 1220
1082 1230
.PEN_UP

.COMMENT L:\PAPYRUS\TRACES94\MICHELE\CLEAN.BIN
.COMMENT X-Height=210 
.H_LINE 1200 1410
.PEN_DOWN
214 1344
210 1350
210 1350
208 1350
208 1350
208 1352
208 1352
210 1352
214 1352
222 1356
234 1360
244 1372
248 1384
246 1396
230 1404
206 1402
176 1390
146 1372
120 1346
104 1318
100 1286
106 1264
124 1242
158 1242
210 1256
272 1290
338 1334
400 1388
452 1448
488 1502
508 1544
516 1582
518 1608
510 1626
498 1632
480 1620
454 1594
426 1552
400 1494
378 1430
366 1364
364 1304
374 1258
394 1226
426 1212
464 1220
504 1244
544 1278
576 1316
598 1350
606 1374
598 1390
576 1390
550 1382
528 1360
506 1324
496 1290
502 1254
520 1224
550 1208
588 1208
628 1220
664 1242
694 1268
720 1302
730 1316
728 1316
724 1306
714 1290
706 1266
710 1244
720 1228
744 1224
776 1228
808 1244
834 1270
848 1298
844 1330
824 1350
790 1364
750 1368
714 1356
692 1342
690 1322
704 1306
732 1294
764 1292
792 1298
814 1310
824 1320
830 1328
834 1334
832 1334
828 1324
822 1306
816 1286
814 1260
818 1238
832 1218
854 1208
884 1212
916 1224
950 1246
976 1272
1000 1298
1018 1322
1032 1338
1044 1348
1054 1352
1064 1346
1068 1334
1070 1316
1072 1290
1070 1264
1066 1230
1064 1212
1066 1204
1070 1208
1082 1224
1098 1242
1118 1266
1140 1292
1158 1308
1172 1316
1184 1312
1188 1302
1190 1282
1190 1258
1194 1232
1198 1214
1216 1202
1248 1200
1292 1204
1342 1216
1390 1228
1428 1240
1450 1252
1462 1256
1468 1256
1468 1256
1468 1258
.PEN_UP

.COMMENT L:\PAPYRUS\TRACES94\MICHELE\CLIMB.BIN
.COMMENT X-Height=210 
.H_LINE 1200 1410
.PEN_DOWN
0 0
.PEN_UP
.PEN_DOWN
0 0
.PEN_UP

.COMMENT L:\PAPYRUS\TRACES94\MICHELE\CONFUSE.BIN
.COMMENT X-Height=210 
.H_LINE 1200 1410
.PEN_DOWN
0 0
.PEN_UP

.COMMENT L:\PAPYRUS\TRACES94\MICHELE\CONSCIEN.BIN
.COMMENT X-Height=210 
.H_LINE 1200 1410
.PEN_DOWN
0 0
.PEN_UP
.PEN_DOWN
0 0
.PEN_UP
.PEN_DOWN
0 0
.PEN_UP
.PEN_DOWN
0 0
.PEN_UP

.COMMENT L:\PAPYRUS\TRACES94\MICHELE\COTTAGE.BIN
.COMMENT X-Height=210 
.H_LINE 1200 1410
.PEN_DOWN
192 1336
190 1334
186 1330
186 1330
186 1332
194 1334
198 1338
212 1348
224 1360
236 1372
238 1384
232 1394
216 1394
190 1386
156 1364
126 1336
104 1304
100 1270
110 1244
136 1228
172 1228
216 1240
250 1266
280 1296
296 1322
306 1342
302 1350
298 1346
288 1330
282 1304
282 1278
294 1252
316 1240
352 1240
392 1258
428 1290
452 1324
460 1360
454 1384
428 1394
394 1390
364 1378
348 1358
348 1334
.PEN_UP
.PEN_DOWN
634 1546
662 1596
680 1634
690 1650
682 1644
664 1612
638 1560
602 1468
580 1396
564 1332
564 1292
586 1282
616 1304
658 1348
700 1416
744 1490
778 1558
802 1612
812 1648
816 1656
808 1630
790 1582
768 1518
746 1442
730 1370
720 1312
.PEN_UP
.PEN_DOWN
612 1422
582 1430
558 1440
542 1446
530 1448
534 1448
568 1446
620 1448
686 1450
756 1456
824 1468
874 1478
902 1488
.PEN_UP
.PEN_DOWN
960 1378
966 1368
972 1356
974 1346
980 1344
992 1344
1002 1346
1012 1350
1020 1356
1030 1362
1030 1370
1024 1374
1000 1374
964 1364
920 1350
876 1330
842 1306
822 1282
824 1264
844 1256
874 1258
910 1276
946 1296
974 1320
992 1344
1002 1360
1004 1368
994 1360
982 1346
972 1324
962 1298
962 1270
976 1246
1006 1234
1052 1234
1104 1250
1158 1270
1208 1302
1246 1332
1268 1360
1274 1382
1256 1390
1228 1386
1194 1368
1168 1330
1154 1276
1148 1214
1158 1142
1170 1074
1180 1018
1172 972
1154 944
1124 930
1090 932
1052 954
1040 982
1050 1012
1082 1054
1134 1094
1202 1134
1274 1176
1340 1218
1396 1256
1438 1292
1460 1320
1462 1338
1450 1348
1430 1346
1404 1334
1382 1316
1372 1286
1382 1258
1412 1240
1468 1228
1536 1226
1604 1228
1670 1234
1720 1240
1752 1244
1770 1244
1776 1246
1778 1246
1776 1246
1778 1246
.PEN_UP

.COMMENT L:\PAPYRUS\TRACES94\MICHELE\CROCODIL.BIN
.COMMENT X-Height=210 
.H_LINE 1200 1410
.PEN_DOWN
176 1356
182 1352
182 1350
182 1346
184 1346
182 1350
188 1352
196 1358
202 1364
210 1376
214 1384
212 1390
200 1386
178 1376
146 1346
120 1312
104 1276
100 1242
120 1218
150 1208
188 1216
224 1238
252 1270
266 1304
266 1332
262 1356
250 1368
242 1370
244 1368
260 1368
276 1364
294 1362
312 1358
322 1346
326 1330
322 1306
318 1276
318 1246
320 1224
328 1206
340 1200
364 1206
386 1228
410 1252
432 1278
446 1298
450 1306
448 1298
444 1282
436 1260
436 1238
448 1218
474 1216
510 1224
550 1240
588 1270
612 1302
618 1328
602 1348
574 1358
538 1356
508 1346
.PEN_UP
.PEN_DOWN
758 1352
782 1352
786 1356
800 1356
812 1358
818 1358
828 1360
836 1364
842 1372
842 1378
834 1384
814 1384
786 1376
750 1362
714 1336
688 1306
680 1276
684 1246
712 1230
756 1228
804 1240
852 1264
892 1292
920 1318
934 1336
934 1342
922 1332
908 1312
900 1290
896 1260
908 1238
934 1226
968 1228
1006 1244
1036 1270
1056 1302
1060 1334
1048 1358
1024 1374
994 1376
962 1370
.PEN_UP
.PEN_DOWN
1326 1330
1348 1322
1352 1322
1372 1320
1384 1322
1396 1324
1408 1334
1418 1342
1424 1350
1424 1362
1416 1372
1402 1378
1374 1378
1336 1374
1292 1360
1242 1336
1202 1310
1170 1280
1160 1254
1170 1234
1202 1230
1248 1242
1304 1272
1358 1318
1404 1364
1442 1410
1468 1446
1482 1472
1490 1480
1484 1476
1470 1456
1454 1426
1434 1386
1414 1342
1402 1298
1400 1266
1410 1246
1438 1244
1470 1260
1508 1284
1542 1310
1568 1334
1584 1356
1586 1358
1578 1350
1560 1332
1546 1308
1536 1280
1542 1246
1568 1234
1610 1240
1664 1258
1730 1296
1794 1342
1854 1396
1896 1446
1926 1486
1938 1512
1930 1516
1906 1504
1872 1476
1834 1434
1804 1378
1784 1324
1784 1278
1806 1242
1846 1226
1896 1230
1946 1250
1988 1276
2018 1304
2032 1328
2026 1344
2004 1344
1976 1328
1950 1304
1936 1270
1944 1238
1978 1208
2038 1192
2110 1188
2184 1192
2246 1202
2288 1208
2312 1214
2318 1220
.PEN_UP
.PEN_DOWN
1638 1488
1634 1488
1630 1488
1622 1488
1620 1486
1618 1482
1614 1482
1614 1478
1614 1476
.PEN_UP

.COMMENT L:\PAPYRUS\TRACES94\MICHELE\CUT.BIN
.COMMENT X-Height=210 
.H_LINE 1200 1410
.PEN_DOWN
192 1334
196 1338
200 1338
200 1336
204 1334
210 1336
222 1338
236 1346
248 1352
256 1364
258 1374
248 1384
226 1384
196 1378
164 1362
130 1338
106 1306
100 1272
112 1242
138 1224
180 1218
230 1230
276 1258
320 1292
352 1324
374 1356
386 1374
388 1382
382 1374
374 1360
362 1336
352 1306
342 1270
342 1242
354 1218
374 1204
402 1206
432 1224
464 1246
486 1276
506 1304
516 1330
520 1344
520 1348
518 1350
512 1344
508 1328
500 1304
498 1278
498 1246
506 1224
520 1206
544 1204
576 1218
618 1256
666 1308
726 1394
758 1456
784 1516
798 1560
804 1586
806 1596
804 1582
792 1546
774 1498
760 1434
744 1368
734 1308
738 1264
754 1232
786 1224
830 1230
882 1250
930 1278
.PEN_UP
.PEN_DOWN
756 1398
726 1404
716 1408
696 1412
686 1412
676 1414
674 1420
692 1420
732 1422
796 1428
872 1438
952 1450
1022 1462
1074 1468
1100 1474
1112 1476
1114 1478
.PEN_UP

.COMMENT L:\PAPYRUS\TRACES94\MICHELE\DANCER.BIN
.COMMENT X-Height=210 
.H_LINE 1200 1410
.PEN_DOWN
0 0
.PEN_UP
.PEN_DOWN
0 0
.PEN_UP
.PEN_DOWN
0 0
.PEN_UP

.COMMENT L:\PAPYRUS\TRACES94\MICHELE\DEAD.BIN
.COMMENT X-Height=210 
.H_LINE 1200 1410
.PEN_DOWN
208 1328
212 1332
218 1334
222 1334
230 1336
242 1338
256 1338
270 1344
284 1350
294 1362
298 1372
294 1382
276 1386
254 1386
220 1374
180 1352
144 1328
116 1296
100 1270
100 1250
114 1242
142 1254
182 1282
230 1328
272 1382
308 1434
334 1480
348 1518
352 1538
348 1542
338 1528
322 1502
302 1462
284 1410
272 1356
270 1306
280 1268
306 1244
340 1240
378 1252
416 1278
452 1308
472 1338
484 1368
484 1388
472 1396
452 1390
426 1372
402 1342
388 1302
388 1258
404 1228
432 1208
472 1206
518 1226
570 1258
598 1286
620 1316
628 1330
624 1328
612 1312
600 1292
594 1264
594 1238
608 1218
636 1216
672 1226
706 1246
734 1278
750 1306
744 1332
720 1352
688 1360
652 1360
626 1350
612 1336
616 1318
634 1302
660 1290
688 1282
718 1284
742 1292
760 1298
772 1304
778 1302
772 1292
768 1276
766 1254
770 1230
786 1216
818 1212
858 1218
898 1234
934 1254
960 1272
976 1290
976 1298
968 1294
956 1280
942 1260
934 1238
936 1218
950 1208
978 1212
1008 1226
1042 1254
1068 1296
1070 1328
1054 1346
1024 1356
986 1350
950 1336
928 1316
920 1292
928 1278
952 1272
988 1282
1032 1308
1078 1346
1120 1390
1158 1434
1184 1468
1200 1492
1202 1506
1198 1506
1186 1494
1164 1468
1144 1430
1122 1386
1108 1336
1104 1290
1112 1252
1134 1230
1172 1224
1220 1228
1272 1240
1320 1256
1368 1268
1404 1278
1426 1282
1444 1284
1452 1286
1458 1290
1462 1290
.PEN_UP

.COMMENT L:\PAPYRUS\TRACES94\MICHELE\DEFINITE.BIN
.COMMENT X-Height=210 
.H_LINE 1200 1410
.PEN_DOWN
0 0
.PEN_UP
.PEN_DOWN
0 0
.PEN_UP
.PEN_DOWN
0 0
.PEN_UP
.PEN_DOWN
0 0
.PEN_UP

.COMMENT L:\PAPYRUS\TRACES94\MICHELE\DILATE.BIN
.COMMENT X-Height=210 
.H_LINE 1200 1410
.PEN_DOWN
268 1336
276 1336
280 1336
280 1334
280 1330
282 1332
282 1336
290 1338
294 1342
300 1344
302 1350
300 1358
288 1362
268 1362
240 1356
208 1338
170 1316
136 1284
112 1256
100 1230
100 1206
118 1206
146 1224
186 1256
230 1306
274 1362
308 1422
334 1468
348 1504
354 1526
354 1532
348 1526
338 1506
320 1472
304 1424
286 1370
276 1318
274 1272
286 1242
306 1228
338 1238
372 1260
406 1294
432 1330
450 1362
462 1386
464 1400
460 1396
448 1378
434 1350
420 1312
412 1270
414 1238
436 1214
482 1212
538 1234
606 1278
670 1334
726 1398
764 1460
786 1512
790 1550
784 1570
764 1570
740 1552
712 1514
680 1452
648 1382
630 1310
622 1244
628 1192
666 1164
704 1172
746 1200
786 1240
822 1282
840 1318
854 1346
856 1356
850 1344
836 1322
826 1294
822 1260
824 1232
840 1214
868 1212
906 1220
946 1244
978 1278
998 1312
1000 1346
982 1370
942 1384
896 1378
852 1364
824 1342
818 1320
842 1304
882 1298
928 1302
968 1310
998 1318
1012 1328
1012 1324
1006 1310
998 1292
994 1270
998 1246
1018 1232
1048 1230
1092 1250
1148 1290
1204 1344
1258 1410
1300 1468
1334 1520
1352 1560
1356 1570
1340 1556
1318 1518
1286 1462
1256 1370
1242 1308
1246 1260
1272 1234
1312 1240
1360 1260
1408 1296
1442 1334
1464 1364
1462 1382
1444 1384
1414 1368
1384 1338
1366 1304
1366 1272
1398 1252
1452 1242
1522 1244
1598 1258
1664 1272
1714 1286
1744 1298
.PEN_UP
.PEN_DOWN
1192 1462
1194 1464
1204 1464
1228 1468
1272 1472
1330 1478
1392 1486
1452 1492
1500 1502
1530 1506
.PEN_UP
.PEN_DOWN
484 1566
474 1560
472 1560
470 1556
470 1554
470 1554
472 1542
.PEN_UP

.COMMENT L:\PAPYRUS\TRACES94\MICHELE\EARTH.BIN
.COMMENT X-Height=210 
.H_LINE 1200 1410
.PEN_DOWN
0 0
.PEN_UP
.PEN_DOWN
0 0
.PEN_UP
.PEN_DOWN
0 0
.PEN_UP

.COMMENT L:\PAPYRUS\TRACES94\MICHELE\EIGHTY.BIN
.COMMENT X-Height=210 
.H_LINE 1200 1410
.PEN_DOWN
0 0
.PEN_UP
.PEN_DOWN
0 0
.PEN_UP
.PEN_DOWN
0 0
.PEN_UP
.PEN_DOWN
0 0
.PEN_UP

.COMMENT L:\PAPYRUS\TRACES94\MICHELE\ELSE.BIN
.COMMENT X-Height=210 
.H_LINE 1200 1410
.PEN_DOWN
0 0
.PEN_UP

.COMMENT L:\PAPYRUS\TRACES94\MICHELE\EXCEED.BIN
.COMMENT X-Height=210 
.H_LINE 1200 1410
.PEN_DOWN
0 0
.PEN_UP
.PEN_DOWN
0 0
.PEN_UP

.COMMENT L:\PAPYRUS\TRACES94\MICHELE\FAMILY.BIN
.COMMENT X-Height=210 
.H_LINE 1200 1410
.PEN_DOWN
0 0
.PEN_UP
.PEN_DOWN
0 0
.PEN_UP

.COMMENT L:\PAPYRUS\TRACES94\MICHELE\FAR.BIN
.COMMENT X-Height=210 
.H_LINE 1200 1410
.PEN_DOWN
204 1312
202 1316
202 1310
204 1306
214 1304
236 1310
276 1334
322 1370
370 1422
412 1482
440 1542
450 1594
446 1634
434 1656
420 1652
404 1624
392 1570
380 1490
364 1390
346 1282
330 1176
308 1076
282 994
254 930
218 890
182 868
144 872
110 900
100 938
110 982
144 1032
192 1080
250 1122
308 1160
360 1194
404 1228
434 1256
456 1282
470 1298
478 1310
478 1310
476 1294
472 1272
466 1246
472 1224
486 1206
514 1204
552 1218
590 1250
622 1284
636 1322
630 1352
602 1370
564 1370
524 1358
496 1336
484 1312
490 1292
510 1278
536 1272
564 1278
590 1290
608 1306
620 1320
630 1332
630 1336
626 1332
616 1316
606 1296
596 1268
592 1240
602 1220
626 1212
658 1216
696 1234
732 1266
758 1302
772 1332
774 1362
766 1376
760 1382
764 1382
774 1376
790 1372
810 1370
828 1364
840 1362
850 1358
850 1350
850 1342
842 1324
834 1306
818 1282
808 1258
800 1238
804 1216
822 1206
854 1206
900 1214
944 1226
986 1240
1014 1250
1034 1254
1044 1256
1046 1258
1046 1258
1044 1258
.PEN_UP

.COMMENT L:\PAPYRUS\TRACES94\MICHELE\FLOPPY.BIN
.COMMENT X-Height=210 
.H_LINE 1200 1410
.PEN_DOWN
134 1304
136 1302
148 1298
170 1304
208 1320
256 1350
304 1394
344 1450
372 1506
382 1554
378 1594
370 1618
352 1616
338 1590
326 1538
312 1462
298 1368
286 1260
270 1160
248 1070
228 990
202 932
168 900
140 892
116 908
100 944
100 990
122 1044
164 1096
220 1146
290 1200
364 1256
436 1320
496 1384
546 1446
580 1500
598 1544
606 1572
604 1584
588 1576
568 1546
540 1500
508 1438
476 1344
466 1280
470 1230
494 1202
528 1198
564 1216
596 1246
622 1280
640 1308
650 1324
648 1322
644 1304
638 1276
634 1244
638 1214
656 1194
686 1192
718 1202
752 1228
778 1260
786 1294
776 1322
750 1338
714 1344
684 1336
662 1318
658 1296
672 1280
704 1270
754 1278
808 1298
860 1332
906 1372
936 1408
958 1436
970 1456
972 1468
972 1466
970 1450
960 1416
944 1368
920 1298
888 1218
856 1136
826 1062
804 1006
790 970
788 964
800 990
826 1044
856 1106
900 1192
930 1244
948 1276
960 1284
964 1278
966 1258
972 1238
978 1212
996 1192
1018 1188
1054 1198
1096 1220
1140 1258
1182 1302
1214 1338
1236 1374
1250 1400
1256 1414
1258 1426
1258 1422
1252 1408
1246 1374
1230 1328
1210 1260
1186 1190
1162 1116
1140 1058
1120 1012
1108 986
1104 984
1106 1002
1122 1036
1152 1084
1186 1138
1226 1188
1264 1232
1292 1260
1312 1276
1324 1276
1330 1266
1336 1250
1344 1232
1356 1214
1378 1204
1408 1206
1442 1224
1478 1244
1508 1276
1532 1298
1546 1318
1548 1322
1546 1318
1544 1304
1544 1284
1546 1266
1556 1254
1574 1246
1598 1250
1628 1260
1664 1278
1700 1302
1730 1324
1752 1346
1768 1360
1774 1370
1772 1370
1762 1356
1752 1324
1734 1282
1714 1224
1692 1156
1676 1088
1662 1020
1644 958
1626 908
1600 874
1564 848
1526 840
1492 848
1462 868
1456 902
1472 944
1518 992
1586 1042
1676 1086
1772 1126
1872 1156
1958 1178
2030 1194
2080 1204
2112 1208
2132 1214
.PEN_UP

.COMMENT L:\PAPYRUS\TRACES94\MICHELE\FOGGY.BIN
.COMMENT X-Height=210 
.H_LINE 1200 1410
.PEN_DOWN
148 1290
144 1284
136 1282
136 1278
140 1272
152 1278
196 1302
242 1336
294 1384
340 1440
374 1498
392 1546
392 1584
386 1608
374 1606
362 1582
352 1532
338 1456
326 1364
308 1258
294 1150
278 1046
256 954
228 880
200 824
166 788
134 776
110 786
100 816
112 872
148 940
202 1018
264 1096
328 1166
380 1224
418 1264
438 1290
452 1308
458 1316
458 1308
456 1292
450 1266
450 1238
452 1208
472 1190
502 1190
540 1206
578 1242
608 1282
620 1320
610 1348
582 1364
548 1362
514 1346
.PEN_UP
.PEN_DOWN
798 1308
808 1310
822 1316
840 1322
856 1336
866 1348
858 1358
836 1360
800 1352
758 1338
714 1318
684 1292
672 1270
680 1252
708 1246
746 1254
788 1272
826 1296
854 1322
870 1346
874 1356
866 1348
854 1322
838 1280
816 1220
792 1150
774 1074
750 1002
726 938
700 886
672 846
640 824
610 820
588 832
578 860
582 900
608 950
648 1006
706 1060
.PEN_UP
.PEN_DOWN
1082 1324
1092 1324
1100 1324
1108 1324
1116 1324
1140 1330
1154 1338
1164 1350
1168 1362
1156 1370
1132 1374
1100 1370
1062 1356
1024 1332
996 1306
984 1280
992 1260
1012 1254
1046 1258
1084 1278
1118 1304
1142 1328
1158 1346
1158 1356
1152 1348
1136 1324
1118 1286
1098 1234
1076 1172
1056 1102
1036 1038
1014 982
992 938
966 904
940 886
916 880
894 892
888 912
894 944
922 984
972 1034
1038 1088
1112 1142
1182 1200
1260 1264
1300 1302
1322 1328
1332 1342
1336 1346
1334 1342
1332 1328
1326 1304
1320 1278
1318 1252
1324 1228
1338 1216
1370 1218
1404 1232
1444 1258
1480 1286
1508 1310
1520 1330
1522 1336
1518 1328
1506 1308
1494 1276
1478 1230
1462 1178
1448 1120
1432 1060
1416 1002
1392 952
1362 906
1326 876
1288 854
1254 850
1232 862
1232 894
1258 940
1310 996
1386 1054
1476 1106
1578 1146
1674 1178
1762 1204
.PEN_UP

.COMMENT L:\PAPYRUS\TRACES94\MICHELE\FOOD.BIN
.COMMENT X-Height=210 
.H_LINE 1200 1410
.PEN_DOWN
0 0
.PEN_UP
.PEN_DOWN
0 0
.PEN_UP
.PEN_DOWN
0 0
.PEN_UP

.COMMENT L:\PAPYRUS\TRACES94\MICHELE\FROG.BIN
.COMMENT X-Height=210 
.H_LINE 1200 1410
.PEN_DOWN
0 0
.PEN_UP
.PEN_DOWN
0 0
.PEN_UP

.COMMENT L:\PAPYRUS\TRACES94\MICHELE\GAME.BIN
.COMMENT X-Height=210 
.H_LINE 1200 1410
.PEN_DOWN
0 0
.PEN_UP

.COMMENT L:\PAPYRUS\TRACES94\MICHELE\GO.BIN
.COMMENT X-Height=210 
.H_LINE 1200 1410
.PEN_DOWN
322 1266
318 1266
314 1264
314 1260
318 1258
328 1264
344 1272
362 1284
380 1302
392 1322
400 1346
396 1360
376 1372
346 1372
302 1362
262 1338
228 1306
202 1268
192 1230
200 1200
220 1186
256 1190
294 1216
328 1252
362 1294
384 1334
396 1362
396 1376
388 1370
376 1346
364 1306
348 1250
328 1174
312 1090
294 1002
268 916
236 836
200 772
164 728
130 710
104 720
100 754
114 810
148 882
200 960
258 1034
322 1106
392 1182
432 1228
458 1260
476 1286
484 1304
492 1312
494 1318
496 1312
492 1298
488 1280
482 1256
482 1232
492 1214
516 1204
548 1212
592 1230
632 1260
658 1294
670 1324
660 1344
628 1356
592 1356
550 1348
522 1334
.PEN_UP

.COMMENT L:\PAPYRUS\TRACES94\MICHELE\GOAT.BIN
.COMMENT X-Height=210 
.H_LINE 1200 1410
.PEN_DOWN
0 0
.PEN_UP
.PEN_DOWN
0 0
.PEN_UP
.PEN_DOWN
0 0
.PEN_UP

.COMMENT L:\PAPYRUS\TRACES94\MICHELE\GRANDMOT.BIN
.COMMENT X-Height=210 
.H_LINE 1200 1410
.PEN_DOWN
0 0
.PEN_UP
.PEN_DOWN
0 0
.PEN_UP
.PEN_DOWN
0 0
.PEN_UP

.COMMENT L:\PAPYRUS\TRACES94\MICHELE\GREEN.BIN
.COMMENT X-Height=210 
.H_LINE 1200 1410
.PEN_DOWN
0 0
.PEN_UP

.COMMENT L:\PAPYRUS\TRACES94\MICHELE\HAPPEN.BIN
.COMMENT X-Height=210 
.H_LINE 1200 1410
.PEN_DOWN
130 1324
120 1330
118 1330
110 1324
104 1324
100 1318
100 1310
110 1304
128 1302
156 1312
196 1338
244 1382
286 1440
316 1504
334 1564
334 1612
324 1646
306 1660
286 1650
270 1618
256 1566
244 1494
234 1414
230 1338
228 1272
224 1226
224 1198
228 1194
234 1214
244 1250
256 1284
266 1324
276 1356
286 1370
296 1364
300 1344
302 1312
308 1280
314 1244
320 1216
328 1206
346 1212
362 1224
384 1242
400 1264
414 1278
424 1286
430 1286
430 1280
430 1264
436 1244
444 1224
456 1204
488 1194
514 1198
544 1212
572 1234
596 1260
610 1286
616 1308
612 1320
598 1322
574 1316
548 1304
522 1286
502 1270
488 1256
482 1250
482 1246
490 1250
.PEN_UP
.PEN_DOWN
588 1296
590 1296
588 1292
586 1282
584 1268
588 1250
596 1234
614 1226
642 1230
674 1244
706 1272
740 1306
770 1350
790 1382
802 1404
810 1420
816 1428
820 1430
822 1424
818 1408
810 1376
798 1328
780 1264
762 1188
738 1108
716 1032
698 970
686 928
678 916
684 938
698 986
724 1050
752 1120
778 1180
802 1224
818 1244
830 1246
838 1234
848 1218
864 1200
884 1190
910 1192
942 1216
980 1256
1018 1306
1050 1358
1078 1402
1094 1440
1102 1454
1102 1452
1094 1428
1082 1382
1064 1310
1042 1224
1018 1128
998 1038
978 964
966 916
958 900
964 924
980 978
1010 1046
1042 1124
1090 1214
1116 1256
1134 1272
1148 1278
1160 1268
1170 1256
1182 1240
1198 1226
1222 1218
1252 1226
1290 1246
1332 1276
1370 1310
1396 1342
1406 1368
1398 1378
1372 1372
1344 1356
1318 1330
1302 1296
1300 1266
1318 1242
1346 1230
1382 1232
1422 1246
1460 1270
1488 1298
1512 1328
1528 1352
1540 1372
1548 1382
1554 1382
1562 1368
1564 1344
1566 1316
1572 1284
1572 1256
1574 1240
1578 1238
1588 1250
1606 1272
1628 1298
1650 1324
1668 1344
1682 1346
1690 1332
1694 1310
1702 1282
1718 1258
1754 1244
1814 1246
1864 1258
1908 1276
1944 1286
1960 1296
1972 1298
.PEN_UP

.COMMENT L:\PAPYRUS\TRACES94\MICHELE\HEADACHE.BIN
.COMMENT X-Height=210 
.H_LINE 1200 1410
.PEN_DOWN
0 0
.PEN_UP
.PEN_DOWN
0 0
.PEN_UP
.PEN_DOWN
0 0
.PEN_UP

.COMMENT L:\PAPYRUS\TRACES94\MICHELE\HOBBY.BIN
.COMMENT X-Height=210 
.H_LINE 1200 1410
.PEN_DOWN
0 0
.PEN_UP
.PEN_DOWN
0 0
.PEN_UP
.PEN_DOWN
0 0
.PEN_UP

.COMMENT L:\PAPYRUS\TRACES94\MICHELE\IMPORTAN.BIN
.COMMENT X-Height=210 
.H_LINE 1200 1410
.PEN_DOWN
118 1202
112 1200
110 1198
102 1192
100 1190
110 1198
136 1208
168 1230
212 1258
260 1292
296 1320
316 1346
328 1358
334 1362
328 1356
316 1338
306 1316
290 1286
282 1258
276 1232
284 1216
306 1212
336 1220
368 1240
404 1264
430 1294
446 1316
456 1330
458 1342
458 1344
454 1342
452 1332
450 1312
446 1286
446 1256
454 1228
464 1208
476 1202
490 1206
506 1228
524 1254
542 1282
558 1310
570 1330
580 1342
586 1342
590 1330
594 1308
596 1284
596 1260
594 1240
594 1224
590 1214
594 1216
598 1228
610 1254
624 1280
638 1306
652 1324
662 1336
668 1334
674 1322
674 1304
674 1282
674 1258
674 1242
678 1230
690 1232
708 1240
732 1256
756 1276
784 1296
806 1318
824 1336
838 1352
848 1368
856 1378
862 1390
868 1400
872 1408
874 1412
880 1410
876 1396
872 1364
864 1316
850 1252
832 1174
816 1094
794 1018
778 958
764 920
758 908
768 934
792 986
824 1056
864 1128
902 1198
934 1246
952 1272
964 1276
968 1266
978 1250
990 1230
1006 1218
1030 1216
1058 1226
1094 1252
1120 1272
1136 1290
1148 1298
1148 1302
1146 1290
1138 1270
1132 1250
1130 1226
1138 1208
1156 1200
1182 1204
1212 1220
1240 1246
1256 1278
1260 1306
1248 1330
1224 1342
1200 1342
1180 1332
1174 1320
1184 1306
1210 1296
1246 1298
1286 1308
1324 1322
1354 1338
1378 1350
1394 1360
1406 1360
1410 1352
1416 1336
1418 1312
1418 1282
1418 1254
1420 1226
1434 1204
1458 1198
1496 1208
1542 1238
1592 1282
1638 1336
1670 1390
1690 1442
1702 1482
1702 1506
1696 1512
1686 1494
1672 1464
1658 1414
1638 1338
1626 1284
1620 1244
1618 1218
1616 1214
1616 1224
1608 1244
1600 1272
1592 1302
1592 1330
1602 1352
1630 1370
1672 1382
1726 1394
1778 1400
1826 1408
1862 1410
.PEN_UP
.PEN_DOWN
1830 1324
1820 1310
1816 1304
1812 1292
1812 1280
1820 1272
1830 1272
1850 1278
1874 1290
1894 1304
1908 1320
1914 1338
1902 1352
1874 1360
1838 1356
1798 1342
1762 1320
1738 1292
1734 1266
1744 1244
1770 1234
1802 1240
1840 1256
1874 1278
1898 1304
1916 1324
1924 1344
1926 1348
1916 1342
1908 1328
1898 1294
1892 1264
1894 1238
1904 1218
1924 1212
1950 1220
1974 1238
2000 1260
2020 1282
2036 1304
2044 1316
2046 1316
2044 1302
2042 1284
2038 1264
2044 1244
2056 1230
2074 1226
2096 1232
2120 1246
2140 1260
2154 1276
2164 1282
2164 1282
2162 1272
2160 1258
2162 1242
2172 1230
2192 1224
2224 1230
2266 1254
2310 1294
2360 1344
2402 1402
2440 1456
2466 1502
2486 1532
2490 1540
2486 1516
2474 1472
2462 1416
2450 1356
2440 1298
2438 1258
2442 1238
2454 1230
2472 1244
.PEN_UP
.PEN_DOWN
2454 1386
2438 1390
2422 1396
2416 1402
2430 1408
2460 1414
2506 1422
2566 1428
2622 1436
2674 1440
2714 1442
2740 1448
.PEN_UP
.PEN_DOWN
336 1518
332 1520
328 1516
334 1512
.PEN_UP

.COMMENT L:\PAPYRUS\TRACES94\MICHELE\INFORMED.BIN
.COMMENT X-Height=210 
.H_LINE 1200 1410
.PEN_DOWN
114 1336
116 1348
118 1360
118 1364
116 1362
112 1338
104 1312
102 1278
100 1240
102 1208
112 1192
130 1190
152 1204
178 1232
202 1266
222 1298
238 1332
248 1350
254 1362
260 1362
262 1350
268 1332
270 1304
274 1272
276 1246
280 1226
284 1214
294 1218
308 1234
324 1256
346 1280
364 1302
376 1318
386 1324
388 1318
390 1306
394 1290
406 1268
424 1250
446 1240
482 1242
524 1260
580 1292
634 1338
688 1394
738 1452
770 1506
786 1554
792 1584
786 1598
772 1590
758 1554
742 1492
724 1408
704 1306
690 1194
672 1050
658 964
640 900
620 858
590 842
560 854
532 888
512 938
510 992
532 1050
572 1106
622 1152
676 1192
730 1230
770 1264
798 1292
816 1312
828 1332
834 1346
838 1352
842 1352
838 1344
836 1328
836 1304
838 1276
846 1246
858 1230
880 1226
902 1232
924 1250
942 1278
952 1306
948 1332
930 1352
908 1364
884 1370
864 1368
860 1358
876 1348
902 1338
938 1332
976 1334
1012 1344
1040 1358
1060 1372
1072 1388
1080 1398
1082 1404
1084 1408
1092 1408
1104 1398
1118 1388
1130 1378
1144 1370
1146 1352
1146 1336
1138 1312
1134 1286
1130 1258
1132 1232
1142 1214
1162 1204
1188 1204
1220 1218
1250 1242
1276 1270
1298 1302
1312 1328
1318 1346
1324 1358
1328 1362
1338 1360
1346 1350
1356 1334
1366 1310
1370 1282
1372 1252
1372 1226
1370 1204
1368 1194
1370 1198
1378 1214
1392 1240
1408 1270
1428 1298
1446 1324
1458 1344
1470 1348
1476 1336
1478 1318
1484 1294
1488 1266
1490 1240
1494 1224
1498 1220
1508 1238
1522 1260
1540 1290
1560 1318
1578 1338
1590 1350
1598 1338
1594 1320
1592 1292
1594 1266
1604 1240
1626 1224
1660 1224
1702 1232
1744 1254
1782 1282
1810 1310
1822 1332
1822 1346
1810 1348
1790 1344
1772 1324
1756 1302
1748 1276
1756 1254
1774 1234
1804 1230
1838 1232
1874 1246
1906 1264
1930 1280
1946 1294
1954 1298
1954 1296
1952 1286
1950 1270
1950 1252
1956 1240
1972 1232
2000 1234
2036 1254
2070 1280
2094 1306
2102 1334
2094 1358
2068 1370
2030 1370
1992 1356
1958 1336
1942 1316
1942 1294
1958 1284
1992 1282
2032 1302
2078 1332
2124 1372
2162 1412
2198 1456
2214 1480
2214 1482
2204 1464
2188 1428
2168 1384
2154 1334
2148 1286
2160 1254
2190 1238
2238 1240
2294 1252
2352 1268
2410 1286
2462 1298
.PEN_UP
.PEN_DOWN
210 1570
206 1578
208 1582
206 1586
208 1592
.PEN_UP

.COMMENT L:\PAPYRUS\TRACES94\MICHELE\ITEM.BIN
.COMMENT X-Height=210 
.H_LINE 1200 1410
.PEN_DOWN
0 0
.PEN_UP
.PEN_DOWN
0 0
.PEN_UP
.PEN_DOWN
0 0
.PEN_UP

.COMMENT L:\PAPYRUS\TRACES94\MICHELE\JAR.BIN
.COMMENT X-Height=210 
.H_LINE 1200 1410
.PEN_DOWN
304 1308
312 1328
314 1334
316 1350
318 1362
316 1362
316 1358
312 1336
300 1294
290 1230
278 1148
264 1056
250 960
232 872
210 796
186 744
162 712
140 704
118 718
104 748
100 796
106 858
130 924
172 992
226 1060
286 1124
340 1178
388 1224
420 1258
444 1286
456 1304
462 1316
470 1324
472 1322
472 1316
474 1298
480 1280
484 1254
496 1232
518 1220
544 1224
576 1240
604 1266
626 1296
638 1324
628 1348
600 1362
550 1360
514 1348
486 1330
474 1308
486 1290
510 1282
540 1280
574 1286
600 1298
618 1312
626 1324
628 1330
628 1332
622 1330
614 1318
610 1294
606 1268
612 1242
628 1220
654 1212
684 1216
716 1234
740 1264
758 1294
770 1322
774 1342
776 1352
776 1360
784 1360
798 1360
814 1358
834 1356
852 1348
864 1342
870 1330
862 1310
854 1290
848 1266
850 1240
866 1220
900 1212
944 1212
992 1216
1034 1228
1066 1240
.PEN_UP
.PEN_DOWN
356 1546
348 1552
342 1552
332 1554
326 1556
324 1558
324 1560
.PEN_UP

.COMMENT L:\PAPYRUS\TRACES94\MICHELE\KANGAROO.BIN
.COMMENT X-Height=210 
.H_LINE 1200 1410
.PEN_DOWN
106 1226
102 1224
100 1224
100 1214
100 1208
104 1204
122 1212
158 1234
206 1278
260 1336
314 1404
360 1480
388 1550
406 1608
412 1652
408 1682
402 1694
396 1678
388 1644
376 1586
364 1512
348 1426
330 1342
318 1270
312 1214
304 1174
302 1156
302 1160
304 1182
314 1218
324 1264
342 1312
368 1356
392 1386
414 1402
438 1404
452 1394
456 1370
452 1338
440 1306
418 1272
396 1250
378 1234
366 1234
364 1244
370 1260
388 1280
404 1294
422 1296
434 1286
446 1268
456 1244
470 1220
490 1206
510 1200
538 1204
564 1216
588 1230
604 1246
616 1258
624 1270
626 1270
622 1260
618 1246
616 1228
622 1208
630 1194
652 1188
682 1194
714 1216
740 1246
752 1282
748 1312
728 1336
694 1344
662 1342
634 1322
616 1298
618 1272
634 1256
660 1244
688 1246
714 1258
738 1280
754 1304
766 1328
772 1344
774 1352
772 1352
768 1342
760 1320
754 1292
748 1260
748 1230
760 1208
778 1198
798 1200
822 1214
846 1234
872 1270
888 1294
902 1316
912 1322
924 1322
928 1308
934 1286
940 1258
944 1232
948 1212
956 1198
970 1198
988 1206
1008 1224
1032 1246
1054 1268
1070 1284
1080 1294
1084 1292
1086 1282
1086 1270
1088 1250
1094 1232
1104 1218
1120 1212
1144 1208
1170 1218
1196 1228
1218 1244
1234 1256
1244 1266
1250 1272
1250 1272
1248 1266
1250 1256
1252 1242
1260 1228
1280 1220
1308 1220
1344 1232
1380 1254
1410 1280
1422 1306
1408 1324
1372 1336
1326 1338
1278 1328
1248 1310
1242 1296
1264 1286
1304 1280
1358 1280
1388 1282
1406 1278
1408 1260
1400 1230
1388 1186
1378 1130
1366 1064
1354 996
1342 934
1326 882
1306 848
1280 828
1254 832
1226 850
1200 878
1182 912
1176 952
1188 992
1218 1032
1266 1074
1320 1120
1380 1164
1432 1208
1474 1250
1504 1280
1524 1306
1536 1322
1542 1330
1538 1322
1534 1308
1528 1292
1526 1268
1528 1244
1542 1230
1566 1228
1596 1240
1632 1264
1656 1294
1668 1322
1662 1348
1640 1368
1606 1370
1570 1364
1544 1348
1534 1332
1538 1316
1554 1306
1580 1304
1610 1308
1644 1320
1662 1332
1674 1334
1672 1328
1666 1308
1658 1282
1654 1252
1666 1228
1686 1212
1722 1214
1758 1230
1790 1258
1810 1292
1816 1322
1814 1346
1808 1362
1802 1370
1810 1370
1822 1368
1838 1362
1858 1358
1882 1352
1904 1348
1920 1342
1930 1332
1932 1316
1930 1296
1926 1276
1920 1252
1920 1232
1930 1220
1952 1216
1980 1220
2010 1232
2040 1254
2064 1276
2082 1292
2088 1304
2086 1306
2078 1296
2070 1282
2064 1264
2066 1242
2078 1228
2102 1220
2132 1224
2164 1232
2192 1252
2208 1278
2208 1302
2194 1322
2158 1336
2130 1336
2110 1328
.PEN_UP
.PEN_DOWN
2344 1324
2364 1332
2370 1332
2386 1338
2392 1348
2400 1352
2390 1358
2380 1358
2362 1350
2338 1334
2314 1306
2294 1278
2288 1244
2304 1220
2336 1204
2380 1206
2426 1224
2462 1252
2478 1286
2468 1320
2438 1342
2392 1346
.PEN_UP

.COMMENT L:\PAPYRUS\TRACES94\MICHELE\KITTEN.BIN
.COMMENT X-Height=210 
.H_LINE 1200 1410
.PEN_DOWN
0 0
.PEN_UP
.PEN_DOWN
0 0
.PEN_UP
.PEN_DOWN
0 0
.PEN_UP

.COMMENT L:\PAPYRUS\TRACES94\MICHELE\LIQUID.BIN
.COMMENT X-Height=210 
.H_LINE 1200 1410
.PEN_DOWN
100 1182
100 1176
110 1174
132 1182
170 1200
224 1230
308 1292
370 1348
424 1408
468 1466
500 1518
518 1564
528 1596
532 1618
530 1622
518 1612
502 1590
478 1552
452 1502
426 1446
406 1388
392 1334
384 1290
386 1256
398 1238
420 1238
450 1256
484 1284
512 1318
536 1348
552 1376
564 1394
564 1398
562 1396
554 1382
544 1360
536 1332
528 1296
526 1266
536 1240
554 1228
582 1228
614 1238
642 1256
670 1282
688 1308
702 1328
708 1342
708 1342
702 1332
696 1318
686 1294
682 1268
686 1246
702 1234
728 1234
760 1250
800 1282
816 1312
816 1342
792 1360
754 1370
714 1370
684 1364
672 1356
686 1350
716 1346
750 1344
780 1342
798 1332
800 1312
792 1280
780 1230
764 1168
748 1096
728 1018
706 940
686 872
670 820
660 796
666 802
684 842
714 912
752 994
798 1082
840 1162
876 1224
902 1264
918 1290
930 1304
934 1302
932 1286
930 1266
930 1240
932 1212
940 1190
958 1180
984 1186
1020 1206
1052 1234
1084 1268
1106 1296
1118 1320
1126 1332
1124 1334
1118 1328
1110 1310
1102 1282
1098 1256
1098 1234
1110 1224
1128 1220
1154 1230
1188 1254
1218 1278
1238 1304
1258 1324
1268 1338
1264 1342
1258 1332
1250 1312
1244 1286
1244 1260
1250 1238
1272 1224
1302 1224
1336 1234
1366 1256
1392 1280
1410 1298
1418 1310
1418 1312
1416 1308
1410 1292
1404 1272
1400 1254
1402 1234
1416 1226
1438 1224
1466 1232
1496 1252
1518 1280
1528 1312
1518 1338
1490 1358
1452 1364
1410 1358
1380 1342
1366 1320
1376 1302
1406 1294
1450 1302
1496 1322
1542 1356
1576 1396
1602 1434
1620 1462
1626 1480
1622 1478
1608 1454
1590 1416
1570 1368
1556 1316
1550 1264
1568 1226
1602 1206
1658 1204
1720 1214
1782 1232
1838 1254
1876 1268
1900 1282
.PEN_UP
.PEN_DOWN
1298 1482
1276 1486
1260 1490
1248 1492
1242 1492
1242 1492
1242 1492
.PEN_UP
.PEN_DOWN
720 1528
706 1524
694 1518
674 1512
658 1506
.PEN_UP

.COMMENT L:\PAPYRUS\TRACES94\MICHELE\LOVE.BIN
.COMMENT X-Height=210 
.H_LINE 1200 1410
.PEN_DOWN
0 0
.PEN_UP
.PEN_DOWN
0 0
.PEN_UP
.PEN_DOWN
0 0
.PEN_UP

.COMMENT L:\PAPYRUS\TRACES94\MICHELE\MAGAZINE.BIN
.COMMENT X-Height=210 
.H_LINE 1200 1410
.PEN_DOWN
110 1156
106 1156
106 1156
102 1154
100 1156
100 1156
108 1160
114 1172
126 1190
144 1216
162 1250
178 1282
200 1312
218 1336
232 1348
244 1346
254 1328
258 1302
262 1260
262 1228
258 1202
258 1188
256 1186
258 1194
266 1216
278 1246
294 1280
310 1312
328 1336
342 1346
348 1342
354 1324
356 1298
354 1268
354 1242
354 1220
354 1208
356 1206
358 1218
366 1240
376 1266
392 1294
406 1320
418 1336
426 1342
432 1332
432 1316
432 1294
432 1270
434 1252
440 1238
450 1230
462 1234
476 1244
492 1258
506 1276
518 1290
526 1298
528 1302
530 1298
532 1286
536 1272
540 1254
550 1238
566 1226
588 1226
618 1238
648 1258
676 1284
698 1324
698 1350
682 1364
650 1372
614 1368
580 1356
556 1336
544 1316
552 1296
570 1280
594 1270
620 1270
646 1278
670 1290
686 1302
700 1312
708 1320
710 1318
706 1306
702 1286
700 1268
708 1242
722 1226
746 1218
774 1224
804 1240
832 1264
854 1284
866 1306
872 1318
872 1318
868 1310
864 1294
862 1276
864 1256
872 1242
892 1234
920 1240
954 1256
980 1282
994 1310
990 1336
968 1356
932 1368
896 1362
870 1356
868 1342
888 1324
920 1310
958 1292
998 1260
1010 1228
1008 1186
1000 1130
990 1074
980 1016
970 958
958 908
940 874
920 852
896 848
876 860
862 892
862 938
876 994
908 1054
950 1110
996 1160
1038 1202
1072 1230
1088 1250
1098 1260
1102 1266
1102 1264
1102 1252
1104 1238
1112 1220
1126 1208
1146 1202
1178 1212
1210 1230
1238 1258
1256 1292
1258 1322
1242 1348
1210 1360
1176 1358
1140 1348
1116 1330
1112 1306
1120 1286
1144 1272
1172 1268
1202 1276
1222 1292
1236 1308
1246 1324
1250 1338
1246 1342
1236 1334
1230 1316
1220 1280
1224 1252
1238 1228
1268 1216
1300 1218
1334 1232
1364 1260
1388 1294
1400 1322
1410 1344
1412 1358
1414 1362
1416 1358
1414 1344
1410 1328
1402 1308
1392 1292
1384 1276
1378 1266
1376 1264
1380 1268
1392 1276
1404 1278
1418 1280
1436 1276
1450 1266
1462 1246
1472 1220
1480 1190
1486 1156
1490 1114
1484 1072
1472 1028
1454 984
1428 950
1402 924
1372 908
1346 908
1326 924
1316 954
1324 994
1348 1044
1388 1100
1438 1154
1492 1204
1542 1244
1582 1280
1608 1306
1624 1320
1632 1328
1634 1332
1634 1322
1628 1306
1624 1286
1620 1266
1620 1242
1624 1224
1638 1216
1654 1218
1680 1234
1704 1258
1730 1284
1750 1308
1760 1328
1766 1336
1768 1338
1770 1334
1768 1322
1768 1308
1768 1286
1770 1264
1770 1244
1772 1232
1780 1228
1790 1234
1802 1252
1820 1270
1838 1292
1860 1310
1876 1322
1886 1328
1888 1318
1886 1306
1884 1286
1882 1266
1886 1246
1898 1234
1920 1232
1948 1238
1980 1250
2014 1260
2042 1278
2064 1290
2076 1304
2078 1316
2070 1318
2054 1316
2034 1308
2020 1290
2012 1264
2024 1234
2076 1206
2132 1194
2200 1190
2266 1190
2320 1194
2358 1200
2380 1202
.PEN_UP
.PEN_DOWN
1694 1502
1690 1502
1686 1500
1680 1498
1678 1498
1684 1498
.PEN_UP

.COMMENT L:\PAPYRUS\TRACES94\MICHELE\MODEL.BIN
.COMMENT X-Height=210 
.H_LINE 1200 1410
.PEN_DOWN
0 0
.PEN_UP
.PEN_DOWN
0 0
.PEN_UP
.PEN_DOWN
0 0
.PEN_UP

.COMMENT L:\PAPYRUS\TRACES94\MICHELE\MONTH.BIN
.COMMENT X-Height=210 
.H_LINE 1200 1410
.PEN_DOWN
0 0
.PEN_UP

.COMMENT L:\PAPYRUS\TRACES94\MICHELE\MOUNTAIN.BIN
.COMMENT X-Height=210 
.H_LINE 1200 1410
.PEN_DOWN
0 0
.PEN_UP
.PEN_DOWN
0 0
.PEN_UP
.PEN_DOWN
0 0
.PEN_UP

.COMMENT L:\PAPYRUS\TRACES94\MICHELE\NECESSAR.BIN
.COMMENT X-Height=210 
.H_LINE 1200 1410
.PEN_DOWN
100 1194
100 1194
100 1190
100 1188
100 1186
100 1186
106 1192
112 1212
124 1238
140 1268
164 1304
186 1334
208 1358
226 1364
240 1352
246 1330
252 1298
252 1266
250 1232
246 1212
244 1200
246 1202
254 1220
268 1246
286 1278
308 1308
330 1330
348 1334
362 1328
372 1308
376 1284
376 1258
376 1240
380 1224
380 1212
384 1212
398 1218
414 1230
434 1244
454 1258
468 1270
478 1278
480 1280
482 1278
490 1272
494 1266
508 1264
526 1260
544 1266
566 1280
582 1294
592 1312
592 1332
582 1344
566 1346
538 1338
512 1322
490 1294
478 1264
482 1234
504 1216
540 1208
584 1216
630 1230
.PEN_UP
.PEN_DOWN
794 1338
794 1342
794 1338
802 1342
812 1344
818 1348
824 1350
824 1358
824 1364
812 1370
798 1370
776 1362
754 1346
736 1322
724 1292
726 1264
746 1240
778 1228
826 1230
876 1244
924 1268
962 1298
986 1330
990 1356
978 1368
960 1370
934 1360
916 1336
902 1304
898 1270
912 1244
944 1226
982 1224
1030 1238
1078 1266
1124 1298
1160 1332
1186 1360
1200 1382
1208 1388
1208 1394
1208 1386
1206 1374
1206 1356
1204 1328
1204 1294
1204 1266
1200 1238
1196 1218
1190 1206
1180 1202
1172 1204
1164 1208
1158 1218
1166 1232
1194 1260
1226 1284
1270 1310
1310 1336
1338 1358
1356 1378
1364 1394
1366 1400
1364 1402
1362 1396
1356 1378
1356 1356
1360 1328
1360 1294
1362 1266
1362 1240
1356 1218
1346 1206
1326 1202
1310 1204
1296 1212
1290 1224
1298 1240
1320 1256
1346 1270
1372 1284
1392 1292
1408 1294
1414 1292
1414 1284
1414 1272
1418 1256
1426 1240
1442 1230
1470 1230
1506 1240
1538 1260
1564 1286
1574 1316
1568 1342
1542 1358
1508 1360
1474 1356
1446 1342
1438 1324
1440 1308
1456 1296
1484 1292
1516 1298
1544 1310
1568 1328
1586 1344
1590 1352
1586 1350
1576 1342
1564 1322
1558 1298
1558 1272
1572 1252
1596 1242
1626 1242
1662 1254
1688 1272
1700 1298
1700 1324
1692 1344
1682 1358
1674 1364
1678 1370
1698 1368
1722 1362
1754 1358
1782 1352
1804 1350
1816 1342
1820 1330
1818 1316
1816 1294
1812 1268
1812 1244
1816 1224
1824 1212
1842 1206
1868 1208
1894 1226
1924 1246
1950 1270
1968 1292
1976 1312
1980 1324
1978 1330
1974 1324
1968 1316
1964 1302
1964 1282
1966 1260
1978 1244
1990 1232
2012 1230
2038 1232
2064 1246
2094 1272
2116 1296
2130 1322
2142 1342
2146 1352
2150 1362
2150 1360
2146 1348
2142 1320
2130 1280
2112 1220
2092 1150
2070 1070
2048 992
2030 918
2014 860
1996 816
1970 788
1942 782
1904 788
1868 810
1834 836
1810 868
1808 906
1832 950
1882 994
1948 1036
2028 1072
2110 1106
2184 1130
2238 1146
2274 1156
.PEN_UP

.COMMENT L:\PAPYRUS\TRACES94\MICHELE\NETWORK.BIN
.COMMENT X-Height=210 
.H_LINE 1200 1410
.PEN_DOWN
0 0
.PEN_UP
.PEN_DOWN
0 0
.PEN_UP
.PEN_DOWN
0 0
.PEN_UP
.PEN_DOWN
0 0
.PEN_UP

.COMMENT L:\PAPYRUS\TRACES94\MICHELE\NEXT.BIN
.COMMENT X-Height=210 
.H_LINE 1200 1410
.PEN_DOWN
0 0
.PEN_UP
.PEN_DOWN
0 0
.PEN_UP

.COMMENT L:\PAPYRUS\TRACES94\MICHELE\NURSE.BIN
.COMMENT X-Height=210 
.H_LINE 1200 1410
.PEN_DOWN
112 1128
106 1130
104 1134
100 1140
100 1148
104 1160
110 1176
122 1200
142 1232
172 1272
202 1312
238 1346
272 1370
300 1378
318 1370
334 1346
344 1310
352 1270
354 1232
354 1200
352 1180
348 1176
352 1186
360 1212
382 1260
400 1298
418 1332
434 1356
448 1362
456 1350
458 1324
458 1294
458 1258
456 1226
450 1198
448 1182
452 1180
468 1194
486 1218
508 1250
530 1278
552 1306
566 1322
572 1332
574 1336
576 1334
576 1324
578 1308
578 1286
580 1264
586 1238
594 1218
604 1204
616 1198
632 1202
652 1216
670 1240
690 1272
706 1308
716 1338
722 1362
726 1378
726 1388
726 1394
730 1396
730 1394
730 1394
730 1388
730 1384
730 1378
730 1372
726 1364
726 1352
724 1334
720 1310
716 1280
712 1256
710 1234
716 1224
724 1218
738 1224
762 1240
784 1260
808 1290
826 1320
840 1348
844 1372
848 1388
848 1398
844 1404
844 1404
848 1404
850 1404
856 1400
868 1398
880 1398
894 1396
908 1394
920 1388
928 1386
930 1378
928 1364
920 1346
912 1322
902 1296
896 1268
896 1240
906 1218
922 1206
946 1204
980 1216
1016 1240
1048 1272
1076 1304
1098 1336
1112 1360
1122 1376
1124 1382
1128 1384
1130 1378
1134 1372
1136 1358
1136 1338
1138 1312
1136 1284
1134 1242
1128 1214
1122 1188
1110 1174
1100 1166
1086 1168
1072 1180
1064 1194
1062 1208
1072 1224
1096 1232
1136 1242
1186 1252
1242 1266
1296 1282
1344 1304
1372 1322
1384 1344
1378 1358
1362 1360
1334 1358
1312 1342
1298 1318
1306 1292
1336 1266
1392 1250
1462 1242
1542 1240
1618 1246
1678 1254
1722 1264
1750 1266
1762 1268
1766 1268
1766 1270
.PEN_UP

.COMMENT L:\PAPYRUS\TRACES94\MICHELE\ONION.BIN
.COMMENT X-Height=210 
.H_LINE 1200 1410
.PEN_DOWN
140 1286
150 1306
158 1318
154 1324
146 1318
134 1302
120 1276
108 1242
100 1208
110 1182
134 1172
170 1178
204 1204
230 1240
244 1280
240 1316
216 1342
180 1356
148 1352
118 1344
108 1330
120 1318
148 1310
190 1318
242 1334
290 1358
330 1382
360 1402
380 1412
394 1412
402 1398
410 1374
414 1342
412 1294
410 1264
406 1240
400 1226
400 1230
412 1244
428 1266
446 1294
464 1320
484 1342
494 1350
500 1346
500 1334
500 1316
498 1292
498 1268
498 1250
506 1238
524 1240
544 1254
570 1272
596 1296
620 1322
634 1338
644 1350
648 1356
644 1352
640 1338
632 1318
628 1292
630 1260
642 1238
660 1224
688 1218
724 1230
760 1254
790 1282
814 1308
832 1330
842 1344
844 1348
840 1342
830 1328
818 1306
806 1280
800 1254
802 1232
812 1220
830 1220
850 1230
868 1250
880 1282
872 1308
852 1324
820 1336
788 1346
764 1346
758 1346
776 1348
816 1350
864 1360
916 1368
962 1374
998 1376
1024 1374
1038 1360
1048 1338
1050 1310
1048 1282
1046 1256
1040 1238
1038 1226
1042 1230
1054 1246
1076 1276
1104 1304
1130 1330
1156 1348
1172 1356
1180 1348
1180 1330
1180 1306
1182 1278
1202 1256
1234 1250
1282 1250
1336 1258
1388 1272
1430 1290
.PEN_UP
.PEN_DOWN
702 1558
692 1564
688 1564
676 1566
672 1568
670 1568
.PEN_UP

.COMMENT L:\PAPYRUS\TRACES94\MICHELE\ORCHARD.BIN
.COMMENT X-Height=210 
.H_LINE 1200 1410
.PEN_DOWN
146 1284
146 1304
146 1312
144 1324
138 1334
130 1334
118 1320
108 1298
100 1270
104 1240
120 1216
148 1212
178 1226
210 1254
224 1292
222 1330
202 1360
174 1378
136 1386
118 1378
116 1364
130 1350
150 1336
176 1328
204 1330
228 1336
252 1350
274 1368
292 1382
306 1394
318 1400
326 1404
330 1404
334 1400
342 1388
348 1376
356 1362
356 1346
352 1328
340 1306
328 1284
320 1264
330 1244
352 1238
.PEN_UP
.PEN_DOWN
562 1362
568 1362
578 1360
586 1360
594 1356
602 1352
604 1352
616 1356
626 1362
630 1370
628 1378
616 1388
596 1390
566 1386
536 1370
508 1342
490 1310
492 1276
530 1242
580 1238
638 1254
696 1290
744 1342
778 1402
800 1460
808 1512
808 1546
800 1566
790 1564
784 1542
776 1500
766 1440
760 1374
756 1312
752 1258
752 1220
760 1208
772 1214
790 1234
810 1264
830 1292
848 1316
856 1332
862 1328
862 1312
862 1292
864 1268
874 1242
892 1226
918 1220
948 1232
980 1250
1008 1268
1030 1284
1044 1298
1048 1304
1048 1294
1044 1278
1040 1258
1040 1238
1056 1220
1076 1214
1108 1216
1142 1234
1170 1264
1188 1294
1182 1324
1162 1348
1128 1360
1078 1358
1048 1346
1034 1322
1038 1296
1052 1278
1078 1266
1112 1266
1142 1278
1166 1294
1182 1312
1194 1332
1194 1344
1184 1338
1170 1328
1156 1302
1144 1270
1150 1234
1168 1208
1196 1194
1234 1194
1272 1208
1298 1240
1314 1270
1322 1298
1324 1324
1326 1342
1334 1348
1344 1350
1360 1348
1376 1346
1396 1338
1408 1330
1410 1316
1404 1294
1398 1272
1390 1250
1390 1226
1400 1212
1416 1204
1442 1206
1470 1218
1502 1232
1522 1246
1542 1260
1554 1268
1554 1266
1546 1254
1542 1240
1544 1220
1556 1206
1586 1198
1640 1206
1686 1228
1722 1258
1740 1294
1738 1324
1714 1346
1674 1356
1630 1350
1584 1332
1554 1306
1540 1282
1548 1260
1574 1254
1614 1260
1662 1282
1710 1318
1752 1364
1784 1416
1810 1460
1828 1492
1836 1512
1836 1508
1826 1486
1806 1448
1784 1398
1766 1342
1756 1290
1766 1250
1796 1228
1846 1224
1910 1230
1974 1244
2030 1260
2078 1272
2110 1280
2128 1282
.PEN_UP

.COMMENT L:\PAPYRUS\TRACES94\MICHELE\ORGANIZA.BIN
.COMMENT X-Height=210 
.H_LINE 1200 1410
.PEN_DOWN
138 1286
142 1302
142 1312
140 1328
132 1330
126 1324
114 1310
104 1286
100 1256
100 1226
112 1204
134 1198
166 1206
198 1230
222 1264
234 1296
228 1322
210 1342
184 1342
160 1332
152 1318
156 1306
178 1296
206 1296
234 1308
260 1322
282 1346
290 1364
298 1384
308 1398
326 1412
346 1420
364 1420
380 1410
390 1394
388 1372
380 1344
372 1312
364 1282
366 1254
382 1238
406 1224
438 1224
470 1232
504 1250
530 1266
544 1282
552 1292
558 1296
552 1294
550 1282
548 1264
550 1250
562 1234
578 1226
602 1228
628 1240
654 1266
674 1292
680 1322
668 1346
640 1360
604 1362
572 1358
550 1348
556 1342
578 1336
610 1332
642 1324
666 1308
676 1280
676 1230
672 1166
666 1090
662 1010
660 932
656 864
652 812
642 784
624 782
602 794
574 824
556 866
548 918
560 976
588 1030
628 1086
674 1138
716 1186
750 1224
772 1254
786 1276
796 1290
800 1294
800 1286
804 1272
808 1258
816 1242
832 1228
856 1228
884 1238
910 1256
938 1290
940 1316
928 1332
898 1336
868 1332
836 1316
816 1296
810 1272
822 1254
844 1242
870 1240
896 1246
916 1264
934 1280
938 1298
942 1312
946 1324
942 1332
940 1330
940 1320
938 1308
936 1286
934 1258
938 1234
946 1216
960 1204
978 1202
1002 1214
1024 1232
1044 1254
1064 1280
1078 1302
1086 1310
1092 1316
1096 1312
1098 1296
1100 1276
1104 1252
1108 1228
1112 1208
1116 1200
1120 1198
1126 1212
1138 1230
1152 1252
1170 1272
1182 1290
1188 1294
1190 1286
1188 1270
1190 1244
1196 1226
1210 1214
1230 1214
1260 1220
1286 1240
1312 1258
1332 1276
1344 1290
1348 1296
1346 1294
1344 1282
1342 1266
1344 1246
1356 1228
1374 1216
1404 1214
1434 1220
1464 1238
1494 1260
1512 1284
1524 1302
1528 1312
1526 1312
1520 1302
1510 1282
1500 1264
1494 1242
1490 1230
1498 1224
1512 1224
1528 1230
1548 1238
1564 1242
1576 1246
1582 1242
1590 1230
1596 1206
1602 1172
1604 1120
1600 1062
1590 1002
1574 946
1552 902
1522 874
1482 862
1442 866
1406 886
1380 918
1378 960
1398 1004
1460 1070
1522 1116
1582 1162
1642 1202
1690 1238
1724 1266
1750 1290
1764 1308
1776 1318
1782 1322
1774 1318
1764 1302
1752 1280
1746 1256
1744 1234
1758 1226
1784 1226
1812 1240
1838 1260
1850 1286
1842 1312
1818 1332
1788 1338
1760 1336
1744 1322
1746 1306
1762 1286
1786 1268
1812 1252
1836 1240
1856 1230
1878 1226
1906 1230
1940 1244
1978 1276
2016 1320
2048 1374
2070 1426
2082 1472
2088 1504
2088 1514
2088 1502
2082 1468
2076 1424
2072 1368
2066 1312
2066 1268
2072 1240
2084 1230
2100 1240
2122 1264
2144 1298
2160 1324
2168 1342
2170 1344
2170 1332
2168 1310
2170 1286
2176 1260
2190 1240
2214 1232
2240 1238
2268 1250
2292 1270
2308 1294
2318 1312
2318 1322
2308 1320
2296 1308
2282 1286
2270 1260
2268 1234
2274 1216
2290 1208
2310 1212
2332 1224
2346 1240
2352 1260
2352 1282
2346 1296
2332 1306
2316 1310
2300 1312
2290 1312
2290 1310
2304 1310
2324 1312
2356 1320
2386 1328
2416 1334
2438 1334
2452 1332
2460 1320
2460 1302
2460 1278
2460 1254
2456 1232
2460 1224
2464 1218
2474 1228
2488 1242
2514 1266
2532 1286
2546 1306
2558 1312
2564 1310
2560 1302
2558 1282
2558 1264
2560 1244
2572 1232
2588 1230
2610 1238
2636 1246
2658 1266
2670 1280
2676 1292
2682 1294
2678 1290
2674 1276
2674 1258
2676 1238
2678 1220
2690 1214
2712 1214
2736 1220
2760 1240
2778 1264
2782 1290
2770 1310
2748 1322
2716 1322
2688 1312
2672 1294
2674 1270
2696 1252
2740 1240
2800 1240
2868 1258
2934 1292
2996 1336
3042 1388
3076 1436
3092 1476
3094 1504
3080 1516
3056 1502
3026 1466
2996 1414
2966 1350
2950 1284
2948 1228
2962 1180
2978 1164
.PEN_UP
.PEN_DOWN
2408 1502
2386 1512
2382 1514
2366 1520
2360 1520
2356 1524
2356 1526
.PEN_UP
.PEN_DOWN
2016 1498
1972 1492
1964 1490
1952 1486
1960 1480
1990 1478
2030 1478
2076 1478
2118 1478
2154 1478
.PEN_UP
.PEN_DOWN
1144 1502
1136 1500
1134 1492
.PEN_UP

.COMMENT L:\PAPYRUS\TRACES94\MICHELE\OWNERSHI.BIN
.COMMENT X-Height=210 
.H_LINE 1200 1410
.PEN_DOWN
108 1278
110 1286
110 1290
110 1286
108 1280
104 1270
104 1252
100 1228
100 1204
108 1188
124 1176
138 1174
158 1186
172 1206
178 1232
176 1260
170 1284
156 1306
136 1316
122 1320
114 1320
114 1316
124 1308
144 1306
170 1306
196 1310
218 1320
238 1332
250 1344
260 1356
264 1364
266 1370
266 1370
264 1358
262 1338
254 1316
252 1284
250 1254
252 1228
262 1212
276 1204
294 1206
310 1220
328 1242
340 1268
346 1294
352 1318
352 1336
352 1348
352 1356
348 1352
346 1342
342 1322
336 1298
334 1276
336 1250
342 1228
356 1216
370 1212
392 1216
408 1228
422 1246
432 1270
438 1298
440 1322
440 1342
438 1350
436 1352
434 1344
.PEN_UP
.PEN_DOWN
466 1278
466 1284
470 1294
482 1312
498 1330
516 1346
534 1356
548 1358
554 1348
556 1328
554 1296
554 1266
552 1238
550 1218
560 1214
568 1220
584 1238
602 1258
620 1282
636 1298
646 1306
652 1306
654 1292
656 1270
656 1244
660 1220
670 1204
692 1192
720 1194
752 1206
790 1228
826 1254
852 1280
866 1306
868 1328
858 1334
840 1334
822 1322
802 1302
790 1272
790 1242
804 1216
828 1198
858 1190
894 1198
934 1224
956 1252
968 1280
974 1306
974 1328
974 1338
978 1346
986 1348
1000 1346
1018 1346
1032 1338
1044 1330
1046 1312
1044 1292
1036 1266
1034 1244
1038 1220
1056 1208
1086 1206
1124 1214
1166 1234
1208 1266
1242 1296
1268 1324
1280 1352
1288 1372
1294 1382
1298 1386
1298 1386
1306 1378
1310 1368
1314 1350
1322 1330
1330 1302
1334 1276
1338 1246
1340 1226
1338 1206
1326 1198
1310 1192
1294 1194
1278 1202
1262 1212
1258 1220
1262 1232
1278 1242
1300 1258
1338 1282
1386 1316
1436 1358
1496 1426
1530 1478
1552 1526
1558 1564
1556 1584
1544 1586
1530 1568
1514 1530
1494 1472
1480 1408
1470 1342
1466 1284
1466 1240
1468 1214
1474 1204
1480 1206
1488 1224
1502 1244
1518 1268
1534 1290
1552 1304
1566 1308
1570 1302
1572 1286
1578 1270
1580 1250
1586 1230
1600 1220
1622 1218
1648 1230
1676 1250
1700 1270
1718 1290
1730 1304
1732 1308
1730 1302
1728 1282
1726 1260
1732 1238
1748 1216
1770 1204
1806 1204
1846 1216
1886 1244
1924 1280
1952 1318
1972 1350
1980 1374
1986 1386
1984 1372
1974 1342
1958 1270
1936 1208
1914 1138
1896 1074
1880 1022
1868 986
1862 970
1862 978
1874 1006
1894 1050
1918 1098
1946 1142
1976 1180
2006 1200
2036 1208
2068 1208
2100 1204
.PEN_UP
.PEN_DOWN
1888 1478
1862 1482
1848 1482
1834 1482
1822 1482
.PEN_UP

.COMMENT L:\PAPYRUS\TRACES94\MICHELE\PAD.BIN
.COMMENT X-Height=210 
.H_LINE 1200 1410
.PEN_DOWN
0 0
.PEN_UP

.COMMENT L:\PAPYRUS\TRACES94\MICHELE\PENNY.BIN
.COMMENT X-Height=210 
.H_LINE 1200 1410
.PEN_DOWN
126 1172
120 1168
108 1160
100 1148
102 1140
116 1142
144 1156
186 1186
234 1228
280 1284
322 1342
350 1388
364 1422
370 1442
374 1446
370 1420
362 1364
352 1286
336 1188
322 1084
304 986
286 892
276 858
274 862
278 902
292 968
316 1050
350 1134
380 1206
408 1254
430 1280
444 1286
452 1276
454 1256
458 1234
466 1214
474 1198
492 1188
514 1190
544 1202
574 1224
600 1252
622 1280
636 1308
640 1334
636 1348
622 1352
604 1348
586 1334
572 1306
564 1276
566 1244
578 1220
602 1204
628 1202
656 1212
684 1232
710 1258
730 1290
744 1316
754 1336
760 1350
762 1356
768 1352
770 1346
774 1328
780 1304
784 1278
786 1250
788 1224
788 1206
792 1198
796 1202
806 1218
818 1240
828 1264
840 1282
850 1296
854 1302
852 1292
850 1278
850 1258
850 1238
858 1216
870 1204
888 1200
912 1206
936 1228
958 1256
978 1286
990 1312
1000 1334
1004 1348
1008 1356
1016 1356
1024 1352
1030 1348
1034 1334
1034 1312
1032 1284
1030 1256
1028 1232
1028 1214
1034 1208
1048 1218
1068 1238
1088 1264
1108 1290
1124 1312
1136 1324
1140 1324
1140 1312
1140 1294
1146 1270
1152 1250
1164 1234
1186 1230
1212 1238
1238 1252
1258 1268
1276 1286
1290 1306
1294 1316
1294 1312
1292 1308
1294 1296
1298 1278
1304 1264
1316 1250
1334 1240
1358 1240
1388 1246
1422 1268
1452 1292
1476 1316
1496 1336
1504 1350
1504 1352
1500 1344
1488 1320
1474 1276
1452 1212
1428 1128
1406 1038
1384 956
1360 880
1334 824
1304 784
1268 764
1228 768
1188 782
1158 810
1138 846
1146 892
1186 944
1262 996
1360 1048
1472 1096
1580 1134
1668 1160
1732 1176
1774 1186
.PEN_UP

.COMMENT L:\PAPYRUS\TRACES94\MICHELE\PLAYER.BIN
.COMMENT X-Height=210 
.H_LINE 1200 1410
.PEN_DOWN
100 1090
124 1094
156 1110
190 1140
244 1212
286 1272
316 1334
338 1388
352 1424
356 1440
358 1434
356 1400
352 1344
342 1268
330 1178
314 1094
300 1020
288 970
282 950
286 960
300 1006
320 1070
344 1146
368 1220
388 1280
406 1320
412 1342
418 1342
424 1330
432 1308
448 1286
476 1272
516 1270
566 1286
620 1324
670 1376
710 1436
736 1492
746 1542
740 1580
726 1598
704 1592
674 1564
646 1514
620 1448
604 1374
596 1308
602 1252
620 1216
652 1206
680 1218
708 1242
730 1268
740 1296
746 1312
738 1312
732 1296
730 1270
732 1242
744 1214
770 1198
802 1194
840 1208
874 1238
894 1270
902 1308
892 1336
870 1356
838 1364
808 1360
778 1346
758 1324
748 1302
756 1280
772 1264
796 1254
822 1256
848 1268
868 1284
882 1302
892 1316
894 1324
892 1324
890 1312
884 1292
884 1268
890 1242
902 1224
926 1208
956 1208
984 1220
1010 1244
1032 1270
1046 1296
1050 1318
1052 1332
1052 1338
1052 1338
1050 1332
1050 1318
1050 1302
1048 1280
1052 1256
1060 1238
1070 1226
1084 1216
1108 1220
1130 1234
1156 1256
1182 1284
1206 1312
1228 1338
1240 1360
1246 1372
1244 1372
1242 1356
1234 1324
1226 1276
1210 1208
1194 1130
1174 1054
1154 980
1132 924
1112 876
1088 850
1064 840
1040 848
1022 868
1010 898
1012 938
1032 982
1066 1024
1116 1072
1174 1120
1228 1164
1280 1206
1322 1246
1350 1282
1364 1312
1372 1336
1372 1348
1362 1356
1348 1346
1332 1328
1314 1296
1304 1260
1298 1226
1308 1194
1326 1178
1358 1178
1396 1198
1430 1228
1454 1264
1470 1296
1476 1322
1474 1342
1470 1350
1478 1350
1492 1348
1514 1348
1536 1346
1558 1344
1578 1342
1586 1332
1586 1318
1580 1298
1570 1276
1558 1250
1554 1224
1562 1204
1586 1192
1626 1188
1674 1192
1722 1200
1762 1206
1788 1216
1804 1220
1808 1220
1808 1224
1810 1224
.PEN_UP

.COMMENT L:\PAPYRUS\TRACES94\MICHELE\POSTING.BIN
.COMMENT X-Height=210 
.H_LINE 1200 1410
.PEN_DOWN
0 0
.PEN_UP
.PEN_DOWN
0 0
.PEN_UP
.PEN_DOWN
0 0
.PEN_UP

.COMMENT L:\PAPYRUS\TRACES94\MICHELE\PRINCESS.BIN
.COMMENT X-Height=210 
.H_LINE 1200 1410
.PEN_DOWN
100 1138
142 1160
192 1200
244 1252
288 1306
324 1358
348 1404
362 1438
366 1452
368 1452
364 1428
356 1384
346 1316
324 1202
310 1110
290 1028
280 968
272 938
274 940
286 972
304 1030
328 1098
354 1168
374 1232
386 1280
392 1306
398 1316
398 1312
398 1294
398 1270
402 1244
414 1218
430 1202
450 1202
468 1214
484 1240
494 1270
496 1304
494 1332
492 1350
492 1364
498 1372
510 1374
528 1376
542 1374
556 1370
562 1360
564 1346
560 1328
552 1306
548 1280
550 1256
558 1238
572 1220
590 1216
614 1220
640 1240
666 1266
688 1292
702 1318
708 1336
712 1352
708 1358
702 1352
692 1336
688 1320
688 1292
688 1264
694 1240
712 1224
730 1216
752 1220
776 1234
796 1256
812 1284
826 1312
838 1334
846 1352
852 1360
858 1358
862 1346
864 1322
864 1296
864 1266
864 1240
864 1224
868 1216
878 1224
894 1238
912 1256
928 1278
940 1292
948 1294
950 1286
948 1268
950 1246
.PEN_UP
.PEN_DOWN
1100 1296
1118 1310
1124 1316
1132 1322
1136 1320
1144 1322
1148 1324
1158 1328
1168 1334
1174 1338
1176 1346
1174 1350
1162 1352
1144 1346
1120 1324
1100 1298
1092 1268
1094 1234
1116 1212
1152 1202
1200 1204
1248 1226
1290 1258
1318 1292
1334 1324
1338 1350
1328 1364
1314 1368
1298 1358
1280 1338
1274 1310
1272 1280
1276 1252
1292 1228
1318 1216
1356 1216
1400 1232
1444 1256
1482 1286
1512 1318
1530 1344
1538 1368
1542 1378
1542 1384
1546 1382
1548 1368
1552 1348
1554 1322
1556 1292
1552 1264
1546 1242
1536 1224
1522 1214
1508 1212
1496 1216
1488 1224
1488 1234
1498 1244
1516 1258
1548 1270
1586 1286
1628 1304
1666 1324
1704 1350
1720 1368
1730 1376
1732 1382
1732 1376
1732 1364
1734 1338
1734 1310
1736 1278
1738 1244
1736 1218
1726 1202
1706 1190
1678 1190
1648 1194
1620 1202
1604 1208
1606 1218
.PEN_UP
.PEN_DOWN
796 1488
782 1492
772 1494
760 1498
.PEN_UP

.COMMENT L:\PAPYRUS\TRACES94\MICHELE\PUNCTURE.BIN
.COMMENT X-Height=210 
.H_LINE 1200 1410
.PEN_DOWN
0 0
.PEN_UP
.PEN_DOWN
0 0
.PEN_UP
.PEN_DOWN
0 0
.PEN_UP

.COMMENT L:\PAPYRUS\TRACES94\MICHELE\QUALIFIE.BIN
.COMMENT X-Height=210 
.H_LINE 1200 1410
.PEN_DOWN
218 1258
230 1260
242 1272
254 1290
262 1312
260 1330
248 1338
222 1342
190 1330
152 1310
118 1284
100 1254
100 1228
116 1214
146 1214
190 1230
232 1258
266 1296
288 1332
302 1358
306 1372
300 1364
288 1336
274 1284
254 1214
234 1130
216 1046
196 968
178 904
168 860
.PEN_UP
.PEN_DOWN
416 1346
414 1342
412 1328
404 1304
400 1276
398 1244
404 1218
418 1202
440 1200
466 1208
492 1232
522 1270
540 1296
546 1318
548 1328
546 1322
542 1308
540 1284
542 1256
550 1232
568 1216
594 1208
620 1214
646 1226
668 1244
684 1264
690 1280
692 1286
688 1284
680 1272
674 1254
672 1232
678 1214
694 1204
720 1206
752 1224
778 1250
790 1280
784 1306
762 1330
730 1338
700 1338
680 1324
678 1306
692 1286
716 1266
742 1244
768 1230
790 1220
818 1224
856 1240
900 1266
950 1304
998 1350
1030 1398
1052 1440
1054 1468
1042 1486
1026 1480
1002 1454
978 1414
960 1360
950 1286
962 1244
988 1216
1024 1212
1062 1224
1096 1250
1122 1280
1136 1306
1140 1328
1130 1332
1116 1316
1104 1294
1096 1260
1104 1230
1128 1206
1166 1198
1214 1208
1272 1240
1328 1280
1372 1330
1404 1376
1420 1416
1428 1442
1420 1450
1408 1440
1396 1408
1376 1352
1352 1282
1328 1200
1306 1116
1288 1036
1274 968
1262 916
1246 878
1224 854
1200 848
1174 852
1154 868
1142 894
1146 930
1168 976
1208 1028
1262 1084
1318 1146
1378 1202
1424 1252
1462 1292
1484 1320
1498 1334
1502 1338
1502 1328
1502 1308
1500 1282
1502 1258
1510 1238
1526 1224
1550 1218
1584 1226
1620 1244
1654 1266
1682 1286
1698 1310
1704 1324
1692 1332
1676 1330
1652 1320
1630 1302
1616 1276
1618 1252
1636 1234
1666 1226
1708 1226
1750 1232
1790 1250
1820 1268
1838 1286
1848 1296
1842 1296
1834 1286
1824 1272
1816 1254
1816 1234
1832 1224
1860 1220
1898 1230
1936 1250
1964 1276
1980 1302
1978 1328
1956 1346
1924 1348
1884 1338
1850 1328
1828 1306
1826 1284
1842 1276
1874 1276
1914 1290
1956 1316
1994 1352
2028 1390
2056 1434
2064 1454
2068 1464
2058 1452
2044 1420
2028 1376
2012 1328
2008 1280
2020 1242
2046 1224
2082 1218
.PEN_UP
.PEN_DOWN
1662 1500
1638 1504
1624 1506
1620 1506
1612 1506
1610 1506
.PEN_UP
.PEN_DOWN
1268 1540
1248 1540
.PEN_UP

.COMMENT L:\PAPYRUS\TRACES94\MICHELE\QUARTER.BIN
.COMMENT X-Height=210 
.H_LINE 1200 1410
.PEN_DOWN
270 1296
278 1304
284 1306
294 1318
298 1330
298 1348
292 1362
270 1376
238 1378
194 1364
154 1336
118 1298
100 1254
104 1216
130 1190
174 1188
222 1206
266 1242
300 1286
320 1330
330 1362
332 1384
326 1384
322 1362
318 1324
310 1268
298 1198
282 1120
266 1044
248 976
232 924
.PEN_UP
.PEN_DOWN
430 1342
448 1372
456 1390
456 1398
452 1394
442 1374
436 1342
426 1302
424 1264
426 1230
434 1208
448 1204
470 1218
494 1240
526 1278
542 1304
548 1320
552 1324
548 1312
546 1292
546 1268
554 1240
568 1220
588 1212
620 1214
646 1230
670 1252
686 1278
698 1296
700 1310
698 1308
692 1296
690 1276
690 1252
700 1228
716 1214
744 1208
778 1218
810 1240
832 1270
842 1304
830 1332
802 1352
766 1368
734 1362
708 1348
700 1328
712 1308
738 1292
766 1284
800 1282
826 1292
840 1306
848 1322
852 1330
844 1328
834 1312
822 1290
814 1256
816 1228
832 1204
860 1198
896 1204
930 1228
956 1270
960 1302
958 1330
952 1346
950 1356
962 1356
974 1352
990 1350
1010 1346
1018 1336
1022 1322
1016 1304
1010 1280
1008 1254
1010 1228
1018 1212
1042 1204
1076 1214
1118 1240
1162 1282
1206 1336
1238 1396
1264 1452
1280 1498
1288 1530
1292 1546
1296 1544
1290 1526
1284 1488
1276 1436
1264 1378
1260 1324
1260 1278
1270 1244
1288 1228
1314 1230
1344 1246
1378 1270
1404 1304
1428 1334
1440 1358
1442 1378
1430 1386
1410 1378
1384 1360
1362 1332
1348 1298
1344 1266
1358 1240
1384 1224
1418 1220
1462 1240
1488 1264
1510 1290
1520 1316
1526 1336
1532 1352
1532 1360
1538 1362
1548 1362
1562 1362
1576 1358
1590 1352
1600 1344
1602 1336
1602 1322
1596 1304
1588 1284
1584 1264
1584 1242
1598 1228
1622 1220
1658 1220
1702 1226
1744 1238
.PEN_UP
.PEN_DOWN
1146 1430
1108 1434
1092 1436
1076 1440
1078 1442
1102 1450
1146 1454
1220 1460
1304 1466
1394 1474
1472 1480
1534 1486
1572 1488
1596 1488
.PEN_UP

.COMMENT L:\PAPYRUS\TRACES94\MICHELE\RAINY.BIN
.COMMENT X-Height=210 
.H_LINE 1200 1410
.PEN_DOWN
0 0
.PEN_UP
.PEN_DOWN
0 0
.PEN_UP

.COMMENT L:\PAPYRUS\TRACES94\MICHELE\READY.BIN
.COMMENT X-Height=210 
.H_LINE 1200 1410
.PEN_DOWN
0 0
.PEN_UP
.PEN_DOWN
0 0
.PEN_UP
.PEN_DOWN
0 0
.PEN_UP

.COMMENT L:\PAPYRUS\TRACES94\MICHELE\REPORTS.BIN
.COMMENT X-Height=210 
.H_LINE 1200 1410
.PEN_DOWN
0 0
.PEN_UP
.PEN_DOWN
0 0
.PEN_UP

.COMMENT L:\PAPYRUS\TRACES94\MICHELE\RISE.BIN
.COMMENT X-Height=210 
.H_LINE 1200 1410
.PEN_DOWN
114 1234
106 1230
100 1220
100 1212
108 1202
128 1208
158 1228
194 1258
230 1294
256 1336
266 1368
264 1394
250 1408
236 1412
226 1410
232 1408
256 1402
288 1400
322 1398
354 1396
376 1390
380 1386
376 1374
366 1356
354 1328
344 1298
342 1268
350 1242
368 1226
400 1226
436 1238
478 1260
518 1292
546 1322
560 1350
566 1372
562 1378
552 1374
540 1356
532 1332
526 1302
532 1268
544 1242
566 1228
602 1228
644 1246
684 1276
726 1308
756 1344
778 1370
786 1388
794 1396
794 1390
794 1372
792 1350
788 1320
784 1284
778 1254
768 1226
758 1204
746 1192
732 1190
718 1194
706 1206
700 1224
704 1238
726 1252
762 1260
814 1272
878 1284
944 1298
1004 1318
1046 1338
1074 1360
1082 1376
1070 1382
1046 1376
1018 1362
992 1338
974 1306
976 1276
1002 1250
1046 1232
1110 1226
1176 1230
1238 1238
1282 1246
1316 1256
1332 1260
.PEN_UP
.PEN_DOWN
648 1552
642 1556
642 1556
642 1556
642 1556
640 1554
640 1552
.PEN_UP

.COMMENT L:\PAPYRUS\TRACES94\MICHELE\ROCKET.BIN
.COMMENT X-Height=210 
.H_LINE 1200 1410
.PEN_DOWN
108 1204
108 1204
104 1204
100 1200
104 1198
110 1200
138 1206
170 1226
204 1252
238 1286
256 1324
262 1352
252 1374
234 1388
212 1394
204 1394
210 1390
236 1390
276 1390
318 1388
354 1386
378 1384
380 1374
368 1360
352 1342
334 1316
326 1290
328 1266
342 1244
364 1232
390 1230
420 1238
446 1254
472 1272
488 1292
498 1308
502 1312
498 1308
492 1294
488 1272
490 1242
510 1228
542 1226
586 1234
628 1256
666 1284
684 1316
678 1338
654 1356
616 1362
578 1362
552 1352
.PEN_UP
.PEN_DOWN
816 1316
852 1320
880 1328
902 1338
916 1352
920 1364
922 1374
918 1384
902 1388
876 1386
842 1374
810 1350
782 1320
772 1282
776 1246
802 1218
842 1212
896 1226
954 1258
1010 1310
1058 1374
1096 1438
1118 1500
1134 1544
1138 1570
1136 1578
1130 1558
1118 1520
1102 1468
1086 1402
1072 1338
1056 1268
1046 1230
1046 1212
1050 1212
1062 1226
1078 1256
1102 1296
1130 1338
1156 1376
1178 1402
1192 1412
1202 1408
1202 1382
1194 1346
1180 1308
1162 1270
1140 1240
1118 1220
1102 1218
1096 1228
1100 1244
1114 1264
1134 1280
1154 1290
1174 1286
1186 1278
1194 1260
1204 1244
1218 1228
1240 1218
1268 1218
1304 1226
1340 1238
1374 1258
1400 1284
1414 1308
1412 1330
1398 1338
1372 1334
1340 1318
1314 1292
1300 1256
1304 1224
1330 1200
1372 1190
1430 1200
1496 1228
1558 1278
1610 1336
1650 1400
1686 1482
1698 1530
1704 1560
1708 1568
1700 1556
1686 1520
1664 1466
1638 1402
1614 1336
1598 1280
.PEN_UP
.PEN_DOWN
1470 1400
1440 1420
1422 1434
1426 1440
1468 1446
1540 1448
1634 1452
1744 1460
1856 1464
1946 1468
2006 1476
2042 1478
2058 1478
2062 1478
2062 1478
.PEN_UP

.COMMENT L:\PAPYRUS\TRACES94\MICHELE\SALT.BIN
.COMMENT X-Height=210 
.H_LINE 1200 1410
.PEN_DOWN
0 0
.PEN_UP
.PEN_DOWN
0 0
.PEN_UP

.COMMENT L:\PAPYRUS\TRACES94\MICHELE\SCIENCE.BIN
.COMMENT X-Height=210 
.H_LINE 1200 1410
.PEN_DOWN
0 0
.PEN_UP
.PEN_DOWN
0 0
.PEN_UP
.PEN_DOWN
0 0
.PEN_UP
.PEN_DOWN
0 0
.PEN_UP

.COMMENT L:\PAPYRUS\TRACES94\MICHELE\SHOW.BIN
.COMMENT X-Height=210 
.H_LINE 1200 1410
.PEN_DOWN
100 1162
108 1162
112 1166
132 1178
158 1202
190 1234
230 1276
274 1322
314 1368
346 1408
366 1438
380 1460
384 1462
388 1452
396 1426
400 1384
406 1336
406 1290
398 1246
382 1216
358 1204
334 1204
314 1212
302 1226
304 1242
320 1256
.PEN_UP
.PEN_DOWN
518 1394
526 1408
528 1410
530 1416
538 1420
548 1420
558 1422
580 1428
608 1440
632 1464
648 1492
654 1526
646 1558
630 1580
608 1590
584 1576
566 1542
550 1480
538 1404
528 1328
518 1234
514 1188
514 1172
524 1178
538 1204
554 1240
576 1276
592 1308
606 1328
616 1330
620 1316
626 1294
630 1268
640 1244
656 1230
680 1226
706 1232
734 1250
758 1272
778 1296
790 1310
796 1324
796 1324
790 1312
786 1296
780 1272
780 1250
786 1228
800 1214
822 1208
852 1214
882 1228
914 1254
934 1280
940 1308
928 1330
904 1346
874 1350
842 1348
822 1338
812 1330
822 1320
842 1316
.PEN_UP
.PEN_DOWN
1006 1352
1010 1356
1014 1358
1012 1356
1008 1344
998 1322
992 1292
986 1260
988 1234
1008 1218
1036 1216
1072 1228
1106 1254
1136 1286
1152 1316
1162 1342
1164 1356
1158 1360
1152 1350
1144 1332
1138 1306
1132 1276
1136 1250
1148 1230
1168 1220
1194 1224
1222 1240
1246 1264
1260 1290
1260 1316
1254 1334
1244 1346
1234 1350
1240 1348
1262 1344
1308 1346
.PEN_UP

.COMMENT L:\PAPYRUS\TRACES94\MICHELE\SLEEPING.BIN
.COMMENT X-Height=210 
.H_LINE 1200 1410
.PEN_DOWN
106 1188
100 1180
108 1186
134 1198
172 1220
218 1256
268 1296
314 1336
346 1370
366 1394
374 1402
382 1398
384 1378
388 1350
396 1312
398 1272
398 1234
392 1206
380 1190
360 1186
342 1190
326 1204
320 1220
330 1240
350 1258
382 1272
420 1284
458 1298
490 1310
524 1324
558 1348
596 1376
632 1408
660 1442
680 1476
686 1506
680 1528
666 1540
636 1532
610 1512
588 1472
566 1416
552 1356
550 1296
562 1250
582 1218
618 1208
656 1218
696 1240
728 1268
754 1304
770 1334
772 1358
764 1374
750 1378
728 1374
710 1352
696 1322
686 1290
686 1254
702 1226
728 1208
766 1208
812 1220
858 1244
898 1272
928 1302
944 1328
944 1348
932 1364
908 1368
880 1362
850 1346
826 1318
814 1284
816 1252
838 1226
876 1208
920 1208
968 1220
1014 1246
1054 1280
1084 1310
1104 1342
1116 1368
1120 1386
1120 1396
1118 1400
1116 1404
1116 1402
1114 1402
1116 1400
1118 1402
1120 1404
1126 1408
1130 1410
1132 1412
1136 1412
1132 1404
1126 1384
1112 1342
1092 1280
1066 1202
1038 1120
1012 1036
992 972
974 934
970 926
976 942
1000 984
1034 1048
1076 1124
1124 1200
1166 1264
1198 1306
1218 1330
1228 1324
1228 1304
1224 1272
1228 1242
1234 1216
1254 1200
1280 1202
1312 1220
1344 1246
1368 1276
1386 1302
1398 1322
1402 1336
1404 1346
1404 1344
1400 1336
1392 1324
1388 1308
1384 1284
1384 1264
1388 1244
1402 1230
1420 1224
1452 1230
1478 1244
1504 1266
1524 1294
1540 1318
1548 1332
1554 1344
1554 1342
1550 1328
1548 1306
1546 1282
1546 1258
1550 1242
1562 1234
1582 1238
1602 1250
1626 1268
1650 1286
1664 1304
1676 1312
1684 1312
1684 1306
1684 1292
1684 1278
1688 1260
1702 1250
1720 1244
1746 1246
1770 1250
1792 1258
1810 1266
1820 1272
1822 1272
1820 1268
1818 1260
1820 1254
1828 1244
1842 1242
1866 1246
1890 1256
1914 1272
1934 1294
1940 1312
1938 1324
1928 1328
1910 1318
1886 1294
1866 1260
1848 1216
1836 1164
1836 1110
1848 1032
1858 976
1862 920
1856 872
1832 834
1790 802
1732 786
1668 780
1606 790
1554 814
1520 848
1518 882
1548 926
1606 964
1684 996
1770 1024
1860 1046
1938 1062
.PEN_UP
.PEN_DOWN
1560 1556
1548 1558
1544 1560
1536 1564
.PEN_UP

.COMMENT L:\PAPYRUS\TRACES94\MICHELE\SOME.BIN
.COMMENT X-Height=210 
.H_LINE 1200 1410
.PEN_DOWN
0 0
.PEN_UP

.COMMENT L:\PAPYRUS\TRACES94\MICHELE\STRATEGI.BIN
.COMMENT X-Height=210 
.H_LINE 1200 1410
.PEN_DOWN
0 0
.PEN_UP
.PEN_DOWN
0 0
.PEN_UP
.PEN_DOWN
0 0
.PEN_UP
.PEN_DOWN
0 0
.PEN_UP
.PEN_DOWN
0 0
.PEN_UP

.COMMENT L:\PAPYRUS\TRACES94\MICHELE\STUDY.BIN
.COMMENT X-Height=210 
.H_LINE 1200 1410
.PEN_DOWN
110 1164
100 1162
106 1168
130 1182
168 1204
214 1238
258 1276
296 1316
320 1350
332 1382
334 1398
332 1400
332 1390
334 1364
336 1328
344 1286
346 1246
348 1208
340 1186
318 1172
294 1172
272 1178
256 1186
252 1194
260 1202
280 1208
308 1218
350 1234
398 1260
452 1294
504 1338
554 1390
594 1442
620 1490
636 1526
644 1552
640 1556
634 1542
622 1508
608 1456
594 1390
582 1328
574 1268
576 1220
594 1194
618 1190
646 1204
676 1232
704 1268
726 1304
738 1334
744 1358
742 1368
736 1360
726 1338
716 1310
710 1276
704 1240
712 1212
726 1194
750 1192
778 1200
808 1220
834 1244
854 1270
868 1292
874 1310
874 1316
872 1308
866 1294
860 1268
862 1242
872 1220
892 1208
918 1206
946 1214
974 1230
1002 1252
1022 1270
1032 1284
1036 1290
1032 1282
1024 1264
1016 1242
1016 1218
1028 1202
1054 1194
1090 1204
1132 1226
1170 1258
1196 1298
1200 1336
1186 1368
1150 1384
1106 1386
1062 1372
1026 1350
1002 1324
1002 1302
1022 1284
1054 1280
1098 1286
1146 1308
1192 1344
1228 1382
1254 1420
1274 1452
1278 1476
1274 1486
1266 1476
1254 1452
1244 1416
1234 1370
1232 1322
1238 1282
1254 1254
1278 1242
1310 1244
1340 1260
1368 1286
1390 1310
1404 1334
1402 1338
1394 1332
1382 1310
1376 1282
1372 1254
1384 1228
1410 1212
1448 1212
1496 1224
1540 1250
1576 1280
1602 1312
1614 1342
1612 1356
1600 1352
1580 1328
1558 1286
1532 1230
1506 1156
1482 1076
1460 1002
1446 934
1434 878
1422 834
1408 808
1388 796
1356 796
1324 800
1290 814
1260 834
1240 852
1244 876
1266 906
1318 940
1394 978
1492 1016
1598 1054
1698 1084
1788 1108
.PEN_UP
.PEN_DOWN
444 1400
450 1398
462 1400
484 1408
526 1414
584 1426
652 1440
726 1454
792 1464
842 1472
870 1474
884 1476
888 1476
.PEN_UP

.COMMENT L:\PAPYRUS\TRACES94\MICHELE\SUBJECT.BIN
.COMMENT X-Height=210 
.H_LINE 1200 1410
.PEN_DOWN
0 0
.PEN_UP
.PEN_DOWN
0 0
.PEN_UP
.PEN_DOWN
0 0
.PEN_UP
.PEN_DOWN
0 0
.PEN_UP

.COMMENT L:\PAPYRUS\TRACES94\MICHELE\TELEVISI.BIN
.COMMENT X-Height=210 
.H_LINE 1200 1410
.PEN_DOWN
0 0
.PEN_UP
.PEN_DOWN
0 0
.PEN_UP
.PEN_DOWN
0 0
.PEN_UP
.PEN_DOWN
0 0
.PEN_UP

.COMMENT L:\PAPYRUS\TRACES94\MICHELE\TEMPERAT.BIN
.COMMENT X-Height=210 
.H_LINE 1200 1410
.PEN_DOWN
0 0
.PEN_UP
.PEN_DOWN
0 0
.PEN_UP
.PEN_DOWN
0 0
.PEN_UP

.COMMENT L:\PAPYRUS\TRACES94\MICHELE\THEM.BIN
.COMMENT X-Height=210 
.H_LINE 1200 1410
.PEN_DOWN
224 1638
224 1606
220 1554
208 1464
194 1390
180 1328
160 1280
140 1252
120 1252
.PEN_UP
.PEN_DOWN
100 1306
102 1350
112 1394
130 1428
154 1452
184 1464
226 1472
278 1478
336 1494
394 1518
444 1556
480 1598
494 1638
488 1674
472 1690
448 1688
420 1656
394 1596
374 1524
360 1440
350 1362
344 1302
344 1260
344 1246
352 1254
364 1280
380 1312
402 1344
420 1368
436 1376
446 1372
448 1352
448 1332
448 1306
448 1280
456 1258
472 1242
494 1234
522 1234
556 1250
588 1272
618 1302
638 1332
650 1362
642 1388
624 1396
598 1388
570 1370
546 1342
532 1308
534 1276
548 1246
572 1230
604 1226
640 1238
674 1258
702 1290
728 1322
746 1350
758 1370
768 1384
774 1384
782 1370
786 1350
788 1320
792 1286
788 1256
786 1230
782 1216
782 1214
786 1226
798 1244
818 1268
834 1296
850 1320
862 1334
870 1336
872 1328
872 1310
870 1284
866 1258
862 1234
860 1218
862 1214
870 1218
884 1232
904 1252
930 1272
956 1294
976 1308
990 1308
994 1302
996 1284
1000 1260
1006 1230
1028 1216
1062 1208
1112 1216
1166 1230
1224 1244
1270 1260
1304 1272
1328 1280
1340 1282
1348 1282
1356 1280
.PEN_UP

.COMMENT L:\PAPYRUS\TRACES94\MICHELE\THESIS.BIN
.COMMENT X-Height=210 
.H_LINE 1200 1410
.PEN_DOWN
100 1206
122 1216
158 1242
204 1290
254 1356
306 1434
352 1514
382 1582
400 1636
408 1670
408 1676
398 1648
384 1596
370 1520
352 1436
336 1352
322 1290
310 1254
302 1250
296 1272
292 1318
288 1370
282 1420
280 1456
282 1478
290 1486
306 1480
340 1474
384 1474
438 1480
496 1500
548 1534
582 1576
602 1616
602 1650
584 1674
556 1674
526 1650
496 1598
470 1528
450 1442
440 1362
438 1294
438 1246
440 1228
448 1234
458 1258
478 1302
496 1332
510 1358
524 1368
526 1360
528 1344
528 1318
534 1290
542 1260
560 1238
582 1230
614 1230
652 1244
688 1268
724 1294
748 1322
760 1348
758 1362
740 1364
714 1356
692 1332
678 1302
680 1270
700 1242
738 1228
790 1230
850 1254
902 1286
946 1328
974 1368
992 1400
998 1422
998 1428
992 1422
986 1404
984 1376
982 1344
984 1308
986 1276
986 1244
984 1220
978 1204
962 1192
946 1186
930 1182
914 1186
900 1188
892 1194
896 1204
914 1218
946 1244
1008 1284
1058 1316
1104 1346
1142 1368
1168 1384
1180 1390
1180 1388
1174 1374
1164 1352
1154 1328
1150 1294
1150 1264
1158 1242
1182 1230
1218 1234
1258 1252
1300 1280
1338 1308
1372 1334
1392 1356
1406 1370
1412 1374
1412 1364
1414 1350
1418 1328
1426 1296
1432 1266
1442 1240
1448 1218
1440 1204
1418 1198
1388 1194
1354 1198
1324 1198
1304 1202
1300 1208
1308 1212
.PEN_UP
.PEN_DOWN
1232 1544
1230 1550
1220 1552
1216 1550
.PEN_UP

.COMMENT L:\PAPYRUS\TRACES94\MICHELE\THROUGH.BIN
.COMMENT X-Height=210 
.H_LINE 1200 1410
.PEN_DOWN
0 0
.PEN_UP

.COMMENT L:\PAPYRUS\TRACES94\MICHELE\THUMB.BIN
.COMMENT X-Height=210 
.H_LINE 1200 1410
.PEN_DOWN
102 1172
100 1166
108 1166
122 1182
154 1212
196 1260
252 1328
304 1404
350 1480
384 1550
410 1600
418 1634
422 1642
416 1622
408 1572
390 1500
366 1416
334 1316
308 1260
286 1240
272 1254
262 1286
262 1332
270 1376
284 1414
306 1436
336 1442
372 1440
418 1442
474 1452
528 1472
572 1504
608 1544
622 1590
620 1624
606 1650
584 1656
560 1636
536 1590
518 1526
502 1448
488 1368
478 1302
474 1254
470 1230
476 1232
484 1254
502 1284
518 1316
534 1344
544 1362
548 1360
548 1346
546 1322
544 1294
546 1260
556 1234
572 1218
600 1214
634 1220
666 1238
700 1264
728 1292
748 1320
758 1344
764 1362
764 1376
762 1376
756 1370
752 1350
748 1324
742 1292
738 1260
738 1238
744 1216
758 1208
778 1216
802 1232
826 1254
846 1280
860 1306
870 1324
872 1334
872 1338
872 1334
868 1320
866 1298
860 1276
860 1246
866 1224
872 1206
884 1202
912 1208
934 1230
952 1254
970 1282
984 1308
990 1330
990 1338
998 1342
1004 1334
1006 1318
1000 1290
984 1258
980 1230
978 1208
976 1194
980 1198
1016 1212
1028 1232
1044 1258
1064 1284
1080 1302
1094 1310
1104 1310
1108 1298
1110 1280
1110 1260
1110 1240
1114 1230
1120 1228
1134 1238
1154 1254
1174 1270
1196 1286
1212 1302
1220 1306
1222 1298
1222 1290
1222 1270
1224 1250
1236 1230
1262 1220
1302 1226
1352 1242
1408 1276
1468 1328
1514 1382
1550 1440
1570 1492
1578 1532
1574 1552
1562 1550
1544 1524
1522 1478
1498 1412
1478 1344
1468 1282
1470 1234
1486 1212
1518 1212
1554 1230
1590 1260
1614 1296
1626 1330
1622 1352
1610 1362
1600 1362
1610 1358
1638 1350
1690 1346
1760 1346
1836 1350
1904 1358
1956 1364
1996 1370
2016 1374
2022 1374
2024 1374
.PEN_UP

.COMMENT L:\PAPYRUS\TRACES94\MICHELE\TIGHTS.BIN
.COMMENT X-Height=210 
.H_LINE 1200 1410
.PEN_DOWN
100 1186
126 1208
166 1252
220 1310
278 1384
332 1462
378 1534
408 1594
426 1636
432 1662
430 1662
422 1636
410 1586
396 1518
380 1438
364 1358
354 1290
344 1240
336 1208
330 1194
336 1198
340 1214
348 1238
358 1264
366 1294
370 1322
374 1344
370 1358
370 1368
368 1372
.PEN_UP
.PEN_DOWN
474 1372
492 1382
500 1388
506 1394
510 1396
518 1396
522 1390
526 1384
526 1368
518 1344
502 1312
488 1280
474 1252
472 1228
478 1212
.PEN_UP
.PEN_DOWN
598 1456
602 1476
610 1488
616 1492
.PEN_UP
.PEN_DOWN
676 1376
684 1350
690 1334
696 1312
704 1304
718 1304
736 1312
758 1324
782 1342
796 1360
796 1376
782 1382
750 1378
714 1368
682 1352
666 1328
680 1310
714 1304
756 1306
796 1312
832 1322
848 1332
850 1334
844 1322
828 1294
812 1244
796 1178
782 1098
770 1016
760 938
754 872
740 822
716 798
688 794
652 810
614 840
584 880
562 926
558 968
572 1008
610 1050
666 1094
736 1146
822 1214
910 1286
988 1364
1050 1442
1096 1512
1122 1566
1132 1604
1124 1620
1108 1616
1084 1590
1060 1542
1040 1480
1020 1404
1006 1334
996 1272
992 1228
990 1202
994 1192
1008 1204
1028 1228
1050 1252
1072 1276
1088 1290
1098 1286
1096 1268
1094 1242
1094 1214
1102 1192
1126 1182
1166 1192
1224 1220
1284 1270
1344 1332
1394 1400
1428 1464
1450 1516
1458 1554
1458 1576
1454 1572
1444 1552
1432 1508
1418 1450
1406 1386
1398 1324
1400 1278
1418 1252
1446 1246
1484 1264
1524 1294
1564 1328
1592 1356
1614 1376
1622 1382
1624 1370
1622 1344
1618 1310
1614 1278
1606 1246
1598 1220
1588 1206
1570 1202
.PEN_UP
.PEN_DOWN
1324 1376
1290 1398
1266 1412
1254 1426
1270 1446
1322 1454
1400 1462
1498 1468
1606 1476
1708 1482
1786 1490
1836 1492
1862 1498
1872 1498
.PEN_UP
.PEN_DOWN
246 1464
224 1466
210 1472
194 1474
184 1476
194 1482
228 1492
298 1504
388 1520
484 1540
580 1558
654 1576
702 1586
720 1592
728 1592
.PEN_UP

.COMMENT L:\PAPYRUS\TRACES94\MICHELE\TRAUMA.BIN
.COMMENT X-Height=210 
.H_LINE 1200 1410
.PEN_DOWN
0 0
.PEN_UP
.PEN_DOWN
0 0
.PEN_UP

.COMMENT L:\PAPYRUS\TRACES94\MICHELE\TRIANGLE.BIN
.COMMENT X-Height=210 
.H_LINE 1200 1410
.PEN_DOWN
0 0
.PEN_UP
.PEN_DOWN
0 0
.PEN_UP
.PEN_DOWN
0 0
.PEN_UP
.PEN_DOWN
0 0
.PEN_UP

.COMMENT L:\PAPYRUS\TRACES94\MICHELE\USUALLY.BIN
.COMMENT X-Height=210 
.H_LINE 1200 1410
.PEN_DOWN
0 0
.PEN_UP

.COMMENT L:\PAPYRUS\TRACES94\MICHELE\VAGUELY.BIN
.COMMENT X-Height=210 
.H_LINE 1200 1410
.PEN_DOWN
0 0
.PEN_UP
.PEN_DOWN
0 0
.PEN_UP

.COMMENT L:\PAPYRUS\TRACES94\MICHELE\WHILE.BIN
.COMMENT X-Height=210 
.H_LINE 1200 1410
.PEN_DOWN
0 0
.PEN_UP
.PEN_DOWN
0 0
.PEN_UP
.PEN_DOWN
0 0
.PEN_UP

.COMMENT L:\PAPYRUS\TRACES94\MICHELE\YET.BIN
.COMMENT X-Height=210 
.H_LINE 1200 1410
.PEN_DOWN
0 0
.PEN_UP
.PEN_DOWN
0 0
.PEN_UP

.COMMENT L:\PAPYRUS\TRACES94\MICHELE\YOGHURT.BIN
.COMMENT X-Height=210 
.H_LINE 1200 1410
.PEN_DOWN
124 1378
122 1384
116 1382
110 1372
106 1358
104 1334
102 1306
100 1272
104 1244
114 1224
130 1212
156 1214
188 1234
224 1266
254 1306
278 1344
296 1376
302 1400
298 1404
290 1394
286 1362
276 1318
272 1256
266 1186
260 1100
250 1018
236 938
214 868
188 816
160 786
134 782
116 802
108 846
114 906
130 976
162 1048
202 1114
246 1176
288 1228
326 1270
354 1302
376 1322
384 1336
392 1346
392 1344
390 1330
392 1312
394 1290
404 1264
418 1242
440 1234
468 1246
498 1268
520 1298
532 1332
528 1360
512 1378
486 1386
458 1384
436 1368
.PEN_UP
.PEN_DOWN
692 1284
708 1302
722 1318
728 1334
722 1348
706 1352
680 1356
652 1348
628 1338
618 1324
628 1312
646 1306
672 1302
696 1294
714 1284
718 1266
716 1232
708 1186
698 1126
690 1058
680 996
668 938
652 890
632 864
610 854
588 864
564 890
552 928
552 990
572 1038
604 1086
652 1130
708 1180
772 1238
834 1298
888 1364
930 1428
958 1486
970 1528
972 1558
966 1576
952 1576
932 1556
914 1524
892 1474
874 1412
860 1352
850 1296
846 1252
848 1220
854 1206
864 1204
876 1216
890 1232
906 1256
920 1278
932 1290
944 1296
952 1294
956 1282
958 1264
964 1246
972 1228
988 1216
1010 1208
1036 1214
1062 1224
1086 1240
1106 1256
1120 1272
1126 1282
1128 1290
1132 1286
1128 1276
1126 1258
1124 1240
1128 1216
1144 1202
1166 1192
1206 1204
1236 1226
1256 1254
1264 1286
1256 1316
1238 1332
1214 1338
.PEN_UP
.PEN_DOWN
1294 1320
1298 1330
1302 1334
1302 1336
1302 1328
1306 1306
1308 1286
1310 1260
1318 1240
1328 1226
1342 1224
1360 1232
1382 1254
1400 1278
1414 1302
1422 1320
1422 1330
1414 1328
1408 1310
1400 1290
1402 1258
1414 1238
1434 1224
1462 1218
1490 1228
1514 1244
1532 1266
1544 1286
1550 1306
1550 1320
1552 1332
1558 1336
1572 1344
1590 1346
1608 1346
1624 1342
1632 1334
1630 1318
1624 1296
1616 1270
1614 1244
1620 1220
1642 1206
1674 1208
1722 1230
1774 1268
1818 1320
1856 1378
1884 1438
1906 1490
1916 1526
1920 1546
1918 1544
1910 1524
1894 1486
1876 1434
1862 1376
1852 1322
1854 1278
1876 1250
1910 1238
1956 1242
.PEN_UP
.PEN_DOWN
1904 1390
1852 1396
1802 1394
1790 1394
1812 1400
1866 1412
1938 1422
2024 1436
2110 1448
2180 1460
2228 1466
.PEN_UP
