
.WRITER_ID Chris_Hess
.STYLE PRINTED
.PEN_DOWN
	303	1768
	305	1772
	306	1775
	304	1775
	296	1775
	288	1772
	274	1768
	255	1761
	234	1750
	217	1739
	207	1732
	202	1726
	200	1722
	205	1718
	219	1716
	234	1713
	250	1708
	263	1702
	272	1693
	279	1685
	279	1676
	275	1669
	266	1662
	252	1655
	237	1650
	221	1649
	207	1653
	198	1657
	191	1665
	189	1669
	189	1672
	194	1670
.PEN_UP
.PEN_DOWN
	362	1705
	362	1705
	363	1702
	362	1696
	363	1688
	365	1679
	369	1673
	370	1665
	372	1664
	372	1662
	372	1662
	368	1665
	362	1675
	359	1687
	357	1698
	359	1712
	364	1718
	373	1725
	385	1729
	399	1735
	413	1734
	424	1732
.PEN_UP
.PEN_DOWN
	435	1656
	435	1655
	435	1655
	435	1656
	437	1655
	438	1655
	443	1652
.PEN_UP
.PEN_DOWN
	712	1772
	706	1775
	699	1775
	690	1776
	681	1772
	667	1767
	652	1756
	639	1745
	632	1732
	629	1722
	632	1716
	641	1708
	658	1702
	678	1705
	697	1708
	712	1716
	719	1718
	719	1718
	718	1718
	708	1712
	697	1706
	685	1695
	675	1685
	667	1675
	663	1663
	663	1655
	667	1649
	680	1642
	695	1635
	712	1638
.PEN_UP
.PEN_DOWN
	788	1722
	786	1716
	785	1704
	787	1692
	791	1676
	792	1662
	795	1655
	795	1650
	795	1649
	795	1650
	794	1653
	792	1666
	794	1679
	800	1696
	811	1710
	825	1718
	837	1719
	846	1715
	856	1703
	859	1688
	860	1675
	859	1662
	857	1645
	856	1636
	855	1629
	860	1623
.PEN_UP
.PEN_DOWN
	965	1698
	974	1708
	977	1712
	976	1719
	967	1722
	955	1722
	940	1715
	925	1705
	913	1693
	906	1679
	906	1662
	913	1654
	926	1643
	942	1643
	953	1643
	964	1650
	970	1659
	976	1673
	976	1685
	976	1693
	973	1695
	973	1692
	973	1679
	978	1659
	983	1637
	990	1616
	996	1592
	998	1576
	1000	1560
	998	1550
	990	1543
	978	1540
	961	1539
	944	1543
	929	1550
	918	1559
	911	1566
	911	1573
.PEN_UP
.PEN_DOWN
	1045	1726
	1043	1728
	1043	1724
	1045	1709
	1049	1689
	1050	1672
	1054	1655
	1054	1641
	1054	1630
	1054	1626
	1052	1629
	1048	1636
.PEN_UP
.PEN_DOWN
	1098	1702
	1101	1692
	1105	1682
	1107	1670
	1110	1656
	1112	1645
	1115	1637
	1115	1635
	1114	1634
	1114	1636
	1112	1649
	1114	1669
	1116	1689
	1127	1705
	1141	1719
	1154	1725
	1163	1719
	1170	1709
	1172	1695
	1174	1679
	1172	1663
	1172	1650
	1170	1639
	1172	1630
	1174	1629
.PEN_UP
.PEN_DOWN
	1213	1688
	1217	1682
	1221	1679
	1231	1673
	1246	1669
	1269	1673
	1285	1676
	1303	1685
	1313	1698
	1317	1708
	1316	1718
	1308	1728
	1300	1732
	1286	1732
	1273	1727
	1260	1718
	1249	1708
	1243	1693
	1240	1679
	1239	1663
	1244	1649
	1250	1636
	1262	1630
	1275	1626
.PEN_UP
.PEN_DOWN
	1367	1711
	1365	1705
	1363	1699
	1367	1692
	1376	1682
	1387	1676
	1400	1675
	1413	1679
	1427	1688
	1439	1698
	1447	1712
	1449	1726
	1447	1735
	1440	1742
	1427	1742
	1413	1738
	1398	1728
	1387	1715
	1378	1698
	1374	1682
	1376	1665
	1382	1650
	1391	1639
	1407	1634
	1425	1635
.PEN_UP
.PEN_DOWN
	1501	1735
	1499	1728
	1497	1716
	1496	1702
	1498	1685
	1498	1666
	1501	1653
	1505	1639
	1508	1633
	1509	1632
	1509	1632
	1512	1636
	1513	1650
	1514	1669
	1518	1688
	1525	1706
	1537	1715
	1552	1722
	1570	1721
	1589	1718
	1604	1715
	1614	1712
	1617	1709
	1617	1709
.PEN_UP
.PEN_DOWN
	212	1388
	212	1397
	214	1403
	214	1403
	217	1403
	219	1390
	221	1368
	222	1345
	223	1318
	223	1291
	222	1274
	223	1271
	222	1271
	221	1275
	220	1287
	221	1307
	223	1331
	228	1360
	241	1387
	250	1403
	256	1411
	262	1411
	268	1401
	272	1387
	274	1365
	275	1348
	272	1331
	270	1317
	269	1311
	268	1311
	268	1315
	272	1331
	279	1347
	286	1369
	296	1389
	305	1401
	310	1403
	317	1397
	321	1381
	324	1360
	328	1341
	329	1324
	332	1308
	332	1295
	338	1287
	343	1285
.PEN_UP
.PEN_DOWN
	439	1367
	437	1370
	435	1370
	431	1374
	426	1374
	417	1370
	404	1358
	390	1340
	379	1321
	372	1304
	371	1292
	375	1282
	388	1281
	408	1285
	426	1294
	440	1307
	450	1324
	455	1341
	453	1354
	448	1364
	446	1364
	440	1360
	437	1349
	435	1334
	437	1321
	441	1307
	449	1294
	463	1287
	482	1284
.PEN_UP
.PEN_DOWN
	522	1374
	519	1361
	518	1347
	517	1328
	518	1311
	520	1294
	524	1282
	524	1274
	525	1271
	525	1271
	526	1282
	524	1295
	523	1312
	525	1331
	531	1345
	538	1355
	547	1357
	558	1355
	565	1344
	571	1331
	577	1315
	580	1302
	585	1288
	591	1277
	599	1268
.PEN_UP
.PEN_DOWN
	733	1355
	737	1364
	734	1377
	730	1387
	718	1397
	701	1397
	684	1390
	666	1377
	652	1358
	643	1340
	642	1325
	646	1311
	654	1301
	672	1297
	690	1301
	708	1310
	721	1321
	733	1334
	734	1348
	737	1364
	735	1374
	734	1378
	732	1377
	727	1368
	723	1355
	721	1339
	721	1324
	725	1308
	737	1295
.PEN_UP
.PEN_DOWN
	848	1375
	840	1384
	831	1387
	819	1384
	804	1376
	788	1361
	775	1346
	770	1331
	771	1318
	777	1308
	786	1302
	802	1301
	815	1308
	826	1318
	833	1331
	837	1344
	838	1361
	838	1370
	838	1370
	835	1365
	835	1344
	835	1324
	835	1298
	835	1277
	835	1254
	835	1235
	833	1224
	828	1215
	822	1208
	813	1205
	799	1203
	783	1204
	768	1208
	755	1214
	746	1222
	744	1235
.PEN_UP
.PEN_DOWN
	884	1334
	886	1334
	894	1334
	902	1332
	915	1331
	930	1334
	945	1338
	960	1347
	969	1358
	976	1368
	978	1380
	978	1390
	974	1393
	962	1394
	947	1384
	931	1374
	918	1357
	909	1340
	906	1324
	911	1313
	922	1302
	938	1295
	958	1292
	982	1293
.PEN_UP
.PEN_DOWN
	1060	1380
	1056	1368
	1054	1350
	1054	1334
	1056	1317
	1056	1305
	1060	1292
	1061	1288
	1061	1284
	1061	1284
	1061	1291
	1060	1307
	1063	1328
	1067	1348
	1074	1368
	1086	1377
	1099	1384
	1119	1384
	1139	1384
	1157	1380
	1168	1374
.PEN_UP
.PEN_DOWN
	310	1092
	317	1106
	319	1112
	317	1116
	310	1118
	301	1115
	290	1113
	274	1103
	256	1093
	243	1083
	236	1076
	234	1072
	238	1069
	252	1063
	272	1062
	290	1055
	305	1045
	317	1033
	324	1022
	326	1010
	323	1000
	317	992
	305	987
	291	983
	274	983
	259	987
	247	996
	237	1000
	232	1007
.PEN_UP
.PEN_DOWN
	417	1062
	417	1065
	412	1070
	399	1066
	384	1059
	369	1043
	352	1022
	339	1007
	332	989
	335	979
	344	973
	361	973
	382	983
	397	992
	413	1008
	419	1026
	421	1042
	417	1054
	415	1060
	410	1060
	406	1053
	404	1040
	404	1023
	406	1009
	413	996
	424	986
	437	979
	458	983
.PEN_UP
.PEN_DOWN
	500	1145
	495	1139
	489	1128
	486	1108
	489	1085
	491	1059
	493	1036
	495	1009
	496	983
	497	969
	502	966
.PEN_UP
.PEN_DOWN
	533	1033
	536	1026
	538	1016
	544	1007
	553	1002
	566	1003
	579	1007
	589	1016
	596	1026
	599	1042
	596	1055
	591	1065
	585	1066
	574	1065
	560	1057
	549	1042
	536	1021
	529	1002
	529	983
	535	965
	547	953
	567	949
	591	953
.PEN_UP
.PEN_DOWN
	710	1079
	700	1080
	685	1076
	669	1069
	654	1056
	647	1049
	647	1042
	657	1036
	674	1030
	692	1026
	708	1023
	721	1012
	728	1006
	732	997
	732	990
	730	980
	721	973
	710	969
	696	964
	684	960
	670	961
	654	963
.PEN_UP
.PEN_DOWN
	191	788
	189	796
	189	804
	189	807
	190	804
	193	794
	198	777
	203	757
	210	735
	216	718
	219	705
	221	700
	221	697
	222	697
	221	704
	216	717
	212	734
	205	750
	200	767
	198	778
	198	788
	200	798
	209	813
	223	827
	238	838
	249	841
	261	841
	271	831
	279	820
	283	808
	283	797
	278	788
	267	777
	255	770
	240	767
	226	770
	216	772
	212	774
	212	774
	214	772
	218	764
	227	749
	236	735
	244	725
	252	715
	258	708
	263	704
	267	701
	271	697
	277	692
.PEN_UP
.PEN_DOWN
	317	755
	319	750
	323	745
	329	737
	338	731
	348	727
	361	727
	372	731
	379	738
	384	747
	382	757
	375	767
	366	774
	353	775
	339	774
	327	764
	317	748
	312	731
	312	712
	317	695
	328	683
	341	675
	366	671
.PEN_UP
.PEN_DOWN
	417	750
	413	745
	413	731
	418	712
	424	689
	428	665
	433	641
	437	618
	437	601
	440	595
	439	596
	442	601
	441	619
	441	644
	438	673
	438	704
	441	734
	447	754
	455	764
	461	768
	470	768
	480	760
	489	754
	495	740
	498	725
	496	711
	490	702
	482	697
	471	694
	455	694
	442	695
	432	697
	428	701
.PEN_UP
.PEN_DOWN
	565	798
	563	800
	564	794
	565	779
	569	760
	573	738
	578	718
	581	701
	585	688
	584	681
	585	682
	585	681
	581	692
	576	708
	573	728
	574	747
	577	760
	583	771
	592	776
	603	777
	616	775
	630	775
.PEN_UP
.PEN_DOWN
	657	727
	657	718
	663	712
	676	708
	695	711
	713	715
	726	724
	739	734
	744	747
	746	761
	742	771
	737	777
	727	774
	714	767
	704	754
	694	738
	690	721
	688	707
	694	694
	708	684
	725	683
.PEN_UP
.PEN_DOWN
	846	800
	835	801
	820	798
	804	794
	791	781
	785	774
	786	764
	797	757
	813	751
	830	747
	846	745
	861	738
	871	734
	876	728
	878	721
	875	715
	868	707
	858	701
	846	696
	833	694
	820	692
	811	695
	806	699
.PEN_UP
.PEN_DOWN
	886	738
	889	738
	898	737
	909	734
	923	735
	938	734
	952	740
	964	748
	973	757
	978	768
	978	780
	973	790
	967	794
	959	791
	949	787
	940	774
	931	757
	927	738
	926	722
	931	707
	940	697
	954	692
	971	691
	989	694
.PEN_UP
.PEN_DOWN
	1040	781
	1039	774
	1036	760
	1036	747
	1036	727
	1036	711
	1036	697
	1036	688
	1036	684
	1036	683
	1036	685
	1039	697
	1040	714
	1045	735
	1052	754
	1061	767
	1074	775
	1083	775
	1092	770
	1101	764
	1110	751
	1119	738
	1125	725
	1130	714
	1134	705
	1135	697
	1136	691
	1139	684
.PEN_UP
.PEN_DOWN
	1182	814
	1183	814
	1188	809
	1198	801
	1212	794
	1231	787
	1251	784
	1270	780
.PEN_UP
.PEN_DOWN
	1217	843
	1220	850
	1219	853
	1224	851
	1230	838
	1233	813
	1235	790
	1238	764
	1237	738
	1238	715
	1235	701
	1233	692
	1233	692
	1233	694
	1228	702
.PEN_UP
.PEN_DOWN
	1340	790
	1331	790
	1322	787
	1311	784
	1300	780
	1293	767
	1289	755
	1287	741
	1288	727
	1293	717
	1302	708
	1316	709
	1329	714
	1342	724
	1349	737
	1351	750
	1351	768
	1349	777
	1346	780
	1343	780
	1337	771
	1337	758
	1338	744
	1343	730
	1353	717
	1367	705
	1378	701
.PEN_UP
.PEN_DOWN
	1429	884
	1427	891
	1427	893
	1427	893
	1430	880
	1434	858
	1439	831
	1442	804
	1445	778
	1449	754
	1451	734
	1451	720
	1454	714
	1454	714
	1454	715
	1454	722
.PEN_UP
.PEN_DOWN
	1394	814
	1392	814
	1394	810
	1404	807
	1423	804
	1446	799
	1466	800
	1479	800
	1487	798
	1492	794
	1494	790
.PEN_UP
.PEN_DOWN
	1554	794
	1554	794
	1555	787
	1554	774
	1552	754
	1552	734
	1552	717
	1550	704
	1550	694
	1550	691
	1548	692
	1547	698
.PEN_UP
.PEN_DOWN
	1554	887
	1553	887
	1554	884
	1559	871
.PEN_UP
.PEN_DOWN
	1606	804
	1608	794
	1614	777
	1622	760
	1628	741
	1637	724
	1644	711
	1650	705
	1653	702
	1655	702
	1658	704
	1664	711
	1670	724
	1677	741
	1685	760
	1693	781
	1702	798
	1706	813
	1711	823
	1713	830
	1713	834
.PEN_UP
.PEN_DOWN
	1735	750
	1737	747
	1740	745
	1749	744
	1764	741
	1778	745
	1791	748
	1804	757
	1814	770
	1819	784
	1820	797
	1816	804
	1805	804
	1787	801
	1769	791
	1751	777
	1740	759
	1733	738
	1733	721
	1740	707
	1749	694
	1762	684
	1778	681
	1794	678
	1807	675
.PEN_UP
.PEN_DOWN
	553	457
	552	450
	551	439
	551	432
	553	424
	554	422
	554	422
	556	426
	556	432
	551	440
	544	449
	535	456
	524	460
	506	453
	490	439
	473	419
	462	397
	455	367
	451	340
	451	317
	462	303
	482	300
	509	304
	533	313
	556	320
	572	330
.PEN_UP
.PEN_DOWN
	638	416
	643	409
	643	397
	643	381
	645	363
	647	343
	648	327
	650	311
	652	300
	652	297
	652	297
	657	303
.PEN_UP
.PEN_DOWN
	641	407
	641	410
	643	412
	656	416
	676	419
	701	420
	721	423
	742	423
	761	425
	777	426
.PEN_UP
.PEN_DOWN
	663	366
	654	359
	654	357
	659	357
	676	356
	701	359
	725	363
	745	364
	763	362
	770	359
.PEN_UP
.PEN_DOWN
	672	297
	661	289
	656	283
	654	283
	661	281
	676	284
	704	292
	730	297
	754	303
	779	306
.PEN_UP
.PEN_DOWN
	985	429
	978	429
	964	426
	945	416
	925	397
	907	373
	896	350
	894	330
	902	310
	918	296
	942	293
	967	294
	993	304
	1016	319
	1031	335
	1036	350
	1034	369
	1023	393
	1009	413
	993	432
	982	444
.PEN_UP
