
.WRITER_ID Chris_Hess
.STYLE PRINTED
.PEN_DOWN
	491	1739
	485	1738
	482	1738
	482	1738
	487	1742
	498	1745
	510	1752
	523	1752
	534	1756
	544	1753
	549	1751
	552	1746
	550	1736
	543	1726
	532	1716
	519	1708
	509	1702
	500	1699
	498	1700
	498	1698
	505	1702
	518	1708
	534	1710
	545	1709
	556	1706
	567	1697
	571	1685
	573	1672
	571	1659
	562	1650
	554	1642
	541	1636
	527	1635
	513	1636
	505	1640
	495	1647
	494	1653
.PEN_UP
.PEN_DOWN
	667	1742
	667	1743
	668	1744
	666	1738
	667	1722
	668	1706
	667	1688
	670	1669
	668	1653
	668	1643
	669	1641
	670	1643
	674	1652
	676	1669
	679	1691
	683	1715
	686	1738
	690	1756
	692	1766
	693	1766
	695	1766
	699	1758
	705	1745
	710	1728
	716	1713
	721	1698
	725	1689
	728	1686
	730	1687
	737	1692
	741	1708
	743	1725
	746	1742
	750	1761
	753	1769
	755	1771
	759	1768
	766	1758
	772	1746
	779	1732
	782	1717
	784	1698
	786	1679
	786	1659
	784	1646
	785	1643
	785	1642
	786	1642
	788	1643
	791	1645
	795	1650
	797	1655
	801	1658
.PEN_UP
.PEN_DOWN
	221	1367
	221	1365
	218	1365
	218	1362
	221	1364
	225	1374
	233	1387
	241	1404
	251	1427
	265	1453
	281	1480
	288	1497
	290	1503
	291	1505
	290	1505
	291	1504
	296	1493
	299	1477
	301	1463
	305	1443
	310	1427
	314	1410
	315	1401
	317	1394
	317	1391
	316	1390
	312	1394
.PEN_UP
.PEN_DOWN
	245	1434
	243	1437
	248	1437
	258	1438
	272	1440
	289	1440
	302	1441
	316	1443
.PEN_UP
.PEN_DOWN
	360	1450
	357	1450
	357	1450
	363	1449
	375	1449
.PEN_UP
.PEN_DOWN
	482	1543
	480	1543
	480	1543
	480	1534
	480	1521
	475	1503
	471	1486
	468	1470
	468	1451
	466	1433
	465	1420
	465	1411
	465	1410
	467	1408
	471	1413
.PEN_UP
.PEN_DOWN
	729	1516
	730	1524
	730	1523
	730	1517
	728	1500
	725	1481
	722	1460
	720	1437
	717	1417
	717	1403
	717	1398
	716	1397
.PEN_UP
.PEN_DOWN
	703	1526
	702	1533
	708	1540
	721	1546
	741	1550
	759	1553
	775	1547
	783	1537
	790	1529
	788	1519
	781	1504
	770	1494
	757	1486
	744	1480
	734	1476
	723	1473
	719	1472
.PEN_UP
.PEN_DOWN
	849	1553
	848	1556
	846	1550
	842	1536
	839	1519
	833	1496
	829	1471
	824	1447
	818	1423
	814	1404
	813	1394
	813	1392
.PEN_UP
.PEN_DOWN
	895	1490
	895	1493
	896	1486
	891	1474
	888	1460
	886	1444
	886	1434
	887	1424
	886	1418
	888	1411
	891	1411
	898	1411
	910	1417
	920	1426
	929	1437
	940	1450
	945	1462
	945	1465
	944	1467
	945	1466
	944	1460
	943	1450
	942	1434
	943	1421
	944	1411
	952	1403
	961	1398
	972	1396
.PEN_UP
.PEN_DOWN
	1020	1484
	1016	1477
	1014	1463
	1014	1451
	1011	1434
	1010	1420
	1009	1410
	1007	1403
	1007	1400
	1007	1403
	1010	1415
	1016	1430
	1025	1444
	1034	1457
	1048	1466
	1054	1466
	1060	1463
	1067	1454
	1067	1444
	1067	1433
	1068	1422
	1065	1413
	1065	1409
	1065	1408
	1063	1410
	1067	1418
	1072	1430
	1081	1443
	1088	1453
	1101	1464
	1112	1470
	1119	1466
	1126	1460
	1128	1447
	1126	1435
	1124	1420
	1121	1410
	1121	1400
	1121	1394
	1123	1393
	1128	1398
.PEN_UP
.PEN_DOWN
	1213	1566
	1212	1566
	1210	1559
	1208	1543
	1205	1523
	1202	1500
	1199	1476
	1197	1451
	1197	1431
	1195	1418
	1195	1414
	1195	1413
	1197	1421
	1206	1437
	1215	1453
	1226	1474
	1239	1490
	1251	1500
	1259	1503
	1266	1503
	1271	1493
	1273	1481
	1273	1463
	1268	1447
	1264	1430
	1255	1417
	1246	1408
	1235	1403
	1224	1400
	1213	1403
	1204	1408
	1197	1413
.PEN_UP
.PEN_DOWN
	1327	1484
	1326	1486
	1326	1486
	1324	1483
	1320	1470
	1316	1455
	1313	1441
	1308	1428
	1305	1417
	1302	1410
	1304	1410
	1306	1413
.PEN_UP
.PEN_DOWN
	1362	1577
	1362	1577
	1362	1576
	1363	1555
.PEN_UP
.PEN_DOWN
	1391	1486
	1389	1473
	1385	1464
	1382	1450
	1380	1437
	1376	1424
	1374	1417
	1373	1413
	1373	1411
	1373	1413
	1376	1424
	1384	1441
	1391	1456
	1403	1473
	1415	1484
	1425	1490
	1431	1493
	1436	1490
	1438	1480
	1438	1466
	1436	1450
	1432	1437
	1429	1423
	1427	1415
	1429	1406
	1436	1404
.PEN_UP
.PEN_DOWN
	1536	1473
	1543	1481
	1541	1484
	1539	1487
	1536	1490
	1528	1486
	1516	1477
	1503	1466
	1494	1450
	1489	1439
	1487	1427
	1488	1420
	1494	1415
	1503	1413
	1516	1417
	1527	1427
	1535	1437
	1541	1451
	1546	1463
	1547	1466
	1547	1466
	1546	1457
	1541	1444
	1539	1427
	1537	1407
	1535	1384
	1532	1364
	1528	1341
	1523	1326
	1518	1314
	1512	1308
	1501	1304
	1490	1304
	1479	1311
	1465	1318
	1454	1331
	1442	1337
.PEN_UP
.PEN_DOWN
	458	1132
	455	1129
	454	1129
	453	1132
	455	1135
	461	1145
	468	1155
	480	1171
	491	1188
	505	1211
	520	1239
	533	1261
	538	1277
	545	1287
	544	1291
	544	1292
	545	1292
	547	1284
	547	1268
	547	1248
	547	1228
	544	1205
	542	1182
	542	1166
	543	1156
	542	1152
	540	1148
	540	1152
.PEN_UP
.PEN_DOWN
	500	1212
	498	1215
	497	1215
	504	1212
	513	1206
	527	1205
	549	1205
	569	1207
.PEN_UP
.PEN_DOWN
	653	1215
	650	1205
	644	1191
	643	1175
	641	1152
	635	1123
	634	1099
	632	1079
	632	1072
.PEN_UP
.PEN_DOWN
	640	1215
	645	1228
	654	1235
	666	1241
	681	1240
	692	1231
	703	1219
	708	1202
	710	1186
	706	1172
	696	1158
	684	1148
	670	1142
	656	1142
	645	1149
.PEN_UP
.PEN_DOWN
	751	1205
	750	1200
	752	1185
	753	1172
	752	1152
	749	1131
	745	1109
	740	1089
	735	1079
	733	1075
	732	1079
	730	1095
	732	1115
	735	1145
	742	1175
	757	1205
	772	1225
	786	1238
	797	1241
	805	1234
	810	1225
	813	1211
	813	1195
	810	1181
	803	1166
	795	1157
	786	1148
	777	1147
	766	1149
	754	1149
.PEN_UP
.PEN_DOWN
	914	1328
	909	1326
	900	1317
	893	1300
	886	1280
	877	1255
	869	1230
	862	1205
	859	1186
	860	1173
	866	1165
	877	1161
	893	1165
	911	1169
.PEN_UP
.PEN_DOWN
	960	1245
	958	1241
	956	1234
	957	1225
	961	1219
	965	1215
	973	1211
	987	1215
	1000	1218
	1016	1228
	1028	1241
	1036	1254
	1041	1265
	1039	1273
	1031	1275
	1016	1271
	997	1259
	978	1245
	963	1231
	953	1211
	949	1195
	951	1179
	958	1166
	972	1156
	989	1152
	1007	1148
	1028	1152
	1043	1155
	1052	1158
.PEN_UP
.PEN_DOWN
	241	1039
	239	1037
	232	1030
	231	1012
	228	996
	225	973
	223	949
	218	926
	216	913
	216	906
	217	904
.PEN_UP
.PEN_DOWN
	202	1036
	200	1036
	203	1040
	214	1042
	232	1046
	251	1046
	270	1045
	283	1040
	295	1039
	298	1032
	302	1026
	298	1020
	288	1009
	277	999
	261	989
	247	984
	234	980
	228	980
	226	981
	228	985
	240	988
	254	989
	270	989
	285	986
	298	979
	308	969
	315	956
	314	943
	308	928
	299	916
	288	910
	274	906
	261	906
	246	907
	232	914
	221	920
	217	927
	221	926
.PEN_UP
.PEN_DOWN
	409	978
	410	986
	410	987
	406	989
	397	986
	386	980
	375	973
	362	960
	350	946
	339	934
	335	925
	334	916
	337	907
	346	904
	360	907
	375	914
	388	920
	401	933
	409	947
	413	960
	414	973
	413	974
	413	975
	408	973
	406	963
	403	947
	401	933
	401	920
	406	906
	417	897
	433	897
	452	903
.PEN_UP
.PEN_DOWN
	486	978
	482	969
	480	956
	480	942
	477	927
	477	916
	475	906
	476	904
	475	903
	474	907
	474	920
	477	936
	484	954
	496	966
	509	970
	518	970
	524	966
	532	956
	536	944
	538	933
	538	917
	536	906
	536	896
	540	893
	545	893
.PEN_UP
.PEN_DOWN
	645	1039
	643	1039
	642	1039
	636	1026
	632	1010
	627	986
	623	967
	618	946
	615	926
	611	910
	612	900
	611	900
	616	902
.PEN_UP
.PEN_DOWN
	697	1009
	697	1009
	696	1008
	690	1000
	678	990
	668	983
	654	973
	638	965
	626	958
	619	953
	616	950
	619	944
	629	936
	643	929
	659	919
	672	914
	689	906
	703	903
.PEN_UP
.PEN_DOWN
	882	970
	882	983
	880	992
	873	993
	862	993
	849	983
	837	969
	829	956
	821	940
	822	926
	828	914
	837	910
	853	910
	871	916
	886	927
	898	940
	904	951
	902	963
	895	976
	885	990
	872	997
	859	1000
	851	997
.PEN_UP
.PEN_DOWN
	929	1007
	931	1013
	944	1016
	962	1016
	985	1016
	1007	1016
	1025	1012
.PEN_UP
.PEN_DOWN
	1038	1065
	1039	1079
	1039	1089
	1034	1095
	1023	1096
	1010	1093
	996	1079
	982	1062
	972	1043
	964	1017
	958	992
	953	969
	952	944
	949	926
	947	916
	947	910
	947	911
	947	920
.PEN_UP
.PEN_DOWN
	1159	1045
	1153	1040
	1153	1039
	1161	1032
	1179	1032
	1202	1034
	1232	1039
.PEN_UP
.PEN_DOWN
	1226	1097
	1231	1107
	1230	1108
	1230	1108
	1221	1099
	1211	1081
	1199	1059
	1186	1033
	1172	1007
	1163	983
	1162	966
	1166	956
	1177	950
	1195	954
	1216	960
	1237	966
	1255	979
.PEN_UP
.PEN_DOWN
	1322	1112
	1320	1112
	1317	1109
	1313	1099
	1311	1079
	1308	1060
	1302	1036
	1297	1010
	1291	987
	1284	969
	1279	957
	1277	952
	1275	953
	1275	953
	1277	956
	1279	963
	1284	966
	1291	973
	1300	980
	1308	983
	1315	989
	1317	990
	1319	992
	1320	992
	1320	991
	1320	993
	1322	996
	1322	1000
	1326	1000
	1332	1002
	1338	1006
	1343	1002
	1348	999
	1351	992
	1353	983
	1351	969
	1349	957
	1346	945
	1342	933
	1340	926
	1340	923
	1340	923
	1345	926
.PEN_UP
.PEN_DOWN
	1411	970
	1412	970
	1412	973
	1418	972
	1427	969
	1438	973
	1449	980
	1460	989
	1467	998
	1470	1007
	1468	1013
	1461	1019
	1447	1018
	1431	1012
	1418	999
	1408	986
	1403	970
	1401	954
	1406	940
	1416	927
	1434	920
	1454	914
.PEN_UP
.PEN_DOWN
	629	778
	642	800
	652	817
	654	817
	652	814
	649	794
	642	774
	635	750
	629	724
	623	694
	618	671
	619	659
	624	658
	636	664
	652	678
	666	698
	678	718
	687	741
	694	754
	697	758
	697	760
	694	755
	690	738
	690	721
	690	702
	692	685
	699	668
	708	658
	721	659
	737	664
	749	681
	759	698
	766	721
	771	744
	770	765
	763	784
	757	791
	752	794
	747	794
.PEN_UP
.PEN_DOWN
	806	698
	806	694
	809	695
	818	694
	829	694
	842	701
	853	707
	862	717
	866	731
	866	745
	862	754
	852	760
	839	758
	824	747
	808	734
	797	718
	790	701
	792	684
	799	671
	813	661
	833	655
	858	658
.PEN_UP
.PEN_DOWN
	967	757
	967	765
	961	768
	949	768
	936	761
	926	750
	922	744
	924	735
	929	727
	940	721
	953	714
	967	707
	976	702
	982	692
	982	685
	978	678
	969	671
	955	667
	940	662
	929	661
	920	662
	920	661
	924	668
	935	674
.PEN_UP
.PEN_DOWN
	1081	847
	1083	851
	1083	850
	1079	843
	1072	828
	1065	804
	1056	778
	1047	747
	1039	717
	1035	694
	1036	681
	1043	671
	1054	664
	1069	668
	1087	671
	1103	678
	1116	688
	1128	701
.PEN_UP
.PEN_DOWN
	1048	791
	1041	794
	1040	794
	1041	794
	1054	794
	1072	794
	1099	794
	1123	798
	1144	804
	1161	807
	1168	810
	1171	811
.PEN_UP
