
.WRITER_ID Deborah_Bray
.STYLE MIXED

.PEN_DOWN
702 15664
700 15654
700 15644
700 15633
702 15623
702 15620
702 15617
706 15624
713 15641
716 15660
716 15681
713 15700
707 15714
700 15723
692 15727
682 15724
668 15713
654 15693
642 15665
636 15637
638 15611
648 15593
670 15584
694 15581
.PEN_UP
.PEN_DOWN
793 15646
790 15651
784 15653
775 15653
762 15647
750 15634
741 15620
737 15610
739 15597
745 15588
756 15583
769 15584
782 15593
790 15607
795 15617
799 15630
801 15640
803 15647
806 15650
808 15654
814 15658
818 15658
819 15657
821 15655
821 15653
821 15650
821 15647
823 15645
823 15644
823 15644
823 15644
823 15643
823 15640
823 15637
823 15631
823 15627
823 15620
823 15611
821 15604
822 15597
826 15593
830 15590
835 15590
842 15591
847 15593
855 15597
861 15603
869 15611
875 15617
882 15627
886 15633
890 15637
892 15641
894 15643
895 15647
895 15647
896 15647
897 15647
897 15647
898 15647
898 15647
899 15647
899 15647
899 15646
899 15644
899 15643
899 15641
901 15637
901 15631
903 15624
905 15620
910 15614
913 15610
917 15604
921 15603
924 15601
929 15601
933 15603
939 15607
946 15611
951 15617
957 15627
964 15634
970 15642
977 15648
985 15651
992 15653
996 15653
999 15652
1003 15648
1004 15640
1004 15631
1004 15622
1003 15617
1003 15611
1003 15610
1003 15609
1005 15611
1011 15617
1019 15624
1026 15633
1033 15638
1037 15641
1039 15641
1043 15637
1047 15631
1050 15620
1052 15611
1056 15603
1060 15601
1067 15601
1078 15603
1091 15613
.PEN_UP
.PEN_DOWN
1132 15713
1132 15724
1134 15731
1134 15734
1134 15735
1136 15731
1132 15718
1127 15694
1123 15670
1123 15647
1127 15627
1136 15613
1149 15603
1164 15600
1179 15601
1193 15607
1205 15620
1214 15633
1218 15648
1220 15660
1216 15668
1214 15670
1207 15668
1197 15654
1190 15637
1189 15620
1195 15603
1206 15593
1222 15587
1237 15587
1252 15594
1265 15604
1278 15617
1287 15627
1294 15634
1298 15637
1301 15634
1305 15627
1311 15613
1314 15600
1319 15590
1324 15581
1328 15577
1332 15577
.PEN_UP
.PEN_DOWN
998 15697
1009 15697
1031 15698
1062 15701
1099 15704
1140 15711
1178 15717
1203 15718
1218 15718
1227 15717
.PEN_UP
.PEN_DOWN
679 15457
681 15461
681 15461
681 15463
681 15464
682 15461
682 15451
682 15436
681 15426
681 15420
681 15419
681 15419
680 15420
680 15426
679 15437
676 15450
674 15461
670 15471
665 15476
659 15476
646 15472
634 15460
626 15441
621 15420
620 15396
623 15376
630 15359
640 15350
658 15349
679 15353
698 15364
717 15377
731 15390
742 15404
750 15416
758 15425
764 15430
769 15433
773 15432
775 15426
776 15413
778 15400
777 15386
780 15374
783 15367
789 15360
797 15359
810 15360
.PEN_UP
.PEN_DOWN
897 15410
895 15416
892 15417
885 15417
877 15414
867 15405
860 15394
855 15384
854 15376
856 15367
863 15364
872 15366
882 15370
891 15377
899 15387
905 15400
912 15410
920 15420
927 15426
937 15430
946 15433
957 15430
965 15430
971 15427
973 15422
974 15414
970 15403
966 15394
964 15386
964 15380
965 15376
972 15373
983 15374
992 15377
1002 15383
1009 15390
1015 15399
1020 15406
1022 15410
1022 15411
1022 15413
1023 15413
1022 15407
1026 15400
1032 15390
1039 15383
1046 15377
1057 15380
1069 15384
1082 15393
1094 15403
1106 15413
1116 15423
1123 15430
1130 15435
1136 15436
1141 15434
1145 15430
1149 15420
1149 15407
1150 15400
1152 15394
1152 15393
1153 15393
1155 15396
1158 15404
1166 15415
1175 15426
1186 15434
1196 15440
1203 15437
1210 15433
1216 15423
1221 15410
1223 15400
1227 15390
1231 15384
1235 15380
.PEN_UP
.PEN_DOWN
724 15256
723 15253
722 15243
723 15236
722 15227
722 15223
722 15220
722 15219
722 15219
721 15220
721 15226
722 15239
722 15253
721 15267
715 15276
711 15279
705 15283
693 15277
682 15265
672 15246
661 15221
657 15196
655 15170
659 15152
670 15139
685 15133
702 15134
722 15142
743 15156
756 15170
767 15185
772 15197
774 15203
774 15206
775 15207
774 15203
772 15190
771 15176
772 15163
774 15153
778 15149
784 15147
793 15152
803 15160
812 15172
817 15183
823 15189
825 15193
825 15193
826 15193
825 15193
823 15183
823 15169
823 15156
829 15146
836 15140
847 15137
858 15142
871 15152
884 15160
894 15170
901 15183
906 15193
910 15199
912 15203
913 15203
914 15203
918 15197
921 15187
927 15173
933 15166
940 15160
948 15156
955 15153
961 15156
965 15156
968 15159
972 15160
974 15162
978 15167
.PEN_UP
.PEN_DOWN
1028 15263
1028 15266
1028 15263
1028 15253
1026 15233
1022 15210
1021 15187
1020 15166
1019 15150
1019 15140
1019 15136
1018 15134
1016 15136
1013 15142
1006 15157
992 15186
990 15189
990 15189
993 15190
1007 15190
1030 15193
1060 15196
1089 15196
1110 15196
1126 15196
1136 15196
1140 15196
1140 15196
1135 15196
1121 15190
1106 15183
1095 15173
1086 15162
1084 15153
1085 15147
1091 15142
1104 15142
1118 15146
1132 15153
1141 15163
1149 15172
1152 15179
1153 15183
1153 15183
1153 15186
1153 15183
1152 15176
1152 15166
1155 15157
1159 15152
1164 15147
1173 15147
1183 15152
1194 15159
1203 15166
1209 15170
1214 15177
1216 15180
1216 15183
1217 15183
1216 15180
1216 15172
1221 15160
1225 15149
1233 15142
1244 15139
1257 15139
1270 15144
1283 15152
1294 15162
1306 15172
1319 15180
1330 15189
1339 15193
1350 15193
1358 15190
1365 15183
1371 15172
1374 15162
1376 15156
1377 15152
1378 15151
1382 15153
1389 15160
1397 15167
1406 15177
1414 15180
1424 15183
1432 15179
1441 15170
1452 15162
1467 15152
1484 15147
1499 15143
1516 15146
1529 15149
1540 15153
1545 15157
1544 15162
1538 15164
.PEN_UP
.PEN_DOWN
1201 15250
1199 15250
1199 15253
1199 15253
1196 15251
1191 15246
1186 15237
.PEN_UP
.PEN_DOWN
713 14950
719 14952
719 14959
721 14962
718 14966
711 14972
700 14970
687 14963
672 14950
660 14936
652 14920
651 14903
655 14892
665 14886
681 14889
698 14899
713 14912
723 14930
732 14952
739 14975
743 14997
747 15016
750 15030
752 15036
752 15036
752 15039
750 15030
746 15006
739 14980
736 14953
735 14929
737 14910
746 14899
760 14893
.PEN_UP
.PEN_DOWN
855 14952
847 14952
836 14951
825 14946
813 14936
803 14925
797 14915
796 14906
800 14899
807 14895
818 14895
830 14899
841 14906
849 14919
853 14927
856 14939
857 14945
857 14946
856 14946
855 14942
851 14930
851 14915
855 14899
860 14889
869 14883
879 14882
888 14885
898 14893
908 14903
916 14913
923 14926
931 14936
937 14945
944 14949
950 14949
955 14945
959 14935
959 14923
959 14913
957 14903
957 14898
956 14895
957 14895
960 14899
967 14905
974 14913
983 14925
992 14935
998 14940
1003 14942
1006 14940
1007 14933
1007 14923
1006 14915
1006 14909
1007 14905
1009 14903
1013 14905
1020 14912
1028 14916
1037 14923
1044 14929
1052 14930
1056 14930
1061 14925
1063 14915
1067 14903
1071 14893
1076 14889
1084 14886
1093 14889
1104 14897
1111 14909
1117 14920
1123 14932
1126 14939
1126 14940
1126 14939
1127 14927
1125 14910
1125 14885
1126 14859
1126 14832
1127 14809
1126 14795
1126 14786
1125 14785
1123 14786
1121 14798
1121 14816
1126 14849
1136 14883
1149 14917
1162 14943
1175 14956
1188 14963
1201 14966
1214 14963
1221 14956
1221 14943
1212 14926
1200 14915
1183 14906
1168 14903
1160 14902
1158 14902
1162 14903
.PEN_UP
