
.WRITER_ID KristynLagae
.STYLE PRINTED
.PEN_DOWN
	79	388
	80	388
	80	389
	80	390
	79	390
	79	391
	78	391
	77	391
	76	391
	75	390
	75	389
	74	388
	73	388
	72	386
	71	383
	70	382
	70	381
	70	379
	70	378
	70	377
	70	376
	71	375
	72	375
	73	375
	74	375
	77	375
	79	376
	80	377
	82	378
	83	379
	84	380
	85	382
	86	383
	86	384
	86	385
	86	387
	86	389
	86	390
	85	391
	84	392
	83	393
	82	393
	81	393
	80	393
	79	392
.PEN_UP
.PEN_DOWN
	100	393
	101	393
	101	394
	101	395
	101	396
	101	395
	101	394
	100	393
	100	391
	99	389
	99	388
	98	386
	97	383
	97	381
	97	380
	96	379
	96	378
	96	377
	96	376
	96	375
	97	375
.PEN_UP
.PEN_DOWN
	101	396
	101	395
	101	394
	102	393
	102	392
	102	390
	103	388
	103	386
	104	385
	105	384
	106	383
	107	382
	108	382
	109	381
	110	381
	111	381
	112	380
	113	380
	113	381
	113	382
	113	383
	113	384
	113	385
	113	386
	113	387
	113	390
	113	392
	113	394
	113	396
	113	398
	113	400
	113	402
	113	403
	113	404
	114	405
	114	404
	114	403
	114	402
.PEN_UP
.PEN_DOWN
	149	402
	149	401
	149	400
	149	398
	149	396
	149	394
	149	393
	149	390
	149	388
	149	387
	149	386
	149	384
	149	383
	149	382
	149	381
	149	380
	149	379
	149	378
.PEN_UP
.PEN_DOWN
	138	395
	139	396
	140	396
	140	397
	141	397
	142	397
	143	397
	143	398
	144	398
	146	399
	147	400
	149	400
	150	401
	152	401
	153	402
	154	402
	155	402
.PEN_UP
.PEN_DOWN
	172	404
	173	404
	173	403
	173	402
	173	400
	173	399
	172	397
	172	395
	171	393
	170	391
	169	389
	169	387
	169	386
	169	384
	168	383
	168	381
	168	380
	168	379
	168	378
	169	378
.PEN_UP
.PEN_DOWN
	168	391
	169	391
	170	391
	171	391
	172	392
	173	392
	174	392
	175	392
	177	393
.PEN_UP
.PEN_DOWN
	181	402
	180	402
	180	401
	179	399
	179	398
	179	397
	178	396
	178	394
	178	393
	177	391
	177	390
	177	389
	177	388
	178	387
	178	385
	178	384
.PEN_UP
.PEN_DOWN
	193	402
	194	402
	194	401
	194	400
	193	399
	193	398
	193	397
	192	395
	191	393
	191	391
	191	390
	190	389
	190	388
	190	387
	190	386
	190	385
	190	384
	190	383
	191	382
	192	382
	193	382
	194	382
	195	382
	196	382
	197	382
	199	383
	200	383
	201	383
	202	384
	203	385
.PEN_UP
.PEN_DOWN
	188	390
	188	389
	189	389
	189	390
	190	390
	191	390
	192	391
	194	392
	195	392
	196	393
.PEN_UP
.PEN_DOWN
	191	400
	192	401
	193	402
	194	402
	195	403
	195	404
	196	404
	197	405
	198	405
	199	405
	200	405
	201	405
.PEN_UP
.PEN_DOWN
	233	396
	232	397
	232	396
	232	394
	232	393
	232	392
	233	390
	233	387
	234	386
	234	385
	235	384
	235	383
	235	382
	235	381
	236	381
	236	380
	236	381
	236	382
	237	383
	237	384
	238	385
	239	387
	240	388
	240	390
	242	394
	242	395
	243	396
	244	397
.PEN_UP
.PEN_DOWN
	255	395
	255	394
	255	393
	254	392
	254	391
	253	390
	252	388
	252	387
	251	386
	250	384
	250	383
	250	382
	250	381
	250	380
	250	378
	251	377
	252	376
	253	376
	254	375
	255	375
	256	375
	257	375
	258	375
	259	376
.PEN_UP
.PEN_DOWN
	252	384
	252	383
	253	383
	254	384
	255	384
	256	384
	257	385
	258	385
	259	385
.PEN_UP
.PEN_DOWN
	250	391
	251	392
	252	393
	253	394
	254	394
	256	395
.PEN_UP
.PEN_DOWN
	268	397
	268	396
	268	395
	268	394
	268	393
	268	391
	268	389
	268	388
	268	386
	268	383
	268	381
	268	380
	268	379
	268	378
	268	377
	268	376
	268	375
	268	376
	269	376
	270	377
	272	378
	273	378
	274	379
	276	379
	276	380
	278	380
.PEN_UP
.PEN_DOWN
	280	395
	280	394
	280	393
	280	392
	280	390
	280	389
	281	388
	281	387
	281	385
	281	384
	282	383
	282	382
	282	381
	283	380
	283	379
	284	379
	284	380
	284	381
	285	382
	285	383
	286	384
	287	385
	287	387
	288	388
	289	390
	291	393
	291	395
	292	396
	293	396
.PEN_UP
.PEN_DOWN
	300	396
	300	395
	300	394
	300	393
	300	392
	300	391
	299	389
	299	388
	299	387
	299	386
	299	385
	299	384
	299	383
	299	382
	299	380
	299	379
	300	378
	301	378
	302	377
	303	377
	304	377
	305	377
	306	378
	308	378
.PEN_UP
.PEN_DOWN
	298	384
	299	384
	300	384
	301	385
	303	385
	304	386
.PEN_UP
.PEN_DOWN
	296	396
	297	396
	297	397
	298	398
	299	399
	300	400
	301	400
	302	401
	303	401
.PEN_UP
.PEN_DOWN
	327	395
	327	393
	327	392
	326	391
	326	390
	326	388
	325	387
	325	386
	324	385
	323	383
	323	382
	322	381
	322	380
	322	379
	322	378
	321	378
.PEN_UP
.PEN_DOWN
	310	397
	312	396
	313	396
	314	397
	315	397
	316	397
	318	397
	319	397
	320	397
	321	397
	323	397
	326	397
.PEN_UP
.PEN_DOWN
	370	390
	369	390
	369	391
	368	391
	367	391
	366	390
	366	389
	365	389
	364	388
	363	386
	363	385
	362	384
	362	383
	362	382
	362	380
	362	379
	363	378
	364	377
	364	376
	365	376
	366	375
	367	375
	368	375
	369	375
	370	375
	371	375
	372	376
	373	376
	374	378
	375	378
	375	379
	376	380
	376	381
	376	382
	376	384
	375	385
	375	386
	374	387
	373	388
	372	388
	370	389
	369	389
	367	389
	366	389
	365	388
	364	388
.PEN_UP
.PEN_DOWN
	368	381
	369	380
	369	379
	370	378
	370	377
	370	376
	371	375
	371	374
	372	373
	372	372
	372	371
	373	371
	373	370
.PEN_UP
.PEN_DOWN
	386	384
	387	384
	387	383
	387	382
	387	381
	387	380
	386	379
	386	378
	386	376
	386	375
	386	373
	386	372
	386	371
	387	370
	387	369
	387	368
	388	368
	388	367
	389	367
	390	367
	391	368
	392	368
	392	369
	393	370
	394	371
	394	372
	395	373
	395	374
	396	375
	397	377
	398	381
	398	382
	399	384
	399	385
	399	386
	399	387
	398	387
.PEN_UP
.PEN_DOWN
	411	381
	411	380
	410	380
	410	379
	409	377
	408	376
	408	375
	407	374
	407	373
	406	372
	406	370
	406	369
	405	368
	405	367
	405	366
.PEN_UP
.PEN_DOWN
	425	380
	426	379
	426	378
	426	377
	425	376
	425	375
	425	374
	425	373
	423	372
	423	371
	423	370
	423	369
	423	368
	423	367
	423	366
	423	365
	424	365
.PEN_UP
.PEN_DOWN
	449	384
	449	383
	449	382
	448	381
	447	381
	446	380
	446	379
	445	378
	445	377
	444	375
	444	374
	444	373
	443	372
	443	371
	443	370
	443	369
	444	369
.PEN_UP
.PEN_DOWN
	434	387
	435	387
	436	388
	437	388
	439	389
	440	389
	441	389
	443	390
	445	390
	449	390
	452	390
	454	391
	457	391
	460	391
	462	392
	465	393
	468	393
	470	393
	472	394
	474	395
	476	396
	478	397
.PEN_UP
