
.WRITER_ID JimJones
.STYLE PRINTED
.PEN_DOWN
	79	385
	78	385
	77	385
	76	385
	75	385
	75	384
	74	384
	73	384
	72	384
	72	383
	71	383
	71	382
	70	382
	70	381
	70	380
	70	379
	70	378
	71	377
	71	376
	71	375
	72	374
	73	373
	73	372
	73	371
	73	370
	72	370
	71	370
	70	370
	69	370
	68	371
	67	372
	67	373
	67	374
	68	374
	68	375
	69	375
	70	376
	71	376
	72	377
	74	377
	75	378
	76	378
	78	379
	79	379
	80	380
	81	381
	82	381
.PEN_UP
.PEN_DOWN
	89	383
	89	382
	88	382
.PEN_UP
.PEN_DOWN
	82	370
	82	369
	82	370
.PEN_UP
.PEN_DOWN
	103	385
	101	383
	100	383
	100	382
	99	382
	99	381
	98	381
	98	380
	97	380
	97	379
	96	379
	96	378
	97	377
	98	377
	99	377
	100	377
	101	377
	102	377
	103	377
	104	377
	105	377
	106	377
	107	377
.PEN_UP
.PEN_DOWN
	110	385
	103	379
	102	377
	101	376
	100	375
	99	374
	98	372
	97	371
	97	370
	97	369
	97	368
.PEN_UP
.PEN_DOWN
	120	372
	120	373
	120	374
	120	375
	120	376
	120	377
	120	378
	120	380
	121	381
	121	382
	121	383
	121	384
	122	385
	123	385
	123	386
	124	386
	125	386
	125	385
	125	384
	125	383
	125	382
	125	381
	125	380
	124	379
	123	378
	122	377
	121	376
	120	376
	119	376
	118	376
	117	376
	116	376
	116	375
	115	375
	114	375
	114	374
	114	373
	114	372
	115	372
	116	372
	117	372
	118	372
	119	372
	120	373
	122	373
.PEN_UP
.PEN_DOWN
	145	384
	144	384
	143	383
	143	382
	142	382
	142	381
	141	381
	141	380
	141	379
	142	379
	143	379
	144	378
	145	378
	146	378
	147	378
	148	378
	150	378
	151	378
	152	378
.PEN_UP
.PEN_DOWN
	147	378
	146	377
	146	376
	145	375
	145	374
	144	373
	144	372
	143	372
	143	371
	142	370
	142	369
.PEN_UP
.PEN_DOWN
	159	382
	160	382
.PEN_UP
.PEN_DOWN
	156	368
	155	368
	155	369
.PEN_UP
.PEN_DOWN
	171	382
	172	382
	173	382
	173	383
	174	383
	175	382
	176	381
	176	380
	176	379
	176	378
	176	377
	176	376
	175	376
	174	375
	173	374
	172	373
	171	373
	170	372
	169	372
	168	372
	167	372
	166	372
	167	372
	168	371
	169	371
	170	371
	171	371
	172	371
	173	371
	174	371
	175	371
	176	371
	177	371
	178	371
	179	371
.PEN_UP
.PEN_DOWN
	203	370
	202	370
	202	371
	202	372
	201	372
	201	373
	200	374
	200	375
	200	377
	200	378
	200	379
	200	380
	200	382
	200	383
	200	384
	200	385
	200	386
	200	387
	201	387
	202	387
	203	387
	204	387
	205	387
	206	387
	206	386
	206	385
	206	384
	206	383
	206	382
	205	381
	205	380
	204	380
	204	379
	203	378
	202	378
	201	377
	200	377
	199	377
	198	376
	197	376
	196	376
	196	375
	195	375
	194	375
	194	374
	194	373
	194	372
	194	371
	195	371
	196	371
	197	371
	198	371
	200	372
	201	373
	203	374
.PEN_UP
.PEN_DOWN
	224	386
	225	386
	226	387
	227	387
	227	386
	228	386
	228	385
	229	385
	229	384
	230	383
	229	383
	229	382
	229	381
	229	380
	228	379
	227	379
	227	378
	226	377
	225	377
	224	376
	223	375
	222	375
	221	374
	220	374
	219	374
	220	374
	221	374
	222	374
	223	375
	224	375
	225	375
	226	375
	227	375
	228	374
	228	373
	228	372
	229	372
	230	372
	231	372
	232	372
.PEN_UP
.PEN_DOWN
	242	387
	243	387
	244	387
.PEN_UP
.PEN_DOWN
	238	371
	238	370
.PEN_UP
.PEN_DOWN
	256	385
	255	383
	255	382
	254	381
	254	380
	254	378
	253	377
	253	376
	252	375
	252	374
	252	373
	252	372
	251	372
	251	371
.PEN_UP
.PEN_DOWN
	279	383
	278	383
	277	383
	278	383
	279	384
	280	385
	279	385
	279	384
	278	384
	278	383
	278	382
.PEN_UP
.PEN_DOWN
	276	372
	276	371
	276	370
	277	369
	277	368
	277	367
	277	366
	276	364
	276	363
	275	362
	274	361
	273	360
	272	360
	271	360
	270	360
.PEN_UP
.PEN_DOWN
	287	385
	288	385
	289	385
	290	385
	291	385
	291	384
	292	384
	292	383
	293	383
	294	383
	294	382
	295	382
	295	381
	295	380
	296	380
	296	379
	297	379
	296	379
	296	378
	296	377
	296	376
	296	375
	295	375
	294	374
	293	374
	292	374
	291	374
	291	373
	290	373
	289	373
	288	372
	287	372
	287	371
	286	371
	285	370
	285	369
	284	369
	285	369
.PEN_UP
.PEN_DOWN
	325	384
	321	385
	320	385
	319	385
	318	384
	317	384
	316	384
	315	383
	314	383
	313	383
	312	383
	312	382
	311	382
	312	382
	312	381
	313	381
	314	380
	315	380
	315	379
	316	379
	316	378
	317	377
	317	376
	318	375
	318	374
	318	373
	318	372
	318	371
	318	370
	317	369
	316	369
	315	369
	314	369
	313	369
	312	369
	311	369
	310	369
.PEN_UP
.PEN_DOWN
	330	375
	330	374
	329	374
	329	375
	330	376
	331	376
	331	377
	330	376
	330	375
	329	375
	328	374
	327	373
	327	372
	326	371
	326	370
	325	369
	325	368
	324	368
	324	367
	324	368
.PEN_UP
.PEN_DOWN
	334	381
	333	381
	333	382
.PEN_UP
.PEN_DOWN
	343	377
	342	377
	342	376
	341	376
	340	375
	339	375
	339	374
	338	374
	337	374
	337	373
	336	372
	336	371
	335	370
	334	370
	334	369
	333	368
	334	369
	334	370
	335	371
	336	371
	336	372
	337	372
	338	373
	339	373
	339	374
	340	374
	341	375
	342	375
	343	375
	344	375
	344	374
	344	373
	344	372
	344	371
	343	371
	342	371
	342	370
	341	370
	341	369
	340	369
	341	369
	341	370
	342	370
	343	371
	344	371
	345	371
	346	372
	347	372
	348	373
	349	373
	350	373
	350	374
	350	373
	350	372
	350	371
	349	371
	349	370
	349	369
	350	369
.PEN_UP
.PEN_DOWN
	365	374
	364	373
	363	373
	363	372
	362	372
	362	371
	361	370
	360	370
	360	369
	359	369
	359	368
	358	368
	358	367
.PEN_UP
.PEN_DOWN
	370	380
	368	380
.PEN_UP
.PEN_DOWN
	383	381
	382	381
	382	380
	381	380
	380	379
	379	378
	379	377
	378	376
	378	375
	377	375
	376	374
	375	373
	375	372
	374	371
	374	370
	374	369
	373	369
	373	368
	374	368
	375	368
	376	368
	377	368
	378	368
	378	369
	379	369
.PEN_UP
.PEN_DOWN
	400	374
	400	375
	399	375
	399	376
	398	376
	397	376
	396	376
	395	376
	394	376
	393	375
	392	374
	392	373
	391	373
	391	372
	391	371
	391	370
	392	370
	393	370
	394	370
	395	370
	396	370
	397	371
	398	372
	399	372
	399	373
	400	373
	401	373
	400	373
	399	372
	398	371
	398	370
	398	369
	399	369
	400	369
	401	369
	402	369
	403	370
.PEN_UP
.PEN_DOWN
	419	379
	418	378
	417	377
	416	377
	416	376
	415	376
	415	375
	415	374
	414	374
	414	373
	413	373
	413	372
	412	372
	412	371
	413	372
	414	373
	415	373
	415	374
	416	375
	417	375
	418	375
	419	375
	419	374
	420	374
	421	374
	422	374
.PEN_UP
.PEN_DOWN
	438	389
	441	391
	442	391
	443	391
	443	390
	444	390
	445	390
	445	389
	445	388
	445	387
	445	386
	445	385
	444	385
	443	385
	442	384
	441	384
	440	384
	440	383
	440	382
	440	381
	440	380
	440	379
	440	378
	439	378
	439	377
.PEN_UP
.PEN_DOWN
	441	367
	440	367
.PEN_UP
