
.WRITER_ID Janis_Bernardo
.STYLE MIXED

.PEN_DOWN
541 15620
535 15608
528 15588
524 15563
524 15542
530 15528
539 15521
558 15518
580 15521
597 15528
611 15538
624 15552
.PEN_UP
.PEN_DOWN
626 15642
611 15637
589 15627
567 15618
553 15614
.PEN_UP
.PEN_DOWN
588 15572
578 15568
560 15574
538 15575
523 15572
.PEN_UP
.PEN_DOWN
648 15545
648 15545
646 15545
640 15545
.PEN_UP
.PEN_DOWN
753 15615
720 15618
687 15612
663 15608
647 15608
.PEN_UP
.PEN_DOWN
680 15578
671 15561
661 15544
654 15531
650 15521
.PEN_UP
.PEN_DOWN
727 15521
726 15522
.PEN_UP
.PEN_DOWN
829 15598
827 15604
822 15612
816 15618
810 15621
803 15622
799 15621
792 15612
786 15593
778 15568
771 15544
768 15522
772 15505
783 15495
810 15501
841 15514
869 15535
.PEN_UP
.PEN_DOWN
904 15508
908 15505
910 15504
910 15502
903 15498
.PEN_UP
.PEN_DOWN
1072 15621
1072 15621
1071 15624
1061 15625
1054 15627
1047 15627
1044 15628
1041 15631
1039 15631
1037 15628
1028 15622
1020 15614
1011 15601
1004 15585
1002 15565
1004 15551
1007 15538
1013 15526
1022 15518
1035 15511
1050 15508
1067 15512
1085 15516
1098 15524
.PEN_UP
.PEN_DOWN
1157 15528
1155 15543
1150 15561
1144 15578
1142 15592
1140 15595
1135 15595
1127 15585
1117 15568
1105 15544
1096 15522
1091 15504
1091 15493
1093 15488
1102 15488
1114 15496
1126 15511
1135 15525
1141 15535
1142 15535
1141 15532
1135 15512
1133 15498
1135 15481
1140 15469
1149 15462
1162 15464
.PEN_UP
.PEN_DOWN
1187 15483
1188 15485
1188 15488
1186 15492
1183 15495
1183 15495
1188 15501
1207 15515
1229 15538
1248 15554
1259 15561
1266 15562
1268 15561
.PEN_UP
.PEN_DOWN
1299 15504
1294 15468
1288 15428
1281 15395
1275 15371
1269 15358
1268 15358
1266 15375
1273 15407
1284 15444
1299 15492
1310 15528
1316 15538
1323 15538
1330 15528
1334 15508
1334 15491
1330 15479
1325 15472
1318 15472
.PEN_UP
.PEN_DOWN
1363 15495
1373 15492
1384 15490
1393 15488
1401 15490
1406 15495
1411 15510
1413 15525
1413 15538
1408 15548
1406 15552
1400 15551
1390 15538
1382 15515
1377 15497
1373 15480
1373 15465
1377 15458
1389 15454
1410 15459
.PEN_UP
.PEN_DOWN
1513 15538
1492 15546
1465 15548
1441 15548
.PEN_UP
.PEN_DOWN
1457 15634
1461 15598
1463 15561
1463 15531
.PEN_UP
.PEN_DOWN
1657 15609
1655 15573
1651 15534
1644 15498
1635 15478
1631 15471
1629 15472
1629 15487
1640 15518
1653 15548
1668 15584
1681 15614
1686 15624
1690 15621
1692 15598
1690 15562
1684 15528
1679 15498
1677 15483
1677 15481
1683 15485
1701 15515
1712 15538
1725 15568
1733 15595
1734 15598
1736 15576
1736 15535
1734 15495
1734 15465
1732 15449
.PEN_UP
.PEN_DOWN
1791 15549
1797 15555
1802 15551
1806 15531
1803 15506
1799 15485
.PEN_UP
.PEN_DOWN
1854 15655
1861 15627
1865 15588
1863 15551
1860 15518
1855 15492
.PEN_UP
.PEN_DOWN
1895 15661
1897 15632
1893 15593
1889 15553
1889 15521
1890 15491
.PEN_UP
.PEN_DOWN
1975 15561
1976 15561
1980 15565
1982 15574
1981 15585
1980 15598
1979 15608
1979 15612
1978 15613
1974 15609
1968 15601
1962 15588
1958 15572
1958 15558
1959 15538
1963 15522
1963 15513
1965 15508
1959 15504
1946 15501
1928 15501
1908 15505
.PEN_UP
.PEN_DOWN
1757 15678
1765 15677
1768 15675
1773 15678
.PEN_UP
.PEN_DOWN
783 15119
783 15096
780 15068
774 15039
766 15018
760 15002
.PEN_UP
.PEN_DOWN
833 15045
830 15032
828 15028
828 15026
828 15026
829 15026
830 15028
830 15029
829 15032
829 15036
827 15040
827 15041
827 15042
830 15046
831 15049
834 15056
836 15065
838 15072
840 15082
844 15091
847 15096
853 15105
862 15111
871 15118
879 15122
886 15126
891 15126
893 15125
897 15122
902 15115
905 15105
910 15095
910 15081
910 15068
904 15058
897 15049
888 15045
884 15043
882 15045
888 15046
899 15042
904 15029
901 15015
886 14999
869 14989
855 14992
843 15005
.PEN_UP
.PEN_DOWN
968 15056
962 15041
957 15025
953 15015
952 15012
956 15015
969 15031
982 15049
993 15071
1005 15092
1009 15099
1013 15096
1015 15076
1013 15055
1015 15037
1017 15025
1021 15019
1026 15019
1036 15032
1048 15056
1065 15085
1076 15102
1082 15101
1087 15071
1087 15028
1085 14987
1087 14955
1094 14937
1107 14946
.PEN_UP
.PEN_DOWN
797 14721
771 14723
749 14722
733 14719
729 14716
733 14712
744 14705
756 14692
763 14669
768 14639
766 14603
759 14572
747 14546
736 14536
725 14542
715 14565
.PEN_UP
.PEN_DOWN
873 14716
865 14695
858 14664
847 14629
836 14592
825 14563
815 14545
812 14540
812 14540
825 14560
849 14593
872 14622
884 14630
895 14625
896 14604
889 14576
879 14549
868 14527
.PEN_UP
.PEN_DOWN
982 14609
986 14631
989 14649
989 14655
986 14655
978 14645
963 14625
950 14599
937 14579
927 14562
921 14549
921 14545
927 14545
941 14553
961 14570
976 14589
984 14602
985 14605
984 14599
975 14582
965 14563
958 14546
956 14535
958 14530
966 14532
.PEN_UP
.PEN_DOWN
1029 14555
1031 14555
1028 14553
1026 14552
1022 14549
1022 14550
1032 14562
1048 14585
1066 14606
1078 14622
1084 14627
1087 14622
.PEN_UP
.PEN_DOWN
1196 14708
1194 14701
1186 14683
1173 14654
1163 14625
1157 14599
1155 14580
1155 14566
1155 14562
1157 14562
1161 14566
1168 14582
1172 14599
1173 14613
1173 14616
1173 14616
1167 14609
1162 14599
1157 14592
1155 14589
1155 14589
1155 14589
1155 14587
1157 14589
.PEN_UP
.PEN_DOWN
1144 14609
1151 14612
1155 14616
1159 14619
1162 14622
1166 14629
1175 14639
1188 14655
1203 14667
1216 14669
1229 14659
1236 14643
1236 14619
1227 14599
1214 14583
1198 14575
1185 14576
1175 14599
.PEN_UP
.PEN_DOWN
1170 14580
1170 14577
1167 14565
1157 14542
1142 14513
1129 14482
1120 14460
1114 14442
1111 14432
.PEN_UP
.PEN_DOWN
608 14179
609 14182
609 14183
606 14186
600 14190
589 14190
578 14186
567 14180
557 14172
547 14160
539 14143
534 14123
530 14107
530 14090
532 14076
543 14063
557 14059
573 14063
587 14069
597 14080
602 14090
600 14100
594 14106
587 14107
578 14103
574 14100
571 14097
572 14096
578 14096
589 14103
600 14109
608 14113
619 14120
.PEN_UP
.PEN_DOWN
621 14116
624 14110
626 14109
639 14109
653 14110
666 14113
678 14117
685 14120
689 14127
687 14137
680 14145
672 14150
659 14147
650 14139
641 14127
634 14113
630 14099
630 14087
633 14077
643 14070
657 14070
674 14076
687 14083
.PEN_UP
.PEN_DOWN
736 14146
739 14146
740 14139
735 14126
723 14110
709 14093
699 14080
696 14077
696 14077
709 14089
737 14113
764 14137
783 14150
790 14153
793 14150
788 14136
777 14117
762 14097
753 14083
753 14076
.PEN_UP
.PEN_DOWN
833 14117
840 14120
847 14127
857 14142
866 14159
871 14171
871 14176
866 14176
855 14170
836 14157
819 14140
801 14120
788 14104
783 14093
785 14087
799 14083
821 14086
849 14096
.PEN_UP
.PEN_DOWN
871 14089
886 14098
906 14116
926 14137
934 14143
937 14143
938 14143
938 14136
934 14127
932 14118
.PEN_UP
.PEN_DOWN
1024 14140
1031 14147
1034 14160
1034 14177
1034 14190
1033 14192
1026 14189
1010 14173
993 14150
978 14127
965 14113
961 14103
962 14097
971 14097
989 14106
1009 14123
1028 14146
1041 14163
1044 14167
1045 14163
1037 14143
1026 14124
1019 14109
1017 14100
1022 14096
.PEN_UP
.PEN_DOWN
1129 14239
1111 14210
1098 14183
1090 14153
1085 14129
1084 14107
1087 14093
.PEN_UP
.PEN_DOWN
1266 14216
1265 14206
1260 14190
1253 14172
1235 14149
1220 14123
1210 14103
1205 14083
1209 14076
1224 14073
1251 14083
1280 14099
.PEN_UP
.PEN_DOWN
1334 14237
1323 14239
1304 14232
1286 14227
1270 14222
1262 14217
1262 14219
.PEN_UP
.PEN_DOWN
1268 14139
1266 14127
1260 14123
1251 14123
1242 14130
.PEN_UP
.PEN_DOWN
1407 14236
1399 14220
1388 14195
1369 14162
1349 14127
1331 14094
1317 14069
1312 14057
.PEN_UP
.PEN_DOWN
1384 14116
1397 14117
1406 14117
1412 14113
1414 14110
1415 14110
1415 14110
1415 14110
1423 14117
1432 14130
1443 14147
1445 14157
1443 14163
1439 14166
1423 14156
1400 14136
1380 14113
1366 14093
1362 14079
1368 14069
1384 14064
1408 14067
1435 14079
1452 14090
.PEN_UP
.PEN_DOWN
1534 14147
1535 14152
1531 14158
1528 14167
1522 14170
1516 14170
1508 14166
1498 14147
1489 14127
1482 14107
1478 14093
1480 14080
1487 14069
1500 14067
1517 14070
.PEN_UP
.PEN_DOWN
1658 14147
1647 14156
1631 14159
1608 14162
1591 14162
1577 14167
.PEN_UP
.PEN_DOWN
1615 14242
1618 14227
1616 14203
1605 14170
1590 14133
1577 14103
1566 14079
1559 14066
.PEN_UP
.PEN_DOWN
1615 14069
1616 14069
1620 14070
1636 14083
1651 14100
1662 14120
1665 14127
1666 14129
1664 14126
1661 14117
1664 14110
1670 14103
1682 14103
.PEN_UP
.PEN_DOWN
1759 14160
1764 14156
1762 14134
1750 14110
1736 14086
.PEN_UP
.PEN_DOWN
1826 14107
1830 14108
1832 14110
1836 14123
1842 14146
1849 14170
1852 14180
1851 14182
1839 14167
1818 14136
1802 14107
1793 14083
1792 14066
1797 14053
1813 14043
1836 14045
1867 14056
.PEN_UP
.PEN_DOWN
1782 14223
1788 14226
1790 14226
1791 14223
1791 14222
.PEN_UP
