
.WRITER_ID Gene_Ciccarelli
.STYLE PRINTED
.PEN_DOWN
	216	1769
	216	1772
	214	1775
	214	1775
	214	1775
	214	1769
	214	1759
	214	1743
	212	1723
	212	1700
	211	1676
	212	1656
	212	1641
	213	1631
	212	1627
	211	1626
	211	1626
	210	1634
	210	1650
	210	1670
	210	1697
	210	1722
	209	1740
	207	1753
	207	1762
	209	1769
	214	1775
	221	1779
	229	1783
	238	1783
	248	1782
	259	1776
	268	1769
	275	1756
	277	1745
	277	1735
	273	1723
	263	1716
	248	1712
	234	1709
	222	1709
	214	1712
	212	1713
	213	1716
	216	1719
	227	1722
	247	1724
	270	1723
	292	1718
	312	1710
	325	1700
	333	1690
	333	1679
	326	1667
	311	1657
	291	1647
	268	1640
	248	1636
	229	1634
	214	1637
	205	1640
	201	1644
.PEN_UP
.PEN_DOWN
	375	1677
	372	1679
	372	1680
	372	1680
	372	1680
	372	1680
	372	1676
	370	1663
	365	1647
	361	1634
	359	1623
	359	1617
	359	1617
	363	1620
.PEN_UP
.PEN_DOWN
	385	1752
	381	1751
	380	1750
	380	1750
	379	1746
	380	1743
.PEN_UP
.PEN_DOWN
	456	1776
	455	1776
	456	1776
	457	1769
	456	1753
	453	1730
	450	1703
	448	1677
	443	1657
	441	1644
	439	1637
	439	1636
	439	1636
	440	1645
	439	1656
.PEN_UP
.PEN_DOWN
	511	1805
	507	1802
	507	1789
	505	1772
	500	1746
	495	1716
	492	1686
	491	1660
	491	1644
	491	1633
	491	1626
	491	1624
	491	1624
.PEN_UP
.PEN_DOWN
	669	1759
	674	1763
	674	1763
	673	1763
	674	1763
	674	1763
	674	1763
	682	1763
	702	1765
	733	1769
	771	1775
	805	1779
	834	1782
	853	1783
	864	1783
	866	1782
	860	1779
.PEN_UP
.PEN_DOWN
	769	1759
	770	1755
	771	1750
	769	1742
	766	1729
	762	1709
	758	1687
	753	1664
	750	1644
	748	1629
	749	1617
	750	1611
	752	1611
.PEN_UP
.PEN_DOWN
	797	1650
	796	1650
	799	1647
	804	1647
	817	1650
	834	1653
	847	1657
	858	1663
	862	1667
	862	1677
	860	1684
	851	1690
	836	1693
	823	1689
	813	1682
	806	1670
	803	1657
	808	1643
	819	1631
	834	1621
	852	1617
	868	1614
	886	1617
.PEN_UP
.PEN_DOWN
	938	1680
	936	1670
	936	1657
	938	1644
	942	1633
	946	1623
	949	1617
	949	1617
	949	1616
	945	1624
	942	1634
	941	1650
	944	1669
	954	1683
	964	1693
	977	1699
	990	1700
	1003	1702
	1016	1700
.PEN_UP
.PEN_DOWN
	1048	1674
	1047	1674
	1047	1674
	1048	1667
	1051	1656
	1053	1643
	1057	1630
	1059	1620
	1061	1613
	1061	1611
	1061	1611
	1060	1614
	1058	1623
	1058	1633
	1060	1648
	1066	1666
	1076	1683
	1086	1699
	1096	1707
	1105	1709
	1118	1712
	1131	1713
	1142	1710
.PEN_UP
.PEN_DOWN
	1166	1691
	1163	1689
	1161	1683
	1160	1674
	1161	1663
	1162	1650
	1166	1643
	1173	1634
	1181	1633
	1189	1636
	1196	1646
	1203	1659
	1206	1673
	1207	1683
	1207	1683
	1207	1684
	1204	1677
	1198	1660
	1192	1636
	1185	1604
	1181	1571
	1176	1544
	1172	1521
	1162	1505
	1146	1495
	1129	1495
.PEN_UP
.PEN_DOWN
	1387	1653
	1387	1653
	1387	1653
	1388	1653
	1388	1653
	1389	1654
	1396	1660
	1408	1673
	1421	1686
	1435	1702
	1450	1723
	1460	1749
	1469	1773
	1471	1783
	1470	1785
	1465	1782
	1450	1769
	1435	1749
	1421	1722
	1413	1693
	1413	1669
	1420	1650
	1432	1634
	1444	1626
	1454	1624
	1467	1627
	1478	1633
.PEN_UP
.PEN_DOWN
	1510	1664
	1509	1669
	1508	1674
	1505	1683
	1502	1687
	1497	1689
	1489	1687
	1480	1683
	1471	1673
	1465	1659
	1463	1647
	1465	1637
	1471	1631
	1480	1627
	1489	1627
	1497	1633
	1504	1642
	1509	1653
	1513	1663
	1515	1668
	1515	1669
	1515	1667
	1515	1659
	1515	1650
	1517	1644
	1524	1637
	1534	1631
.PEN_UP
.PEN_DOWN
	1591	1788
	1587	1783
	1584	1766
	1578	1743
	1577	1713
	1576	1683
	1575	1656
	1575	1637
	1574	1627
	1574	1624
	1573	1627
.PEN_UP
.PEN_DOWN
	1541	1742
	1552	1742
	1574	1740
	1595	1740
	1614	1740
	1627	1742
	1638	1739
.PEN_UP
.PEN_DOWN
	1630	1653
	1630	1654
	1635	1656
	1643	1657
	1653	1660
	1664	1664
	1674	1669
	1682	1674
	1684	1680
	1684	1690
	1679	1699
	1672	1703
	1663	1702
	1652	1700
	1645	1693
	1641	1683
	1641	1670
	1647	1657
	1658	1646
	1673	1637
	1686	1631
	1702	1630
.PEN_UP
.PEN_DOWN
	1755	1687
	1755	1677
	1757	1664
	1760	1654
	1765	1644
	1769	1636
	1770	1630
	1770	1626
	1770	1626
	1769	1626
	1762	1633
	1756	1642
	1754	1656
	1755	1673
	1757	1687
	1762	1697
	1767	1702
	1777	1705
	1788	1707
	1802	1705
	1817	1702
	1830	1697
.PEN_UP
