
.WRITER_ID Chris_Hess
.STYLE MIXED

.PEN_DOWN
684 15720
682 15722
681 15722
680 15718
678 15712
674 15703
669 15689
663 15673
655 15656
647 15640
640 15626
635 15612
633 15606
633 15603
635 15609
.PEN_UP
.PEN_DOWN
614 15712
613 15709
613 15709
618 15712
631 15716
647 15718
667 15726
687 15735
703 15742
716 15744
722 15748
727 15748
727 15746
.PEN_UP
.PEN_DOWN
559 15606
552 15599
552 15599
560 15597
579 15602
597 15609
615 15613
633 15616
649 15620
660 15622
673 15624
.PEN_UP
.PEN_DOWN
742 15675
745 15675
745 15669
743 15659
740 15645
738 15631
734 15619
731 15610
730 15609
730 15606
731 15610
738 15623
745 15633
757 15646
768 15659
778 15669
787 15674
792 15675
797 15675
798 15666
798 15655
797 15645
797 15636
794 15626
792 15617
792 15610
794 15605
802 15602
812 15602
824 15606
839 15610
.PEN_UP
.PEN_DOWN
917 15659
916 15659
915 15659
917 15659
923 15662
931 15662
942 15665
954 15669
964 15670
973 15672
.PEN_UP
.PEN_DOWN
1054 15742
1055 15745
1055 15745
1058 15739
1060 15732
1063 15722
1069 15713
1074 15705
1082 15697
1089 15690
1096 15686
1103 15685
.PEN_UP
.PEN_DOWN
1127 15768
1125 15768
1125 15765
1120 15759
1116 15745
1109 15728
1102 15708
1094 15685
1083 15659
1073 15636
1064 15619
1061 15605
1059 15600
1059 15597
1059 15597
1060 15602
1063 15606
.PEN_UP
.PEN_DOWN
1150 15695
1149 15698
1149 15699
1149 15699
1147 15693
1145 15682
1140 15672
1136 15659
1134 15649
1133 15640
1135 15633
1138 15626
1145 15626
1154 15626
1163 15626
1170 15630
1178 15638
1183 15646
1192 15658
1194 15672
1199 15685
1200 15692
1200 15692
1200 15693
1196 15687
1194 15678
1191 15663
1188 15653
1185 15640
1184 15630
1185 15621
1189 15614
1198 15609
1209 15612
.PEN_UP
.PEN_DOWN
1270 15695
1265 15688
1261 15676
1261 15662
1259 15649
1256 15635
1254 15622
1252 15616
1252 15613
1252 15612
1252 15613
1258 15626
1263 15641
1272 15655
1280 15669
1289 15680
1295 15686
1299 15685
1302 15685
1306 15679
1308 15669
1308 15658
1305 15646
1305 15635
1303 15626
1304 15619
1305 15614
1310 15610
.PEN_UP
.PEN_DOWN
1436 15688
1434 15693
1431 15696
1422 15699
1409 15696
1395 15692
1381 15682
1369 15669
1360 15657
1355 15645
1353 15636
1355 15630
1364 15626
1377 15627
1390 15634
1404 15643
1417 15655
1422 15669
1428 15685
1431 15695
1431 15695
1431 15694
1428 15689
1426 15676
1424 15659
1423 15639
1422 15620
1420 15600
1415 15582
1409 15568
1402 15556
1393 15546
1380 15543
1364 15542
1346 15543
1332 15549
1322 15553
1314 15553
1306 15553
.PEN_UP
.PEN_DOWN
759 15505
758 15510
758 15510
756 15504
754 15493
751 15476
749 15460
746 15440
743 15418
739 15403
732 15390
725 15381
716 15378
702 15376
687 15380
673 15389
662 15398
655 15407
651 15414
652 15420
655 15423
.PEN_UP
.PEN_DOWN
678 15483
678 15486
685 15493
700 15500
720 15506
743 15513
765 15516
782 15519
795 15523
802 15523
807 15519
.PEN_UP
.PEN_DOWN
788 15390
786 15388
785 15387
785 15387
789 15387
794 15390
.PEN_UP
.PEN_DOWN
988 15493
987 15496
988 15496
986 15493
984 15477
978 15458
973 15438
964 15418
959 15400
958 15387
956 15384
956 15384
959 15390
964 15403
973 15423
982 15447
993 15471
1008 15500
1026 15523
1036 15534
1040 15534
1042 15530
1045 15519
1042 15500
1038 15477
1034 15456
1025 15434
1018 15417
1013 15404
1013 15397
1013 15398
1013 15401
1018 15413
1024 15431
1035 15447
1049 15464
1060 15476
1068 15480
1075 15480
1080 15473
1083 15463
1085 15450
1085 15437
1080 15423
1078 15410
1075 15401
1073 15395
1074 15394
1078 15394
.PEN_UP
.PEN_DOWN
1174 15408
1179 15418
1180 15427
1184 15436
1185 15444
1180 15452
1176 15456
1168 15457
1158 15454
1146 15447
1136 15437
1129 15427
1125 15414
1122 15401
1123 15392
1128 15385
1136 15384
1143 15384
1154 15390
1163 15397
1169 15411
1176 15426
1181 15441
1185 15451
1188 15456
1187 15456
1187 15457
1185 15451
1181 15437
1179 15427
1179 15414
1179 15403
1180 15394
1188 15391
1197 15390
1210 15394
.PEN_UP
.PEN_DOWN
1249 15460
1247 15457
1246 15447
1246 15435
1243 15423
1243 15410
1243 15398
1243 15394
1243 15392
1243 15391
1243 15395
1246 15408
1252 15420
1259 15433
1268 15444
1276 15451
1288 15457
1294 15460
1305 15461
1314 15456
.PEN_UP
.PEN_DOWN
1410 15519
1409 15519
1406 15516
1402 15506
1395 15487
1388 15466
1382 15447
1377 15427
1371 15408
1368 15394
1367 15386
1368 15384
1375 15384
.PEN_UP
.PEN_DOWN
1464 15496
1467 15496
1469 15494
1466 15486
1460 15476
1448 15467
1436 15458
1422 15450
1407 15446
1393 15443
1384 15440
1378 15441
1378 15441
1378 15437
1384 15431
1391 15423
1399 15410
1409 15398
1417 15389
1426 15377
1436 15370
1448 15367
1462 15370
.PEN_UP
.PEN_DOWN
854 15264
857 15275
859 15282
861 15285
859 15285
859 15282
858 15271
855 15258
853 15238
850 15218
846 15199
839 15178
833 15165
826 15152
817 15145
806 15142
794 15146
785 15154
777 15165
772 15176
772 15186
.PEN_UP
.PEN_DOWN
775 15264
774 15265
776 15264
785 15267
799 15269
818 15274
846 15282
869 15290
888 15292
899 15293
908 15294
916 15293
.PEN_UP
.PEN_DOWN
932 15220
928 15211
921 15202
919 15188
917 15176
912 15161
909 15146
906 15128
903 15119
903 15120
.PEN_UP
.PEN_DOWN
937 15288
940 15288
945 15281
.PEN_UP
.PEN_DOWN
999 15205
1000 15205
1001 15203
1002 15198
1002 15192
.PEN_UP
.PEN_DOWN
999 15211
1002 15218
1002 15224
1002 15225
1002 15225
1001 15225
997 15218
991 15202
984 15186
978 15170
973 15152
971 15142
971 15135
970 15132
971 15132
970 15138
975 15149
983 15165
993 15186
1007 15208
1022 15224
1031 15231
1035 15234
1038 15231
1042 15225
1040 15211
1037 15199
1032 15185
1026 15172
1022 15161
1020 15157
1020 15156
1020 15156
1020 15159
1027 15172
1035 15186
1049 15205
1063 15222
1075 15234
1084 15238
1089 15238
1093 15231
1095 15222
1093 15211
1091 15195
1087 15178
1084 15166
1084 15155
1087 15148
1094 15146
1104 15142
.PEN_UP
.PEN_DOWN
774 15052
778 15059
778 15062
778 15063
776 15059
769 15040
763 15013
756 14990
749 14963
743 14939
738 14923
735 14910
733 14903
732 14904
732 14904
734 14910
743 14922
.PEN_UP
.PEN_DOWN
855 15056
854 15056
853 15056
845 15052
836 15042
825 15033
811 15020
795 15009
778 14999
765 14992
755 14992
749 14992
750 14992
749 14993
753 14993
760 14990
767 14979
777 14967
786 14953
792 14939
796 14930
803 14920
807 14913
812 14907
817 14903
826 14903
.PEN_UP
.PEN_DOWN
922 14983
926 14989
926 14997
926 15003
924 15007
917 15012
908 15012
897 15009
883 14999
867 14983
857 14966
850 14949
848 14936
853 14926
859 14920
870 14919
879 14923
891 14933
901 14944
910 14960
920 14979
925 14990
926 14996
926 14996
924 14996
920 14990
917 14978
912 14966
910 14949
906 14937
907 14927
910 14917
920 14913
931 14910
.PEN_UP
.PEN_DOWN
1020 15013
1017 15013
1013 15009
1006 15002
1001 14990
994 14973
986 14960
980 14949
979 14939
982 14933
986 14925
999 14923
1015 14925
1031 14929
.PEN_UP
.PEN_DOWN
1049 15082
1044 15082
1040 15082
1038 15082
1037 15082
1037 15077
1038 15072
1045 15069
.PEN_UP
