
.WRITER_ID Bill_Cleveland
.STYLE PRINTED
.PEN_DOWN
	183	1496
	184	1502
	185	1505
	185	1508
	185	1508
	185	1506
	183	1496
	184	1476
	185	1456
	187	1439
	190	1423
	192	1414
	193	1406
	194	1402
	195	1403
	195	1403
	195	1409
	194	1417
.PEN_UP
.PEN_DOWN
	181	1518
	179	1518
	178	1518
	177	1518
	177	1519
	177	1519
	177	1519
	189	1522
	204	1522
	219	1524
	230	1525
	236	1522
	240	1522
	241	1522
	241	1521
	236	1516
.PEN_UP
.PEN_DOWN
	193	1458
	192	1460
	191	1460
	190	1460
	189	1462
	187	1463
	187	1463
	187	1463
	191	1463
	200	1463
	212	1466
	226	1466
	237	1466
	247	1469
	251	1469
	253	1468
	253	1467
	251	1463
.PEN_UP
.PEN_DOWN
	207	1397
	206	1397
	206	1399
	205	1399
	204	1400
	203	1400
	202	1400
	204	1400
	207	1399
	214	1400
	226	1400
	238	1400
	248	1401
	255	1403
	259	1403
	260	1404
	261	1402
	261	1403
	257	1400
.PEN_UP
.PEN_DOWN
	370	1452
	370	1456
	368	1459
	368	1462
	364	1464
	359	1466
	353	1462
	345	1456
	339	1450
	334	1438
	331	1430
	331	1419
	334	1409
	341	1403
	349	1399
	358	1400
	364	1403
	371	1408
	377	1417
	380	1427
	381	1437
	380	1446
	378	1453
	378	1456
	378	1456
	378	1457
	377	1456
	377	1452
	377	1443
	381	1433
	386	1424
	396	1416
	406	1409
	416	1404
	423	1400
	429	1400
	432	1400
	433	1400
	434	1400
	436	1403
	436	1406
	436	1410
.PEN_UP
.PEN_DOWN
	538	1453
	539	1456
	539	1458
	541	1461
	541	1466
	540	1466
	539	1466
	534	1464
	527	1466
	521	1459
	513	1456
	510	1450
	507	1446
	508	1441
	512	1437
	521	1433
	532	1430
	547	1429
	557	1427
	566	1423
	570	1417
	572	1414
	572	1409
	566	1403
	558	1397
	549	1394
	539	1391
	532	1390
	528	1391
	527	1391
	526	1391
	527	1391
	536	1394
.PEN_UP
.PEN_DOWN
	624	1518
	625	1526
	625	1532
	626	1538
	625	1538
	625	1538
	628	1529
	632	1515
	639	1497
	644	1476
	651	1456
	657	1442
	661	1427
	666	1417
	668	1411
	669	1409
	669	1409
	668	1409
	664	1413
	659	1416
	654	1420
.PEN_UP
.PEN_DOWN
	614	1456
	613	1459
	612	1461
	612	1463
	613	1463
	615	1466
	623	1467
	636	1470
	652	1473
	668	1475
	679	1475
	683	1475
	687	1475
	688	1475
	685	1472
.PEN_UP
.PEN_DOWN
	757	1447
	756	1447
	756	1449
	755	1450
	755	1450
	755	1450
	755	1452
	756	1451
	757	1450
	761	1450
	766	1449
	773	1449
	781	1450
	787	1452
	794	1456
	798	1460
	801	1464
	804	1469
	804	1473
	802	1476
	800	1480
	793	1482
	787	1485
	779	1483
	771	1480
	764	1475
	756	1466
	749	1459
	745	1450
	743	1440
	744	1433
	749	1426
	757	1417
	767	1413
	781	1409
	796	1410
	808	1410
	817	1413
	822	1414
	823	1414
	824	1414
	824	1415
.PEN_UP
.PEN_DOWN
	844	1466
	845	1469
	847	1469
	847	1470
	849	1469
	851	1462
	857	1453
	864	1443
	868	1433
	873	1426
	876	1417
	877	1414
	879	1410
	879	1410
	879	1410
	879	1412
	877	1419
	876	1427
	875	1437
	876	1446
	877	1453
	879	1461
	882	1469
	885	1474
	889	1479
	893	1480
	899	1482
	906	1480
	910	1475
	913	1470
	916	1469
	919	1466
.PEN_UP
.PEN_DOWN
	964	1466
	966	1469
	966	1470
	967	1473
	968	1474
	968	1475
	971	1473
	974	1469
	979	1462
	981	1452
	983	1442
	985	1433
	988	1423
	990	1417
	991	1414
	992	1414
	992	1414
	992	1414
	990	1417
	989	1423
	989	1433
	990	1444
	990	1456
	992	1463
	994	1469
	998	1474
	1001	1479
	1006	1480
	1011	1482
	1017	1479
	1024	1472
	1028	1460
	1032	1452
	1034	1442
	1037	1432
	1040	1423
	1042	1418
	1043	1416
	1045	1414
	1045	1414
	1047	1414
	1047	1417
	1049	1423
.PEN_UP
.PEN_DOWN
	409	1267
	409	1278
	410	1285
	410	1291
	410	1292
	409	1294
	411	1288
	415	1272
	419	1253
	425	1235
	430	1218
	436	1205
	441	1195
	444	1191
	444	1189
	443	1193
	440	1202
.PEN_UP
.PEN_DOWN
	398	1297
	396	1305
	394	1308
	394	1314
	395	1317
	398	1321
	400	1325
	408	1328
	423	1329
	443	1330
	464	1331
	481	1334
	492	1331
	498	1328
	500	1327
	498	1324
	492	1319
.PEN_UP
.PEN_DOWN
	427	1245
	426	1247
	424	1249
	424	1251
	424	1251
	423	1251
	425	1250
	427	1248
	434	1245
	450	1245
	465	1248
	479	1249
	488	1249
	493	1251
	494	1251
	495	1251
	492	1249
	488	1245
.PEN_UP
.PEN_DOWN
	560	1228
	560	1235
	561	1239
	561	1241
	562	1245
	560	1248
	561	1246
	560	1248
	560	1245
	560	1239
	560	1231
	564	1222
	568	1212
	577	1205
	585	1199
	593	1194
	600	1193
	607	1193
	610	1198
	613	1205
	614	1216
	613	1226
	610	1238
	608	1245
	607	1251
	606	1255
	605	1258
	605	1259
	604	1259
	605	1259
	606	1259
.PEN_UP
.PEN_DOWN
	672	1241
	671	1248
	669	1249
	669	1251
	670	1250
	671	1249
	676	1242
	683	1230
	688	1218
	696	1208
	700	1199
	706	1193
	707	1189
	707	1189
	707	1189
	707	1189
	705	1195
	702	1203
	700	1215
	699	1226
	700	1236
	702	1242
	708	1249
	716	1255
	725	1259
	734	1261
	741	1261
	746	1259
	749	1258
	753	1256
	758	1254
.PEN_UP
.PEN_DOWN
	819	1238
	822	1245
	824	1248
	824	1251
	825	1252
	825	1252
	827	1245
	830	1233
	833	1218
	837	1197
	839	1185
	842	1173
	845	1169
	844	1166
	844	1166
	847	1170
	849	1180
	849	1191
	851	1208
	853	1222
	854	1232
	858	1241
	862	1249
	866	1254
	873	1259
	881	1260
	890	1255
	898	1245
	907	1232
	913	1222
	917	1209
	919	1198
	921	1189
	924	1182
	925	1179
	926	1175
	926	1175
	925	1173
	926	1176
	925	1182
.PEN_UP
.PEN_DOWN
	990	1229
	991	1239
	992	1241
	991	1242
	992	1242
	994	1237
	996	1229
	998	1218
	998	1205
	1000	1193
	1002	1185
	1008	1180
	1017	1179
	1027	1182
	1035	1188
	1040	1193
	1040	1201
	1038	1208
.PEN_UP
.PEN_DOWN
	975	1297
	975	1301
	975	1301
	976	1302
	976	1302
	977	1301
	980	1300
.PEN_UP
.PEN_DOWN
	1147	1287
	1147	1294
	1149	1295
	1149	1297
	1149	1297
	1149	1297
	1149	1287
	1151	1270
	1155	1252
	1159	1232
	1164	1216
	1168	1202
	1173	1192
	1176	1184
	1176	1179
	1176	1176
	1172	1175
	1166	1176
	1159	1182
.PEN_UP
.PEN_DOWN
	1117	1217
	1110	1218
	1109	1219
	1108	1220
	1109	1219
	1117	1222
	1132	1226
	1153	1226
	1170	1228
	1183	1227
	1191	1226
	1194	1226
	1196	1226
	1196	1226
	1196	1229
.PEN_UP
.PEN_DOWN
	1232	1232
	1233	1236
	1234	1238
	1234	1239
	1234	1242
	1234	1242
	1234	1243
	1234	1239
	1234	1230
	1234	1219
	1236	1206
	1239	1193
	1242	1185
	1247	1178
	1251	1175
	1254	1174
	1258	1176
	1263	1183
	1266	1193
	1268	1206
	1268	1222
	1268	1235
	1270	1241
	1270	1245
	1270	1245
	1270	1245
	1270	1245
	1271	1237
	1276	1226
	1281	1215
	1285	1199
	1292	1189
	1300	1182
	1308	1176
	1314	1173
	1319	1173
	1324	1176
	1330	1182
	1332	1189
	1332	1196
	1330	1203
.PEN_UP
.PEN_DOWN
	1361	1236
	1362	1239
	1362	1242
	1364	1245
	1366	1245
	1370	1242
	1375	1233
	1380	1222
	1385	1208
	1390	1194
	1394	1183
	1396	1175
	1397	1169
	1398	1166
	1398	1166
	1396	1166
	1396	1173
	1396	1183
	1395	1196
	1396	1212
	1396	1225
	1398	1231
	1402	1241
	1406	1245
	1413	1251
	1422	1255
	1434	1252
	1445	1249
	1453	1245
	1457	1241
	1462	1239
	1462	1238
.PEN_UP
.PEN_DOWN
	1498	1208
	1502	1212
	1502	1212
	1504	1212
	1506	1212
	1507	1212
	1511	1215
	1515	1212
	1522	1214
	1530	1216
	1540	1219
	1549	1222
	1557	1228
	1561	1231
	1562	1238
	1560	1241
	1554	1245
	1545	1251
	1538	1253
	1529	1252
	1519	1249
	1507	1241
	1498	1229
	1489	1217
	1485	1203
	1487	1189
	1494	1180
	1509	1171
	1528	1167
	1547	1169
	1566	1172
	1577	1173
	1581	1175
	1582	1176
	1579	1178
	1572	1180
	1564	1180
.PEN_UP
.PEN_DOWN
	153	1001
	144	1001
	139	1001
	135	998
	134	998
	132	998
	132	998
	136	997
	145	997
	161	997
	184	997
	209	998
	234	1000
	258	998
	275	995
	287	994
	295	994
	298	994
	300	995
	298	997
.PEN_UP
.PEN_DOWN
	204	974
	200	978
	197	981
	195	978
	192	974
	191	964
	191	949
	192	931
	194	911
	196	895
	198	879
	200	872
	202	867
	202	866
	202	866
	203	869
	202	875
	204	883
	208	892
.PEN_UP
.PEN_DOWN
	305	912
	304	916
	305	919
	305	922
	304	921
	302	922
	297	918
	292	909
	287	899
	287	889
	291	880
	300	872
	313	869
	330	870
	346	873
	359	883
	367	892
	370	903
	370	912
	364	923
	353	931
	340	938
	326	939
	315	939
	305	936
	302	936
	302	935
	305	932
	317	929
.PEN_UP
.PEN_DOWN
	453	916
	449	920
	447	928
	444	932
	444	938
	442	939
	440	940
	440	938
	436	929
	436	918
	436	903
	439	892
	443	882
	449	875
	457	872
	468	873
	477	879
	483	886
	487	895
	487	905
	486	912
	487	914
	486	916
	487	917
	486	915
	487	908
	489	899
	496	889
	502	880
	513	872
	523	866
	534	866
	542	869
	551	873
	558	882
	561	892
	561	903
	558	915
	551	926
	544	932
	538	938
	534	941
	532	942
	530	945
	530	945
	532	949
.PEN_UP
.PEN_DOWN
	628	918
	627	922
	627	922
	627	922
	627	922
	627	922
	630	916
	635	906
	640	896
	645	885
	649	872
	653	862
	654	853
	655	850
	655	850
	655	852
	653	860
	651	872
	649	884
	651	899
	654	912
	657	919
	660	926
	664	929
	668	935
	673	936
	682	936
	691	931
	699	925
	704	916
	709	905
	712	896
	715	883
	717	872
	716	863
	715	857
	715	856
	715	856
	715	854
	717	860
	717	866
	719	876
.PEN_UP
.PEN_DOWN
	780	893
	780	895
	779	895
	777	896
	779	896
	779	896
	779	896
	781	896
	784	895
	791	895
	800	896
	809	899
	817	902
	823	905
	827	909
	830	916
	832	922
	832	928
	830	935
	827	941
	821	948
	815	949
	806	948
	796	942
	783	933
	773	925
	766	912
	764	898
	766	886
	776	875
	796	869
	815	866
	834	865
	849	866
	858	869
	860	870
	862	870
	862	872
	860	875
	857	876
.PEN_UP
.PEN_DOWN
	1020	998
	1020	1001
	1017	1005
	1015	1008
	1015	1008
	1015	1008
	1014	1008
	1013	1006
	1013	998
	1013	985
	1014	975
	1017	962
	1021	949
	1024	934
	1026	919
	1027	908
	1027	896
	1024	888
	1020	880
	1013	875
	1006	871
	998	873
	989	875
	982	876
	979	879
	977	880
	975	881
	974	883
	974	883
	979	888
	989	889
.PEN_UP
.PEN_DOWN
	1071	903
	1071	905
	1068	906
	1066	909
	1066	909
	1064	908
	1064	908
	1063	908
	1062	908
	1062	907
	1062	908
	1062	908
	1064	907
	1067	906
	1073	905
	1081	906
	1089	908
	1096	912
	1102	916
	1107	919
	1110	922
	1110	925
	1110	926
	1110	929
	1110	931
	1110	935
	1108	938
	1106	939
	1104	941
	1100	942
	1096	942
	1090	942
	1085	941
	1078	937
	1072	933
	1068	929
	1066	925
	1061	917
	1057	912
	1054	903
	1054	895
	1058	885
	1066	875
	1076	869
	1088	862
	1100	860
	1113	860
	1123	863
	1130	869
	1132	870
	1132	873
	1130	876
	1124	876
	1119	875
	1115	870
.PEN_UP
.PEN_DOWN
	1159	918
	1155	926
	1157	926
	1156	928
	1156	928
	1156	927
	1156	926
	1155	919
	1153	909
	1155	899
	1157	892
	1164	883
	1171	878
	1179	876
	1185	879
	1193	883
	1196	889
	1200	898
	1198	908
	1198	918
	1198	925
	1196	928
	1196	929
	1196	928
	1193	925
	1193	918
	1195	909
	1200	902
	1208	893
	1215	886
	1222	883
	1229	882
	1237	883
	1242	889
	1247	892
	1249	898
	1249	905
	1249	912
	1247	922
	1246	928
	1243	932
	1242	935
	1241	936
	1241	938
	1240	938
	1240	938
	1239	939
	1239	939
	1239	938
	1238	939
	1238	941
	1237	941
.PEN_UP
.PEN_DOWN
	1311	921
	1311	919
	1311	919
	1311	919
	1311	918
	1311	919
	1311	919
	1311	919
	1312	918
	1313	916
	1317	915
	1324	912
	1334	912
	1341	913
	1349	915
	1351	916
	1356	916
	1358	918
	1358	919
	1359	922
	1359	926
	1357	929
	1355	935
	1351	939
	1347	942
	1341	945
	1334	945
	1329	945
	1323	944
	1316	941
	1312	936
	1307	929
	1304	919
	1303	909
	1302	900
	1303	892
	1305	883
	1312	875
	1321	869
	1334	869
	1347	866
	1358	870
	1366	873
	1368	875
	1370	875
	1366	878
.PEN_UP
.PEN_DOWN
	1405	995
	1407	1001
	1407	1001
	1408	1004
	1407	1004
	1408	1001
	1411	991
	1415	973
	1419	958
	1423	940
	1428	922
	1429	905
	1432	892
	1436	880
	1438	874
	1439	870
	1440	869
	1440	869
	1439	870
	1438	875
	1436	883
	1437	896
.PEN_UP
.PEN_DOWN
	1483	912
	1483	912
	1485	915
	1485	916
	1486	915
	1484	916
	1487	915
	1490	912
	1497	909
	1507	909
	1517	910
	1526	912
	1532	916
	1537	919
	1539	922
	1539	926
	1539	929
	1538	935
	1536	938
	1532	941
	1530	942
	1524	942
	1519	941
	1513	942
	1506	940
	1498	936
	1489	929
	1483	925
	1481	918
	1481	912
	1485	905
	1490	898
	1502	892
	1513	885
	1525	885
	1538	885
	1547	888
	1553	889
	1554	889
	1555	889
	1555	889
	1554	892
	1553	895
.PEN_UP
.PEN_DOWN
	1589	922
	1589	922
	1589	924
	1590	925
	1589	925
	1591	925
	1594	922
	1596	916
	1600	909
	1603	902
	1606	895
	1608	889
	1609	882
	1610	882
	1611	881
	1611	880
	1611	880
	1609	883
	1609	889
	1609	899
	1609	909
	1609	918
	1611	926
	1611	931
	1615	936
	1619	941
	1626	945
	1634	945
	1645	945
	1651	942
	1656	938
	1658	935
	1658	931
	1655	929
.PEN_UP
.PEN_DOWN
	1751	922
	1751	926
	1751	929
	1751	931
	1749	935
	1747	935
	1742	939
	1730	936
	1717	932
	1706	928
	1700	922
	1696	919
	1696	916
	1699	911
	1709	908
	1724	903
	1737	899
	1747	895
	1754	889
	1758	885
	1757	881
	1753	875
	1745	870
	1737	865
	1729	863
	1721	862
	1713	859
	1708	857
	1708	859
	1707	859
	1708	859
	1712	862
.PEN_UP
.PEN_DOWN
	366	688
	364	691
	360	694
	359	697
	359	701
	358	705
	358	707
	358	707
	358	705
	358	698
	360	685
	361	670
	364	654
	363	636
	366	618
	368	603
	372	595
	374	589
	375	589
	377	589
	381	593
	381	593
	383	595
	385	594
	394	595
	404	595
	416	596
	426	598
	434	598
	441	599
	445	602
	447	603
	447	605
	447	605
.PEN_UP
.PEN_DOWN
	498	631
	499	636
	498	639
	498	639
	496	639
	494	639
	488	638
	483	629
	479	617
	479	606
	487	596
	498	589
	513	586
	529	589
	542	593
	550	599
	558	608
	558	618
	556	626
	551	636
	542	642
	534	645
	524	645
	517	648
	512	647
	510	647
	510	647
.PEN_UP
.PEN_DOWN
	671	625
	673	629
	675	631
	677	635
	681	638
	681	640
	681	642
	678	645
	675	648
	669	648
	664	648
	657	645
	647	638
	638	629
	630	617
	627	609
	629	598
	638	589
	654	582
	673	579
	693	579
	709	579
	718	582
	723	584
	725	585
	725	589
	723	594
	722	598
	722	604
.PEN_UP
.PEN_DOWN
	764	678
	764	685
	764	691
	764	692
	764	692
	764	687
	762	678
	766	662
	771	645
	775	626
	780	609
	783	596
	788	586
	790	579
	792	575
	792	575
	792	573
	791	576
	789	582
	788	595
	793	609
.PEN_UP
.PEN_DOWN
	836	658
	837	658
	835	659
	832	655
	826	652
	817	648
	807	639
	796	631
	783	622
	775	616
	771	612
	769	612
	768	612
	771	609
	779	605
	790	599
	804	595
	819	592
	832	589
	844	585
	851	583
	854	582
	854	582
	854	580
	854	579
	854	579
	854	579
	854	582
	857	585
.PEN_UP
.PEN_DOWN
	1060	664
	1062	669
	1062	674
	1064	678
	1063	682
	1062	687
	1061	688
	1055	691
	1047	691
	1036	687
	1023	678
	1010	667
	1002	652
	1000	635
	1002	616
	1013	602
	1027	589
	1047	582
	1066	578
	1083	577
	1094	579
	1100	579
	1102	582
	1104	584
	1102	586
	1100	589
	1100	592
	1098	593
	1100	594
.PEN_UP
.PEN_DOWN
	1154	599
	1156	603
	1155	605
	1153	606
	1147	606
	1140	605
	1132	598
	1127	589
	1126	582
	1131	573
	1138	566
	1151	565
	1162	567
	1174	573
	1183	581
	1185	589
	1186	602
	1183	612
	1177	619
	1168	622
	1156	622
	1147	617
	1142	618
	1140	612
	1142	609
.PEN_UP
.PEN_DOWN
	1234	547
	1230	543
	1228	540
	1229	536
	1235	533
.PEN_UP
.PEN_DOWN
	350	387
	351	395
	353	397
	353	397
	353	385
	353	366
	356	345
	362	324
	366	308
	370	295
	373	287
	375	283
	375	282
	376	282
	374	287
	372	296
.PEN_UP
.PEN_DOWN
	336	392
	333	394
	330	394
	326	395
	325	395
	323	394
	323	394
	323	394
	324	394
	329	397
	338	401
	351	401
	364	405
	378	408
	390	411
	398	408
	402	405
	407	397
	410	391
	411	382
	409	373
	405	365
	398	356
	390	348
	383	341
	376	335
	369	331
	364	328
	360	328
	358	326
	357	326
	356	326
	356	326
	356	326
	359	326
	368	325
	381	328
	394	328
	407	325
	419	322
	431	318
	439	312
	446	305
	449	296
	449	286
	447	277
	443	269
	438	260
	431	253
	423	250
	414	247
	405	246
	395	247
	389	249
	384	250
	383	252
	382	252
	381	252
	383	253
	392	259
.PEN_UP
.PEN_DOWN
	583	293
	581	296
	580	299
	581	303
	580	302
	579	302
	580	302
	580	295
	581	286
	584	276
	588	265
	593	256
	600	249
	609	246
	615	243
	619	243
	623	247
	626	253
	627	262
	626	272
	626	283
	624	293
	624	298
	623	301
	623	302
	623	302
	622	302
	623	301
	627	293
	632	284
	639	275
	647	265
	656	259
	666	252
	675	250
	681	247
	683	246
	684	243
	685	243
	685	243
.PEN_UP
.PEN_DOWN
	789	275
	791	276
	793	279
	794	281
	794	283
	790	286
	785	289
	781	288
	774	289
	768	285
	759	279
	751	273
	748	264
	745	256
	747	245
	755	239
	766	232
	781	229
	791	229
	800	230
	806	235
	810	242
	811	252
	809	266
	804	279
	796	292
	788	295
.PEN_UP
.PEN_DOWN
	779	345
	777	351
	776	355
	775	359
	775	361
	774	361
	775	359
	778	348
	783	332
	788	315
	793	293
	798	275
	805	259
	809	246
	813	236
	816	229
	817	227
	818	226
	819	226
	819	227
	817	233
.PEN_UP
.PEN_DOWN
	957	281
	957	286
	956	289
	954	292
	952	293
	949	293
	943	292
	938	286
	932	277
	930	269
	930	259
	937	249
	949	243
	964	243
	975	247
	982	253
	988	262
	989	269
	987	276
	985	283
	981	286
	981	286
	979	284
	975	279
	974	269
	977	256
	981	242
	990	227
	1000	213
	1008	197
	1013	183
	1016	167
	1015	151
	1013	141
	1008	134
	1002	130
	993	128
	981	131
	968	138
	952	148
	939	157
	932	161
	928	163
	926	162
	927	160
.PEN_UP
.PEN_DOWN
	1105	266
	1104	270
	1104	270
	1104	270
	1104	270
	1102	269
	1102	266
	1105	266
	1110	266
	1115	268
	1122	269
	1127	270
	1130	272
	1134	275
	1137	279
	1138	282
	1138	289
	1135	295
	1132	298
	1126	303
	1121	302
	1113	302
	1105	296
	1096	292
	1088	282
	1083	271
	1081	259
	1084	242
	1092	230
	1102	220
	1117	216
	1135	216
	1151	218
	1164	223
	1170	227
	1173	230
	1174	233
	1174	233
	1174	237
.PEN_UP
.PEN_DOWN
	1272	340
	1273	349
	1274	355
	1273	358
	1273	359
	1273	354
	1279	342
	1283	322
	1287	298
	1292	279
	1298	260
	1303	246
	1306	232
	1309	223
	1311	219
	1311	217
	1311	216
	1311	222
	1306	229
	1301	236
.PEN_UP
.PEN_DOWN
	1256	273
	1254	275
	1251	279
	1247	279
	1246	281
	1247	281
	1247	282
	1253	282
	1270	285
	1291	289
	1315	291
	1328	292
	1339	293
.PEN_UP
