
.WRITER_ID Deborah_Bray
.STYLE MIXED

.PEN_DOWN
747 15733
744 15737
739 15740
726 15740
706 15733
683 15723
663 15713
650 15700
641 15691
637 15684
641 15677
657 15674
683 15681
713 15682
734 15680
746 15671
750 15658
741 15635
726 15614
709 15598
691 15584
671 15577
653 15575
641 15579
635 15584
637 15591
643 15595
656 15595
.PEN_UP
.PEN_DOWN
810 15694
811 15700
810 15704
809 15705
804 15700
797 15687
790 15671
782 15651
776 15631
776 15617
781 15605
790 15598
806 15599
824 15607
841 15618
854 15631
863 15641
871 15648
874 15651
874 15654
874 15651
876 15644
875 15635
876 15624
878 15617
881 15612
889 15611
902 15616
915 15621
.PEN_UP
.PEN_DOWN
981 15650
982 15651
982 15654
980 15657
972 15654
958 15647
947 15637
941 15628
937 15621
939 15614
948 15611
959 15615
972 15621
982 15630
989 15638
991 15648
993 15656
994 15658
995 15660
997 15661
1004 15663
1011 15667
1020 15668
1028 15674
1038 15681
1045 15691
1048 15703
1051 15713
1051 15720
1050 15727
1050 15730
1048 15730
1046 15723
1041 15703
1033 15677
1028 15648
1024 15625
1024 15607
1024 15598
1026 15594
1031 15594
1039 15604
.PEN_UP
.PEN_DOWN
1093 15673
1102 15681
1113 15684
1119 15690
1120 15690
1119 15690
1107 15684
1089 15674
1071 15664
1054 15654
1045 15647
1042 15640
1046 15635
1060 15631
1081 15634
1106 15637
1130 15640
1151 15644
1168 15650
1181 15654
1189 15661
1193 15668
1191 15674
1184 15677
1171 15674
1160 15667
1152 15654
1150 15640
1159 15625
1181 15616
1207 15611
1231 15611
1250 15614
.PEN_UP
.PEN_DOWN
773 15663
776 15670
790 15677
813 15684
840 15687
.PEN_UP
.PEN_DOWN
710 15485
700 15486
687 15489
676 15485
663 15482
649 15476
632 15464
622 15452
620 15443
621 15434
635 15427
658 15426
682 15426
702 15423
713 15414
720 15404
718 15391
708 15374
692 15361
674 15351
654 15344
634 15338
621 15337
613 15340
612 15345
615 15349
623 15352
635 15351
652 15348
669 15344
691 15344
711 15345
728 15354
741 15365
752 15377
757 15387
763 15399
765 15403
765 15404
766 15404
763 15396
758 15380
756 15369
760 15360
763 15354
772 15357
784 15364
794 15373
802 15383
809 15390
810 15393
811 15394
811 15394
811 15396
813 15391
811 15381
813 15373
817 15368
824 15367
837 15370
848 15377
859 15387
870 15396
878 15406
885 15414
891 15420
898 15423
902 15421
907 15417
911 15410
913 15396
909 15383
909 15373
911 15370
917 15368
928 15371
941 15378
952 15387
963 15394
970 15404
978 15413
984 15417
989 15420
991 15420
995 15416
997 15407
993 15394
991 15381
987 15371
987 15364
989 15361
994 15360
1006 15364
1017 15371
1026 15380
1030 15387
1032 15396
1033 15403
1033 15407
1035 15410
1039 15410
1043 15413
1046 15412
1050 15410
1056 15410
1063 15406
1072 15404
1080 15404
1087 15404
1091 15406
1094 15407
1095 15410
1096 15410
1097 15410
1098 15410
1100 15411
1100 15410
1097 15407
1091 15401
1087 15391
1084 15383
1085 15374
1091 15370
1100 15367
1113 15367
1122 15370
1133 15374
1144 15380
1156 15387
1165 15394
1174 15401
1181 15404
1185 15404
1189 15403
1191 15397
1191 15390
1187 15378
1184 15368
1187 15361
1191 15360
1204 15361
1219 15368
1231 15374
1241 15383
1250 15393
1259 15401
1267 15410
1272 15413
1276 15416
1278 15417
1281 15417
1283 15417
1289 15416
1295 15414
1300 15413
1304 15413
1304 15413
1306 15413
1304 15413
1304 15413
1306 15414
1306 15414
1306 15416
1306 15420
1306 15420
1305 15424
1304 15426
1302 15429
1302 15433
1297 15434
1294 15434
1289 15434
1284 15427
1278 15420
1276 15410
1277 15396
1284 15385
1297 15374
1313 15367
1331 15361
1345 15358
1357 15354
1363 15348
.PEN_UP
.PEN_DOWN
1093 15456
1089 15460
1089 15463
1090 15466
1089 15466
1090 15466
.PEN_UP
.PEN_DOWN
681 15242
681 15242
680 15239
680 15226
676 15209
674 15186
669 15166
665 15150
662 15139
660 15134
660 15134
659 15134
659 15144
.PEN_UP
.PEN_DOWN
568 15242
568 15242
580 15245
597 15255
631 15265
672 15279
713 15292
750 15302
778 15307
795 15307
.PEN_UP
.PEN_DOWN
711 15129
711 15129
710 15129
711 15130
715 15133
724 15134
735 15139
745 15146
754 15153
761 15162
764 15170
763 15176
763 15181
757 15183
748 15181
739 15170
730 15153
726 15140
728 15130
738 15124
756 15126
776 15133
794 15142
811 15153
824 15170
853 15274
856 15285
856 15293
857 15294
856 15294
850 15285
844 15265
835 15242
826 15215
824 15189
821 15167
826 15153
833 15143
844 15140
858 15143
874 15153
887 15162
898 15173
904 15180
907 15182
908 15183
907 15183
904 15180
902 15176
901 15169
.PEN_UP
.PEN_DOWN
902 15186
902 15186
904 15189
904 15190
906 15192
906 15195
906 15197
904 15196
898 15195
889 15190
882 15180
876 15168
874 15157
874 15146
881 15136
894 15133
911 15133
928 15136
941 15140
953 15149
963 15156
972 15163
983 15172
989 15176
994 15177
997 15176
999 15173
997 15164
994 15153
991 15143
991 15136
994 15130
999 15126
1004 15126
1011 15129
1020 15136
1026 15147
1032 15157
1035 15167
1039 15173
1042 15176
1047 15179
1056 15180
1065 15179
1074 15176
1083 15176
1089 15176
1096 15173
1104 15176
1110 15176
1114 15176
1115 15179
1117 15179
1116 15176
1113 15173
1108 15167
1104 15159
1104 15149
1107 15141
1116 15136
1128 15133
1141 15133
1156 15136
1170 15143
1182 15149
1194 15159
1204 15167
1215 15176
1225 15180
1233 15182
1241 15179
1247 15173
1250 15166
1250 15153
1247 15140
1241 15130
1235 15123
1228 15120
1220 15121
1216 15124
1215 15126
1217 15127
1220 15127
1224 15127
1234 15126
1247 15127
1261 15131
1276 15137
1289 15143
1300 15153
1308 15160
1315 15166
1317 15167
1317 15167
1315 15166
1310 15159
1307 15149
1307 15140
1311 15133
1322 15127
1339 15126
.PEN_UP
.PEN_DOWN
1410 15150
1411 15156
1408 15159
1400 15162
1388 15160
1378 15157
1368 15149
1363 15139
1364 15133
1371 15127
1384 15126
1402 15129
1418 15134
1432 15140
1443 15148
1454 15153
1465 15160
1474 15162
1479 15162
1483 15159
1484 15150
1483 15143
1482 15136
1482 15131
1483 15129
1485 15130
1493 15134
1504 15139
1515 15147
1529 15156
1541 15158
1550 15157
1558 15149
1565 15137
1578 15126
1590 15116
1605 15110
1623 15110
1641 15114
1650 15120
1652 15129
.PEN_UP
.PEN_DOWN
1335 15235
1333 15234
1326 15232
1316 15228
.PEN_UP
.PEN_DOWN
1107 15232
1107 15232
1109 15229
.PEN_UP
.PEN_DOWN
707 14985
704 14988
701 14982
699 14969
691 14949
684 14926
678 14909
674 14896
669 14886
665 14882
663 14880
657 14880
652 14886
.PEN_UP
.PEN_DOWN
587 14971
589 14975
604 14978
633 14984
671 14991
713 15001
753 15012
785 15021
809 15031
822 15035
826 15037
826 15035
818 15021
804 14998
789 14972
776 14949
765 14932
758 14919
757 14915
757 14914
761 14915
772 14923
785 14935
795 14939
802 14942
808 14937
811 14925
811 14915
812 14905
814 14899
818 14895
824 14893
.PEN_UP
.PEN_DOWN
898 14933
898 14933
896 14935
887 14933
875 14925
863 14915
854 14905
850 14896
852 14892
861 14890
877 14895
891 14903
904 14909
915 14919
925 14928
934 14935
944 14939
952 14939
957 14939
961 14935
961 14926
956 14915
950 14906
948 14902
948 14900
952 14902
963 14906
974 14913
984 14922
992 14929
997 14932
998 14932
1000 14929
998 14925
996 14916
995 14909
998 14906
1005 14903
1019 14905
1035 14909
1052 14915
1069 14919
1080 14925
1089 14928
1096 14929
1096 14929
1094 14929
1084 14929
1070 14923
1058 14916
1048 14909
1043 14904
1043 14900
1046 14896
1057 14899
1071 14902
1081 14906
1089 14913
1091 14913
1094 14913
1093 14906
1089 14889
1083 14867
1076 14844
1069 14823
1065 14810
1060 14800
1054 14793
1046 14793
1039 14794
1037 14802
.PEN_UP
.PEN_DOWN
1144 14991
1152 15005
1157 15014
1161 15017
1163 15014
1163 14998
1157 14971
1154 14946
1152 14925
1154 14913
1157 14905
1159 14902
1163 14903
1173 14909
1187 14922
1200 14932
1210 14938
1217 14938
1224 14935
1231 14929
1239 14925
1252 14922
1267 14919
1285 14922
1300 14923
1313 14926
1322 14929
1326 14932
1328 14933
1329 14933
1326 14933
.PEN_UP
