
.WRITER_ID Deborah_Bray
.STYLE MIXED

.PEN_DOWN
696 15712
695 15703
695 15702
695 15702
696 15702
696 15702
696 15702
696 15702
695 15706
696 15715
697 15726
698 15736
698 15743
691 15746
679 15745
665 15738
651 15728
636 15712
625 15693
618 15672
615 15645
618 15622
625 15607
638 15602
657 15605
675 15619
695 15638
712 15656
722 15673
731 15686
736 15695
740 15699
740 15702
742 15699
741 15692
738 15675
736 15662
737 15649
738 15639
742 15633
748 15629
758 15629
.PEN_UP
.PEN_DOWN
803 15669
803 15676
803 15678
803 15678
801 15678
794 15673
785 15663
778 15648
775 15636
777 15626
783 15622
797 15625
810 15635
822 15648
829 15662
831 15676
829 15686
823 15692
817 15696
817 15696
816 15696
821 15698
829 15698
842 15698
855 15696
868 15696
878 15695
885 15694
888 15690
885 15682
879 15669
872 15657
867 15646
866 15639
869 15633
877 15632
886 15635
897 15643
906 15653
912 15659
916 15668
918 15672
919 15673
919 15673
919 15669
916 15656
913 15639
916 15625
925 15619
939 15622
953 15636
965 15655
972 15669
977 15679
976 15685
977 15685
977 15686
979 15686
985 15686
992 15686
1001 15686
1011 15686
1024 15687
1040 15690
1053 15690
1062 15692
1064 15692
1064 15689
1057 15686
1045 15678
1034 15666
1024 15653
1016 15639
1015 15626
1018 15621
1029 15621
1045 15629
1058 15645
1068 15659
1075 15680
1081 15706
1082 15738
1086 15766
1086 15785
1084 15798
1081 15802
1079 15802
1077 15801
1078 15792
1079 15781
.PEN_UP
.PEN_DOWN
621 15473
622 15473
621 15473
621 15473
623 15466
621 15456
621 15441
621 15434
621 15433
621 15433
621 15434
626 15445
628 15460
629 15473
629 15485
625 15490
620 15494
611 15490
601 15483
590 15472
581 15456
573 15434
570 15410
571 15391
578 15380
592 15374
610 15376
631 15386
650 15397
666 15413
675 15426
677 15435
675 15443
670 15446
662 15446
656 15440
648 15430
643 15414
643 15400
648 15389
660 15381
673 15381
688 15387
701 15397
714 15407
723 15420
733 15434
739 15444
742 15448
742 15447
740 15444
737 15431
733 15414
732 15400
736 15387
743 15381
.PEN_UP
.PEN_DOWN
811 15513
815 15523
816 15529
818 15530
820 15527
818 15510
816 15487
812 15460
811 15439
811 15423
811 15414
811 15410
810 15413
808 15420
801 15433
766 15459
764 15459
766 15457
779 15459
799 15463
822 15460
842 15457
861 15457
876 15456
887 15456
890 15457
890 15457
884 15456
871 15449
858 15441
847 15434
841 15425
840 15414
842 15406
851 15401
863 15403
877 15410
888 15423
895 15434
898 15439
899 15443
898 15443
898 15443
896 15437
894 15426
892 15416
894 15407
897 15403
905 15401
920 15406
933 15414
942 15424
951 15433
953 15439
953 15444
954 15446
953 15446
953 15443
951 15434
954 15423
962 15413
973 15407
986 15409
1001 15414
1014 15420
1023 15430
1031 15438
1038 15446
1045 15454
1051 15457
1057 15456
1064 15453
1066 15443
1068 15433
1070 15423
1070 15417
1070 15417
1072 15420
1077 15424
1084 15430
1090 15434
1098 15439
1107 15440
1118 15437
1127 15430
1137 15420
1147 15414
1159 15410
1174 15413
1192 15417
1206 15426
1218 15434
1224 15444
1224 15450
.PEN_UP
.PEN_DOWN
914 15522
914 15523
913 15527
919 15529
921 15530
924 15529
927 15522
.PEN_UP
.PEN_DOWN
648 15221
648 15225
648 15230
647 15231
646 15235
643 15238
629 15237
614 15230
596 15218
581 15201
572 15181
571 15162
577 15151
587 15144
603 15145
619 15155
634 15174
649 15195
659 15221
668 15245
673 15270
675 15288
677 15298
676 15300
676 15300
675 15294
669 15271
664 15241
662 15215
664 15194
669 15178
675 15168
685 15167
.PEN_UP
.PEN_DOWN
748 15221
747 15227
747 15229
745 15231
740 15228
729 15224
716 15211
706 15195
698 15181
696 15168
701 15162
712 15162
729 15172
744 15188
756 15201
764 15216
768 15225
768 15228
768 15230
766 15230
764 15225
762 15214
761 15198
764 15187
771 15178
782 15175
792 15181
806 15188
818 15201
827 15211
834 15224
842 15235
849 15244
855 15245
860 15244
863 15232
862 15217
861 15204
859 15198
859 15197
860 15201
868 15214
879 15227
890 15241
902 15252
911 15255
920 15251
927 15240
931 15225
934 15211
938 15201
940 15192
942 15188
.PEN_UP
.PEN_DOWN
1016 15254
1017 15253
1016 15251
1016 15245
1016 15237
1014 15234
1014 15231
1014 15230
1016 15235
1018 15245
1018 15255
1018 15264
1016 15270
1011 15272
1001 15268
985 15257
972 15240
964 15221
964 15202
979 15185
1007 15175
1036 15172
1066 15178
1094 15192
1116 15205
1132 15221
1140 15235
1140 15245
1133 15250
1121 15251
1107 15245
1095 15232
1087 15217
1086 15201
1092 15184
1107 15174
1124 15167
1140 15165
1155 15165
1164 15167
1172 15168
1179 15172
1183 15174
1186 15175
1189 15175
1192 15172
.PEN_UP
.PEN_DOWN
651 15018
653 15022
657 15027
660 15035
660 15039
660 15042
655 15045
645 15045
631 15036
618 15025
605 15008
590 14987
584 14968
583 14955
587 14946
596 14943
612 14949
627 14962
642 14978
653 14996
665 15019
673 15045
681 15068
684 15088
688 15099
688 15102
687 15105
685 15105
682 15099
675 15081
667 15058
660 15031
657 15005
656 14983
660 14968
668 14962
681 14962
695 14965
709 14975
719 14988
725 15002
725 15012
725 15019
720 15021
714 15016
705 15002
698 14984
696 14966
701 14955
710 14947
725 14946
742 14955
758 14968
773 14985
785 15005
794 15031
799 15059
801 15085
801 15104
798 15112
796 15114
792 15111
786 15098
779 15072
773 15041
768 15006
766 14966
768 14929
768 14893
764 14866
758 14846
753 14836
745 14830
734 14833
723 14846
716 14866
721 14886
725 14905
736 14922
748 14939
764 14955
783 14969
801 14985
816 14995
822 14999
822 15002
820 15002
814 15002
805 14996
795 14985
789 14969
790 14955
796 14945
811 14939
832 14942
853 14949
.PEN_UP
.PEN_DOWN
897 14977
897 14982
894 14985
889 14986
881 14982
871 14976
861 14965
853 14953
849 14939
851 14933
857 14929
869 14932
884 14942
897 14953
908 14965
914 14975
916 14982
918 14983
918 14985
919 14982
916 14973
916 14956
919 14942
927 14933
938 14929
951 14933
966 14943
979 14959
990 14978
999 15002
1005 15029
1010 15055
1010 15075
1010 15081
1009 15082
1005 15079
1001 15065
993 15039
986 15012
981 14983
979 14963
979 14953
979 14949
979 14949
977 14955
973 14968
.PEN_UP
.PEN_DOWN
905 15041
898 15046
895 15048
895 15048
899 15045
914 15045
933 15045
955 15046
977 15049
998 15051
1016 15051
1028 15052
1038 15052
1045 15051
1049 15051
1053 15048
1055 15045
.PEN_UP
