
.WRITER_ID Deborah_Bray
.STYLE MIXED

.PEN_DOWN
677 15722
677 15722
677 15723
677 15725
679 15725
682 15719
682 15706
683 15691
683 15673
683 15655
683 15639
683 15629
684 15619
684 15619
684 15616
683 15619
682 15625
.PEN_UP
.PEN_DOWN
562 15726
555 15722
553 15725
553 15725
556 15726
564 15728
579 15732
597 15735
619 15741
645 15748
670 15755
693 15758
712 15759
725 15758
.PEN_UP
.PEN_DOWN
699 15666
699 15666
699 15663
699 15663
700 15658
700 15655
699 15643
696 15629
692 15619
690 15609
690 15606
690 15606
690 15609
690 15619
690 15635
694 15649
698 15659
706 15669
716 15678
727 15682
735 15682
740 15682
742 15676
.PEN_UP
.PEN_DOWN
740 15639
742 15639
746 15646
748 15646
750 15645
751 15645
751 15645
753 15639
753 15629
753 15619
759 15612
766 15605
776 15603
786 15609
795 15619
806 15633
813 15649
820 15665
.PEN_UP
.PEN_DOWN
850 15728
849 15728
849 15728
853 15726
855 15719
857 15702
857 15678
858 15655
858 15635
858 15623
857 15619
857 15619
855 15625
851 15635
803 15672
798 15673
799 15675
810 15673
829 15678
853 15682
879 15692
901 15702
919 15712
933 15726
942 15742
945 15755
945 15761
945 15762
940 15761
934 15749
928 15731
920 15709
914 15686
911 15668
912 15655
916 15646
920 15642
927 15639
936 15643
948 15649
958 15656
968 15656
976 15653
985 15646
994 15639
1003 15633
1015 15633
1029 15636
1045 15642
1059 15646
1071 15648
1079 15649
1084 15649
1088 15648
1090 15646
1092 15641
.PEN_UP
.PEN_DOWN
642 15491
645 15498
645 15500
645 15500
648 15493
646 15477
645 15456
645 15430
646 15406
647 15390
647 15379
647 15374
647 15373
645 15376
644 15384
.PEN_UP
.PEN_DOWN
570 15486
569 15487
568 15487
572 15490
584 15499
600 15506
618 15512
639 15517
659 15522
673 15527
683 15529
688 15530
690 15530
690 15527
690 15513
685 15490
681 15464
675 15437
675 15416
673 15400
675 15390
677 15387
677 15387
680 15391
686 15401
695 15416
702 15426
706 15430
708 15430
712 15426
714 15414
714 15403
715 15391
720 15381
727 15376
738 15373
748 15374
759 15381
771 15392
783 15404
792 15416
801 15429
807 15437
810 15443
812 15443
814 15440
816 15433
818 15423
818 15413
820 15404
822 15396
825 15391
825 15387
827 15383
832 15380
838 15373
.PEN_UP
.PEN_DOWN
890 15419
890 15420
890 15424
890 15427
884 15427
875 15424
866 15416
858 15406
855 15393
855 15384
861 15377
872 15376
887 15381
899 15390
909 15401
914 15413
916 15424
916 15434
915 15440
916 15443
921 15446
932 15447
940 15446
947 15444
953 15439
953 15430
949 15417
942 15406
938 15397
938 15396
938 15394
944 15397
955 15406
966 15417
977 15430
985 15439
991 15444
992 15443
994 15440
994 15434
995 15427
995 15420
1001 15416
1014 15414
1032 15420
.PEN_UP
.PEN_DOWN
1095 15450
1092 15454
1083 15456
1070 15457
1057 15456
1045 15449
1036 15439
1034 15427
1039 15420
1047 15414
1058 15416
1071 15423
1081 15430
1086 15436
1090 15439
1090 15439
1090 15430
1090 15416
1086 15396
1084 15367
1083 15337
1084 15304
1085 15284
1085 15271
1083 15267
1079 15267
1073 15271
.PEN_UP
.PEN_DOWN
1145 15500
1151 15516
1155 15523
1158 15523
1158 15526
1155 15523
1153 15512
1147 15490
1146 15467
1144 15444
1145 15424
1147 15413
1148 15406
1151 15404
1159 15406
1172 15414
1186 15426
1196 15433
1203 15433
1208 15430
1213 15423
1218 15414
1229 15410
1238 15407
1249 15407
1255 15407
1261 15407
1270 15410
1278 15414
1286 15417
1293 15420
1300 15422
1305 15423
1307 15423
1309 15423
1309 15420
1312 15417
.PEN_UP
.PEN_DOWN
621 15277
621 15277
618 15269
614 15260
612 15248
607 15226
605 15201
606 15181
614 15167
627 15162
644 15165
660 15174
673 15188
682 15205
688 15225
692 15247
697 15261
699 15268
701 15269
703 15264
.PEN_UP
.PEN_DOWN
719 15211
720 15204
722 15197
725 15188
727 15177
727 15162
727 15147
725 15135
725 15124
723 15119
722 15118
720 15118
717 15124
714 15142
714 15165
716 15194
721 15225
731 15251
746 15268
760 15277
777 15277
788 15269
793 15252
790 15234
782 15215
769 15201
751 15188
738 15184
733 15184
736 15184
756 15190
783 15197
.PEN_UP
.PEN_DOWN
575 15039
577 15039
575 15039
575 15041
576 15041
577 15038
576 15023
575 15005
575 14982
579 14958
583 14939
588 14929
595 14923
607 14922
625 14929
643 14945
653 14962
660 14978
662 15000
662 15021
662 15039
662 15048
664 15049
669 15048
.PEN_UP
.PEN_DOWN
699 14968
701 14969
705 14971
708 14972
710 14965
708 14955
705 14942
703 14932
701 14929
702 14926
702 14926
704 14929
709 14942
716 14955
723 14969
733 14979
745 14986
751 14988
755 14983
757 14975
755 14964
750 14953
748 14945
749 14939
753 14939
.PEN_UP
.PEN_DOWN
792 14968
792 14969
791 14971
790 14969
790 14965
789 14955
792 14946
795 14939
801 14936
808 14938
.PEN_UP
.PEN_DOWN
862 15038
861 15042
861 15042
861 15041
861 15032
859 15016
857 14995
853 14973
853 14955
853 14939
858 14932
866 14929
883 14933
899 14942
912 14952
923 14962
929 14972
931 14979
929 14986
924 14989
917 14989
908 14983
899 14969
894 14956
896 14943
905 14932
920 14929
938 14929
960 14935
979 14943
994 14952
1005 14959
1011 14966
1014 14968
1014 14968
1014 14968
1014 14969
1010 14968
999 14963
990 14955
981 14946
973 14937
970 14929
973 14926
983 14926
997 14935
1010 14946
1018 14960
1021 14978
1024 15002
1027 15026
1029 15051
1032 15075
1033 15094
1032 15104
1029 15109
1029 15109
1023 15104
1018 15088
1016 15065
.PEN_UP
.PEN_DOWN
759 15008
758 15008
779 15008
798 15009
821 15012
842 15018
864 15019
881 15021
892 15022
899 15025
.PEN_UP
.PEN_DOWN
757 15065
756 15065
756 15068
756 15068
757 15065
766 15061
777 15055
.PEN_UP
