
.WRITER_ID Deborah_Bray
.STYLE MIXED

.PEN_DOWN
588 15794
588 15797
588 15797
587 15797
586 15794
582 15784
578 15770
573 15747
567 15720
564 15687
564 15663
571 15643
586 15633
602 15626
617 15629
632 15637
644 15650
651 15666
655 15683
658 15700
659 15716
661 15726
664 15733
666 15740
668 15743
670 15743
672 15743
675 15741
676 15740
676 15740
676 15740
676 15740
677 15740
677 15737
679 15737
.PEN_UP
.PEN_DOWN
714 15713
705 15716
696 15717
683 15716
673 15710
663 15706
658 15703
656 15696
658 15690
663 15685
673 15683
683 15680
691 15679
696 15677
696 15674
692 15667
681 15659
670 15653
663 15650
660 15649
659 15650
659 15650
662 15650
674 15650
690 15647
711 15649
733 15653
756 15659
775 15667
791 15677
799 15690
803 15703
800 15710
795 15714
787 15714
776 15706
767 15694
762 15679
765 15665
774 15653
793 15647
818 15643
844 15643
.PEN_UP
.PEN_DOWN
544 15553
545 15553
546 15553
549 15546
550 15533
549 15513
551 15489
554 15462
556 15435
559 15412
564 15402
567 15399
569 15399
573 15407
582 15428
589 15455
597 15485
610 15515
622 15542
632 15559
640 15566
648 15566
.PEN_UP
.PEN_DOWN
647 15438
644 15436
644 15436
646 15436
649 15436
654 15435
658 15438
664 15441
672 15445
679 15451
683 15459
687 15466
687 15475
683 15482
677 15485
667 15485
656 15479
646 15465
640 15448
638 15429
642 15415
651 15405
666 15399
685 15399
703 15406
720 15416
733 15426
739 15437
743 15446
745 15453
746 15456
748 15456
750 15452
748 15438
748 15425
750 15409
757 15402
765 15395
778 15395
790 15399
801 15408
810 15418
821 15432
829 15443
838 15456
849 15461
855 15465
859 15463
862 15456
862 15444
859 15432
855 15422
851 15416
851 15415
852 15416
858 15419
866 15428
877 15439
887 15448
899 15455
907 15456
915 15453
917 15443
918 15433
922 15422
924 15415
931 15409
939 15409
952 15415
965 15422
976 15432
986 15442
998 15453
1010 15459
1021 15463
1030 15462
1036 15455
1041 15445
1040 15432
1036 15416
1029 15405
1018 15398
1003 15392
986 15395
975 15399
970 15407
.PEN_UP
.PEN_DOWN
754 15559
754 15559
756 15559
757 15557
758 15552
759 15549
758 15545
759 15543
759 15543
.PEN_UP
.PEN_DOWN
509 15295
513 15294
518 15285
521 15271
525 15251
526 15222
528 15195
532 15171
535 15158
539 15154
539 15154
541 15160
548 15177
551 15200
555 15225
561 15258
571 15284
580 15304
588 15317
595 15321
602 15320
.PEN_UP
.PEN_DOWN
625 15215
624 15221
618 15222
608 15216
602 15205
595 15195
591 15185
595 15177
604 15169
618 15170
629 15174
640 15184
646 15194
649 15208
648 15218
645 15227
643 15232
640 15232
.PEN_UP
.PEN_DOWN
719 15248
722 15248
722 15248
722 15238
722 15231
720 15222
719 15221
719 15221
719 15221
718 15222
714 15228
711 15238
707 15244
698 15245
687 15244
676 15235
670 15221
666 15201
670 15185
685 15171
707 15164
.PEN_UP
.PEN_DOWN
795 15205
787 15212
780 15212
770 15211
765 15205
759 15195
759 15185
761 15177
767 15170
778 15171
789 15174
800 15184
808 15191
814 15201
818 15208
821 15211
821 15211
825 15201
825 15190
830 15181
838 15176
845 15174
853 15177
864 15184
874 15195
879 15208
884 15228
887 15252
889 15274
894 15292
896 15302
896 15305
896 15306
898 15299
895 15278
892 15255
890 15228
892 15205
894 15191
894 15181
895 15181
895 15178
899 15184
909 15194
922 15204
937 15211
952 15212
960 15211
965 15201
965 15191
959 15178
945 15168
931 15161
916 15158
907 15158
905 15158
904 15158
909 15158
924 15158
941 15161
957 15168
973 15175
986 15184
993 15191
997 15194
997 15195
997 15195
995 15191
992 15187
991 15181
991 15175
993 15171
995 15171
1003 15174
1014 15181
1025 15188
1034 15195
1040 15198
1042 15198
1043 15197
1044 15191
1046 15181
1049 15174
1056 15168
1064 15165
1074 15165
1084 15171
1090 15184
1098 15198
1105 15218
1109 15241
1113 15262
1116 15281
1118 15292
1118 15299
1118 15301
1118 15299
1114 15289
1109 15271
1100 15248
1092 15222
1088 15197
1090 15178
1094 15164
1102 15154
1114 15150
.PEN_UP
.PEN_DOWN
1208 15204
1206 15211
1200 15214
1192 15218
1183 15217
1174 15211
1165 15197
1158 15185
1156 15174
1158 15167
1163 15164
1171 15164
1183 15171
1193 15178
1200 15188
1206 15197
1208 15204
1211 15205
1211 15205
1212 15204
1210 15197
1208 15187
1210 15175
1213 15165
1221 15160
1229 15160
1243 15165
1254 15175
1262 15184
1264 15195
1270 15207
1277 15212
1281 15214
1285 15210
1288 15198
1288 15188
1288 15178
1290 15174
1294 15171
1301 15168
1310 15171
1319 15177
1327 15184
1333 15191
1335 15198
1335 15198
1336 15198
1339 15197
1343 15191
1346 15181
1352 15174
1359 15168
1366 15168
1369 15171
1376 15177
1381 15188
1385 15198
1389 15208
1391 15214
1391 15214
1392 15207
1389 15191
1387 15171
1384 15147
1380 15117
1378 15087
1374 15058
1369 15037
1359 15023
1347 15017
1331 15017
1310 15024
1293 15037
1286 15057
1290 15074
1305 15088
1325 15101
1350 15114
1375 15120
1397 15124
.PEN_UP
.PEN_DOWN
539 15090
541 15091
539 15094
541 15094
541 15091
543 15080
544 15063
545 15034
547 15003
547 14974
548 14954
549 14940
548 14930
549 14929
549 14929
552 14930
556 14944
563 14960
569 14983
581 15010
595 15037
610 15060
623 15075
632 15084
639 15085
.PEN_UP
.PEN_DOWN
636 14943
640 14947
645 14955
652 14967
661 14980
668 14993
675 15003
676 15010
677 15010
677 15011
676 15003
673 14987
673 14973
673 14960
676 14950
683 14944
692 14943
704 14947
715 14956
724 14970
733 14981
741 14993
750 15002
759 15004
765 15003
772 14997
778 14985
785 14973
787 14964
786 14956
782 14947
771 14943
758 14940
748 14942
747 14943
746 14943
747 14943
758 14943
772 14943
784 14943
799 14946
810 14950
821 14956
829 14964
833 14970
834 14976
835 14980
836 14980
834 14977
834 14970
838 14960
842 14953
847 14947
858 14944
869 14944
881 14950
892 14956
.PEN_UP
.PEN_DOWN
927 15070
926 15070
924 15070
922 15060
918 15040
913 15017
911 14996
909 14976
908 14964
907 14956
906 14954
907 14954
.PEN_UP
.PEN_DOWN
830 15030
851 15027
879 15029
909 15027
932 15027
948 15027
960 15024
.PEN_UP
.PEN_DOWN
744 15088
744 15088
745 15087
745 15083
747 15077
750 15071
750 15064
.PEN_UP
.PEN_DOWN
672 15084
670 15085
670 15086
668 15087
668 15087
668 15085
670 15080
.PEN_UP
