
.WRITER_ID Dave_Stauffer
.STYLE MIXED

.PEN_DOWN
705 15363
704 15363
704 15364
707 15364
722 15370
741 15386
760 15406
777 15423
789 15436
797 15449
799 15455
799 15460
796 15465
786 15463
765 15451
744 15426
729 15404
723 15387
722 15373
729 15363
741 15360
764 15366
791 15381
816 15393
.PEN_UP
.PEN_DOWN
909 15446
911 15449
913 15453
912 15456
908 15459
894 15455
871 15433
849 15407
837 15390
835 15383
837 15377
848 15377
865 15383
888 15402
908 15422
918 15432
920 15433
922 15430
914 15393
891 15333
863 15265
844 15221
833 15195
829 15181
831 15172
839 15176
.PEN_UP
.PEN_DOWN
1024 15436
1026 15439
1027 15439
1020 15426
1003 15397
988 15370
984 15354
984 15346
986 15344
995 15344
1015 15360
1039 15390
1061 15417
1073 15430
1077 15432
1078 15429
1075 15413
1067 15393
1061 15377
1056 15366
1054 15356
.PEN_UP
.PEN_DOWN
1160 15492
1151 15475
1141 15448
1130 15420
1124 15397
1120 15379
1120 15364
.PEN_UP
.PEN_DOWN
1165 15584
1163 15591
1162 15591
1160 15594
1163 15587
.PEN_UP
.PEN_DOWN
1211 15440
1212 15442
1213 15443
1214 15445
1213 15445
1213 15445
1211 15435
1205 15412
1199 15393
1196 15383
1196 15374
1197 15369
1202 15367
1209 15367
1217 15370
1226 15379
1235 15390
1243 15400
1250 15413
1256 15423
1260 15429
1262 15430
1267 15426
.PEN_UP
.PEN_DOWN
1338 15403
1341 15410
1343 15416
1347 15419
1349 15421
1349 15423
1349 15425
1345 15426
1334 15422
1313 15406
1298 15390
1290 15379
1289 15370
1292 15366
1298 15363
1311 15366
1328 15376
1345 15393
1356 15403
1360 15409
1360 15409
1360 15407
1354 15393
1347 15370
1343 15354
1345 15337
.PEN_UP
.PEN_DOWN
1502 15544
1492 15517
1478 15486
1464 15459
1456 15435
1454 15416
1455 15402
1459 15396
1468 15393
1479 15392
1495 15390
1510 15393
1525 15402
1540 15416
1547 15429
1550 15439
1547 15443
1540 15445
1522 15433
1504 15413
1493 15396
1492 15383
1496 15376
1506 15370
1525 15376
1551 15393
1575 15406
1592 15412
1598 15412
1598 15407
1589 15389
1572 15367
1564 15354
1561 15350
1561 15348
1566 15350
1581 15363
1598 15377
1617 15391
1632 15399
1640 15400
1641 15400
1642 15389
1637 15374
1636 15364
1636 15357
1639 15351
1649 15350
1666 15354
1691 15367
.PEN_UP
.PEN_DOWN
1838 15545
1846 15554
1844 15552
1832 15532
1816 15506
1801 15476
1789 15442
1784 15412
1782 15393
1782 15376
1780 15364
1780 15360
.PEN_UP
.PEN_DOWN
1760 15383
1747 15396
1738 15400
1733 15400
1733 15402
1738 15400
1764 15404
1808 15416
1865 15429
1914 15435
.PEN_UP
.PEN_DOWN
686 14960
686 14961
686 14961
686 14961
686 14961
690 14961
699 14969
712 14987
723 15003
729 15014
731 15020
731 15024
729 15027
725 15030
718 15027
704 15013
688 14983
676 14954
671 14931
672 14921
678 14914
690 14912
714 14918
736 14931
757 14946
775 14961
.PEN_UP
.PEN_DOWN
800 14991
801 15001
801 15001
801 15001
803 14997
806 14981
811 14964
816 14954
823 14944
830 14935
835 14928
844 14924
852 14925
.PEN_UP
.PEN_DOWN
903 15006
896 15007
888 15005
873 14997
852 14981
825 14960
800 14939
784 14924
777 14914
776 14905
782 14898
.PEN_UP
.PEN_DOWN
954 14974
956 14979
956 14984
956 14987
956 14987
952 14987
943 14984
926 14968
907 14948
895 14934
892 14925
893 14921
901 14918
916 14926
939 14945
956 14967
967 14977
971 14978
972 14980
971 14978
971 14969
964 14951
959 14937
959 14923
964 14914
971 14909
.PEN_UP
.PEN_DOWN
1056 14993
1056 14993
1052 14987
1043 14970
1033 14957
1025 14945
1022 14938
1022 14938
1022 14937
1024 14940
1037 14957
1052 14977
1066 14987
1075 14994
1080 14997
1083 14991
1082 14978
1077 14958
1071 14944
1069 14935
1069 14931
1069 14931
1073 14932
1083 14945
1105 14970
1125 14992
1135 14997
1137 15000
1137 14997
1137 14987
1132 14964
1124 14945
1120 14928
1116 14915
1116 14905
1122 14905
.PEN_UP
.PEN_DOWN
1200 14993
1200 14990
1200 14980
1198 14968
1196 14951
1194 14941
1193 14931
1190 14924
.PEN_UP
.PEN_DOWN
1194 15067
1193 15073
1194 15079
1196 15082
1207 15080
.PEN_UP
.PEN_DOWN
1300 14973
1296 14958
1289 14947
1283 14937
1277 14928
1273 14926
1272 14925
1271 14925
1269 14921
1268 14917
1267 14915
1267 14915
1269 14917
1279 14931
1298 14954
1311 14971
1317 14978
1322 14978
1326 14974
1330 14967
1332 14957
1332 14948
1333 14940
1336 14931
.PEN_UP
.PEN_DOWN
1458 14967
1457 14971
1455 14977
1453 14980
1448 14980
1436 14971
1420 14953
1407 14937
1404 14924
1406 14918
1412 14917
1425 14921
1443 14934
1456 14944
1462 14948
1462 14950
1462 14945
1457 14931
1451 14914
1447 14902
1447 14892
.PEN_UP
.PEN_DOWN
1641 15112
1636 15103
1626 15076
1609 15037
1598 15006
1592 14968
1587 14938
1583 14911
.PEN_UP
.PEN_DOWN
1553 14964
1549 14970
1546 14973
1545 14974
1551 14980
1570 14987
1593 14993
1610 14991
1623 14991
1634 14991
1641 14987
1644 14987
1645 14978
1642 14961
1636 14944
1629 14925
1625 14907
1622 14894
1627 14884
.PEN_UP
.PEN_DOWN
1678 15017
1676 15024
1675 15025
1675 15025
1675 15020
1678 15010
1684 15000
.PEN_UP
.PEN_DOWN
1800 14957
1793 14958
1784 14960
1779 14964
1774 14964
1774 14964
1773 14964
1773 14964
1772 14964
1767 14954
1759 14940
1748 14921
1738 14901
1736 14888
1736 14884
1744 14882
1759 14888
1779 14902
1797 14921
1810 14944
1817 14964
1821 14978
1817 14983
.PEN_UP
.PEN_DOWN
1859 14968
1859 14958
1857 14945
1853 14934
1848 14924
1847 14917
1847 14907
1847 14907
1856 14911
1876 14925
1899 14944
1925 14959
1941 14967
1948 14967
1950 14957
1950 14943
1944 14927
1935 14911
1932 14891
.PEN_UP
.PEN_DOWN
746 14572
744 14573
746 14575
757 14587
773 14605
791 14624
802 14638
808 14647
809 14654
805 14663
797 14671
788 14671
772 14662
754 14638
740 14615
733 14597
733 14584
739 14572
754 14565
777 14568
801 14577
826 14591
843 14601
852 14607
856 14614
857 14617
857 14618
857 14618
857 14620
856 14620
856 14615
860 14601
869 14584
882 14571
894 14559
909 14551
925 14545
937 14542
947 14541
.PEN_UP
.PEN_DOWN
967 14630
956 14622
939 14601
915 14581
893 14561
875 14548
865 14539
860 14535
.PEN_UP
.PEN_DOWN
975 14400
973 14409
971 14422
976 14448
988 14483
1009 14525
1035 14561
1058 14587
1077 14601
1088 14607
1094 14607
1097 14604
1096 14597
1090 14587
1078 14577
1065 14572
1058 14572
1054 14573
.PEN_UP
.PEN_DOWN
1219 14706
1211 14696
1200 14673
1182 14644
1166 14620
1158 14597
1156 14575
1160 14561
.PEN_UP
.PEN_DOWN
1255 14624
1249 14617
1236 14604
1226 14587
1220 14575
1220 14568
1226 14567
1237 14568
1254 14581
1270 14597
1277 14607
1279 14618
1277 14624
1270 14621
.PEN_UP
.PEN_DOWN
1323 14585
1322 14575
1321 14565
1318 14555
1315 14551
1315 14549
1315 14549
1315 14549
1317 14558
1326 14575
1338 14595
1352 14607
1366 14615
1381 14615
1394 14608
.PEN_UP
.PEN_DOWN
1407 14554
1408 14555
1415 14564
1432 14575
1451 14592
1466 14607
1474 14615
1477 14621
1475 14625
1466 14621
1443 14607
1426 14591
1417 14578
1417 14568
1423 14558
1442 14549
1477 14549
1519 14551
.PEN_UP
.PEN_DOWN
784 14113
786 14120
792 14133
803 14149
816 14166
829 14182
839 14195
845 14205
850 14212
848 14219
847 14222
842 14224
831 14215
814 14192
801 14166
794 14143
792 14120
795 14106
803 14099
820 14096
845 14102
869 14119
891 14135
907 14149
916 14162
918 14165
919 14165
920 14165
918 14162
907 14139
895 14112
891 14096
894 14086
902 14080
920 14086
945 14103
967 14123
982 14138
990 14145
993 14146
994 14142
984 14112
964 14070
941 14024
924 13984
916 13954
918 13935
.PEN_UP
.PEN_DOWN
1048 14101
1048 14100
1052 14100
1064 14109
1084 14125
1105 14142
1118 14155
1124 14163
1126 14168
1122 14172
1112 14172
1091 14163
1069 14139
1058 14120
1056 14106
1061 14092
1078 14079
1115 14076
1166 14073
1224 14070
.PEN_UP
