
.WRITER_ID LeslieMuzzio
.STYLE PRINTED
.PEN_DOWN
	73	379
	74	379
	75	379
	75	378
	75	377
	75	376
	76	374
	76	373
	76	372
	76	371
	76	370
	77	369
	77	368
	77	367
.PEN_UP
.PEN_DOWN
	73	391
	72	391
	73	391
	74	391
	74	390
.PEN_UP
.PEN_DOWN
	83	378
	83	377
	83	376
	83	375
	83	374
	84	373
	84	372
	85	371
	85	370
	85	369
	86	369
	86	370
	86	371
	86	372
	86	373
	86	374
	86	375
	87	377
	88	379
	88	381
	89	382
	90	382
	91	382
	92	382
	92	381
	93	381
	94	380
	95	378
	95	377
	96	375
	96	374
	97	374
	97	373
	97	372
	98	371
	98	370
.PEN_UP
.PEN_DOWN
	123	394
	123	393
	122	393
	122	392
	122	390
	122	388
	122	387
	122	385
	123	382
	123	380
	124	378
	124	376
	125	374
	125	373
	126	371
	126	369
	126	368
	127	367
	127	366
	127	367
	126	368
	126	369
	126	370
	126	372
	126	374
	127	375
	127	377
	127	378
	128	380
	128	381
	129	383
	130	383
	131	383
	132	383
	133	382
	134	381
	134	380
	135	379
	136	378
	136	377
	137	376
	137	374
	138	373
	138	372
	138	371
	139	370
	139	369
	139	368
	139	367
	139	366
	139	365
.PEN_UP
.PEN_DOWN
	149	377
	149	376
	149	375
	149	374
	150	373
	150	372
	151	371
	152	370
	152	369
.PEN_UP
.PEN_DOWN
	148	390
	148	389
	147	389
	147	388
.PEN_UP
.PEN_DOWN
	164	384
	164	383
	163	383
	162	382
	161	382
	160	381
	160	380
	160	379
	160	378
	161	378
	162	377
	163	377
	164	377
	165	377
	167	377
	168	377
	169	377
	170	377
	172	376
	173	376
	173	375
	174	375
	174	374
	174	373
	173	373
	173	372
	172	371
	171	371
	171	370
	169	369
	168	369
	168	368
	167	368
.PEN_UP
.PEN_DOWN
	211	383
	210	383
	209	383
	208	383
	207	382
	206	381
	205	380
	205	379
	204	378
	204	377
	203	375
	203	374
	203	373
	204	372
	204	371
	205	371
	206	371
	207	371
	208	371
	209	371
	211	372
	212	372
	213	373
	215	374
	215	375
	215	376
	215	377
	215	378
	215	379
	214	380
	213	381
	212	382
	211	382
	210	383
	208	383
	208	384
	207	384
	206	384
	206	383
.PEN_UP
.PEN_DOWN
	219	385
	219	384
	220	384
	220	383
	221	383
	222	383
	222	382
	223	380
	223	379
	224	378
	225	377
	225	376
	225	375
	226	375
	226	374
	227	373
	227	374
	228	375
	228	376
	228	377
	228	378
	228	380
	228	381
	229	382
	230	383
	231	383
	232	383
	233	382
	234	381
	235	380
	235	378
	236	377
	237	376
	237	375
	238	374
	239	374
	240	373
	241	373
	241	374
	241	375
	241	376
	241	377
	241	378
	241	379
	241	380
	241	381
	241	382
	241	383
	241	384
	241	385
	242	385
	242	386
.PEN_UP
.PEN_DOWN
	249	386
	249	385
	248	385
	248	384
	248	383
	248	382
	248	380
	248	379
	248	378
	249	375
	249	374
	250	373
	250	372
	250	371
	250	372
	251	372
	251	373
	251	374
	251	376
	252	377
	252	378
	253	380
	253	382
	254	383
	256	385
	256	386
	257	386
	258	386
	259	386
	260	385
	261	385
	262	383
	263	381
	263	379
	264	378
	264	377
	264	376
	264	375
	264	374
	264	373
	264	372
	264	371
	264	372
.PEN_UP
.PEN_DOWN
	302	382
	302	383
	301	383
	301	382
	301	381
	301	379
	301	377
	301	375
	302	373
	302	370
	303	367
	303	365
	304	363
	304	361
	305	360
	305	358
	305	357
	305	356
	306	355
	306	354
	305	354
	305	355
	305	356
	304	358
	304	359
	304	360
	303	362
	303	367
	302	370
	302	373
	302	376
	302	380
	302	383
	302	386
	302	389
	303	390
	303	392
	304	392
	305	392
	308	392
	309	392
	310	392
	311	391
	312	390
	313	389
	314	387
	314	386
	314	385
	314	383
	314	382
	314	379
	313	378
	313	377
	312	376
	311	375
	310	374
	309	374
	308	374
	307	374
	306	374
	305	374
	304	374
	303	374
.PEN_UP
.PEN_DOWN
	323	382
	324	381
	324	380
	324	379
	324	378
	325	377
	325	374
	325	373
	325	372
	326	371
	326	370
	326	369
	326	368
.PEN_UP
.PEN_DOWN
	325	393
	325	394
	325	393
.PEN_UP
.PEN_DOWN
	342	385
	341	385
	341	384
	340	384
	340	383
	339	383
	337	383
	337	382
	336	381
	334	379
	333	378
	333	377
	333	376
	333	374
	333	373
	333	372
	334	371
	335	370
	336	369
	337	369
	338	369
	340	369
	341	369
	342	370
	343	370
.PEN_UP
.PEN_DOWN
	357	397
	357	396
	357	395
	357	394
	357	390
	357	388
	357	386
	357	384
	357	382
	357	380
	357	378
	357	377
	358	376
	358	374
	358	373
	358	372
	358	371
	358	370
	358	369
.PEN_UP
.PEN_DOWN
	349	378
	348	378
	349	379
	349	380
	350	380
	352	381
	353	381
	354	382
	356	382
	357	383
	359	383
	360	384
	361	384
	363	384
	364	384
	365	384
	366	384
.PEN_UP
.PEN_DOWN
	376	381
	376	382
	376	381
	376	380
	376	379
	376	378
	376	377
	376	376
	376	375
	376	374
	376	373
	377	372
	377	371
	378	371
	378	370
	380	369
	381	369
	383	369
	384	369
	385	369
	386	369
	387	369
	387	370
	387	371
	387	372
	387	374
	387	375
	387	376
	387	378
	387	379
	386	380
	386	382
	386	383
	386	384
	386	385
	387	385
.PEN_UP
.PEN_DOWN
	399	382
	399	381
	399	380
	400	378
	400	377
	400	376
	400	375
	401	374
	401	373
	401	372
	401	371
	401	370
	400	371
	400	372
	400	373
	400	374
	400	375
	400	377
	400	379
	401	380
	401	381
	402	383
	403	384
	404	385
	405	385
	406	385
.PEN_UP
.PEN_DOWN
	417	374
	418	374
	419	375
	420	376
	421	376
	423	377
	424	377
	425	378
	426	378
	427	378
	428	378
	428	379
	428	380
	428	381
	427	381
	427	382
	427	383
	426	383
	425	383
	424	383
	423	382
	422	382
	422	381
	421	381
	421	380
	421	379
	420	378
	420	377
	419	377
	419	376
	419	375
	419	374
	419	373
	420	372
	420	371
	421	370
	423	369
	424	369
	425	369
	426	368
	427	368
	428	368
	429	368
	430	368
	431	368
	432	368
	433	368
.PEN_UP
.PEN_DOWN
	453	385
	454	385
	454	386
	453	386
	453	387
	452	387
	451	387
	450	387
	449	387
	448	386
	446	386
	445	385
	445	384
	444	384
	443	383
	443	382
	443	381
	443	380
	443	379
	445	379
	446	378
	448	378
	451	378
	452	378
	454	377
	455	377
	457	377
	458	376
	460	376
	461	376
	461	375
	462	375
	463	374
	463	373
	463	372
	462	371
	461	371
	460	370
	459	370
	458	370
	457	370
	456	370
	455	370
	454	370
	453	370
	453	371
.PEN_UP
.PEN_DOWN
	478	374
	478	375
	477	376
	477	375
	477	374
	477	373
	478	373
.PEN_UP
.PEN_DOWN
	516	395
	516	396
	517	396
	517	395
	517	394
	517	392
	517	387
	516	385
	516	382
	516	380
	516	378
	516	375
	516	374
	517	372
	517	371
	517	370
	517	369
	518	368
	518	367
	519	366
.PEN_UP
.PEN_DOWN
	536	382
	536	381
	536	379
	536	378
	536	377
	536	375
	536	374
	536	372
	536	370
	536	369
	536	368
	536	366
	536	365
	536	364
	536	363
.PEN_UP
.PEN_DOWN
	527	371
	528	371
	528	372
	529	372
	530	373
	532	374
	533	374
	535	374
	537	375
	539	375
	541	376
	543	376
	544	376
	546	377
	549	377
	550	377
.PEN_UP
