
.WRITER_ID LeslieMuzzio
.STYLE PRINTED
.PEN_DOWN
	83	397
	83	398
	83	395
	83	393
	83	391
	83	389
	83	387
	83	384
	83	382
	83	381
	83	379
	83	378
	84	376
	84	375
	84	374
	84	373
	84	372
	83	372
	83	373
	82	373
	82	375
	82	377
	81	378
	81	380
	81	382
	81	384
	81	387
	81	389
	81	391
	81	394
	82	396
	84	398
	85	399
	86	400
	87	400
	88	400
	89	400
	90	400
	92	400
	93	400
	94	400
	95	399
	96	397
	96	396
	96	395
	96	394
	96	392
	95	391
	95	390
	94	389
	94	388
	93	387
	92	386
	91	385
	90	385
	89	384
	88	384
	87	384
	86	384
	86	383
	87	382
	88	381
	89	379
	90	378
	91	377
	92	376
	93	375
	94	375
	95	374
	96	373
	97	373
	98	372
.PEN_UP
.PEN_DOWN
	111	380
	112	380
	112	379
	112	378
	112	377
	112	376
	112	375
	112	374
	112	373
	112	372
	112	371
	112	370
	112	369
	112	368
	112	367
.PEN_UP
.PEN_DOWN
	110	390
	110	391
	110	392
	110	391
	111	391
.PEN_UP
.PEN_DOWN
	123	382
	122	382
	122	381
	122	380
	122	378
	122	377
	122	376
	123	375
	123	374
	123	373
	123	372
	123	371
	123	372
	123	373
	123	374
	123	375
	124	376
	124	378
	126	380
	127	382
	128	383
	129	384
	130	384
	131	385
	132	385
	134	385
	135	385
	135	384
	136	383
	137	382
	138	381
	139	379
	139	378
	139	377
	139	376
	139	375
	139	374
	138	373
	138	372
	138	371
.PEN_UP
.PEN_DOWN
	151	380
	150	380
	149	380
	149	381
	148	381
	148	380
	147	379
	146	378
	146	377
	145	375
	145	374
	145	373
	145	372
	145	371
	146	370
	147	369
	148	369
	149	368
	151	368
	152	368
.PEN_UP
.PEN_DOWN
	159	374
	159	375
	160	376
	161	377
	162	378
	164	379
	165	380
	166	380
	166	381
	167	381
	168	382
	169	382
	169	383
	170	384
	170	385
	169	385
	168	385
	167	385
	166	385
	165	385
	164	384
	163	383
	162	383
	161	382
	161	381
	160	380
	159	378
	159	377
	159	376
	159	375
	159	374
	159	373
	159	372
	160	372
	161	371
	162	370
	164	370
	165	369
	168	369
	169	369
	171	369
	173	369
	174	369
	175	369
.PEN_UP
.PEN_DOWN
	186	382
	186	383
	187	383
	187	384
	187	383
	187	382
	187	381
	187	380
	187	378
	188	377
	188	376
	188	375
	189	374
	189	373
	189	372
	190	372
	190	371
	191	372
	191	373
	192	376
	193	377
	193	378
	193	380
	194	381
	194	383
	195	384
	195	385
	196	385
	197	385
	198	384
	198	383
	198	382
	199	381
	200	380
	200	378
	201	377
	201	376
	202	375
	202	374
	203	373
	204	373
	205	373
	206	373
	206	374
	206	375
	207	376
	207	378
	207	380
	207	381
	207	382
	207	383
	207	384
	207	385
.PEN_UP
.PEN_DOWN
	215	385
	215	384
	215	383
	215	382
	215	381
	215	379
	216	378
	216	377
	217	376
	217	375
	217	374
	217	373
	218	372
.PEN_UP
.PEN_DOWN
	216	397
	215	397
	215	396
	216	395
	217	394
.PEN_UP
.PEN_DOWN
	227	381
	227	380
	227	379
	227	378
	227	376
	227	375
	227	374
	228	374
	228	373
	228	372
	228	373
	228	374
	228	375
	228	376
	229	378
	229	379
	230	381
	230	383
	231	385
	232	386
	233	387
	234	387
	235	387
	236	387
	237	387
	237	386
	238	386
	240	385
	240	384
	241	383
	242	381
	243	379
	243	378
	243	377
	243	376
	243	374
	243	373
	243	372
	243	371
	243	370
.PEN_UP
.PEN_DOWN
	259	380
	260	380
	260	381
	260	382
	259	382
	258	382
	257	382
	256	381
	255	381
	254	381
	253	380
	253	379
	252	379
	252	378
	251	378
	251	377
	251	376
	250	375
	250	373
	251	372
	252	372
	252	371
	253	371
	254	371
	255	371
	256	371
	257	371
	258	371
	260	371
	262	371
	263	372
	264	372
.PEN_UP
.PEN_DOWN
	255	405
	255	404
	255	403
	255	402
	255	400
	256	399
	256	398
	257	394
	257	392
	258	390
	258	387
	258	386
	259	384
	259	382
	259	380
	259	379
	260	378
	260	377
	260	375
	260	374
	260	373
	260	372
	261	372
	262	372
	263	372
.PEN_UP
.PEN_DOWN
	277	375
	276	375
	276	374
	276	373
	277	373
.PEN_UP
.PEN_DOWN
	298	401
	298	400
	299	399
	299	397
	299	396
	299	394
	299	392
	299	387
	299	385
	300	383
	300	381
	300	379
	300	378
	300	377
	300	376
	300	375
	300	374
	300	373
	300	372
.PEN_UP
.PEN_DOWN
	306	382
	306	381
	305	381
	305	380
	305	379
	305	378
	305	377
	305	376
	305	374
	305	373
	305	372
	305	371
	305	370
	305	371
	306	372
	306	373
	307	374
	308	375
	308	377
	309	378
	310	380
	311	382
	312	383
	313	384
	314	384
	315	384
	316	384
	317	384
	318	384
	319	383
	320	382
	320	381
	321	380
	321	378
	322	377
	322	376
	322	374
	323	372
	323	371
	323	370
	323	369
	324	369
.PEN_UP
.PEN_DOWN
	349	384
	349	385
	348	385
	347	384
	346	383
	345	382
	344	380
	344	379
	343	378
	342	376
	342	375
	342	374
	342	373
	342	372
	343	371
	344	370
	345	370
	346	370
	348	370
	349	370
	350	370
	351	371
	353	372
	353	373
	354	374
	355	375
	355	377
	355	378
	355	379
	354	381
	354	382
	353	383
	353	384
	352	385
	352	386
	351	386
	350	386
	349	386
.PEN_UP
.PEN_DOWN
	360	384
	361	384
	361	383
	361	382
	361	381
	361	380
	361	378
	361	376
	361	375
	361	374
	361	373
	361	372
	361	371
	361	372
	362	373
	362	374
	362	375
	362	376
	363	378
	364	379
	365	382
	365	383
	366	385
	367	385
	367	386
	368	386
	369	386
	370	386
	371	386
	372	385
	372	383
	373	382
	373	381
	373	379
	373	378
	373	376
	373	375
	373	374
	373	373
	373	372
	373	371
	373	370
	373	369
	373	368
	374	368
.PEN_UP
.PEN_DOWN
	383	372
	383	373
	383	374
	384	374
	384	375
	385	375
	386	375
	387	375
	387	376
	388	376
	389	377
	390	377
	392	377
	393	378
	394	378
	395	379
	396	380
	396	381
	395	382
	394	382
	394	383
	393	383
	392	383
	391	383
	390	383
	389	383
	387	382
	386	382
	385	382
	385	381
	384	381
	383	380
	383	379
	383	378
	382	378
	382	377
	382	375
	382	374
	382	373
	382	372
	383	372
	383	371
	384	370
	384	369
	386	369
	386	368
	387	368
	389	368
	391	368
	392	368
	393	368
	394	368
	396	368
	397	368
	398	369
	399	369
	400	369
	400	370
	401	369
	401	368
.PEN_UP
.PEN_DOWN
	432	380
	432	381
	432	382
	432	383
	431	383
	430	384
	429	384
	427	384
	426	384
	425	383
	424	382
	423	382
	421	381
	420	380
	419	379
	418	378
	418	376
	417	375
	417	373
	417	371
	417	370
	418	369
	419	369
	420	368
	421	367
	423	367
	425	367
	426	367
	428	367
	429	367
	432	368
	433	368
.PEN_UP
.PEN_DOWN
	431	403
	430	403
	430	402
	429	401
	429	400
	429	399
	429	397
	430	396
	430	394
	430	391
	430	389
	431	385
	432	383
	432	381
	432	380
	432	378
	433	377
	433	375
	433	374
	433	373
	433	372
	433	371
	433	369
	433	368
	434	368
.PEN_UP
.PEN_DOWN
	444	379
	444	378
	444	377
	444	376
	444	375
	444	374
	444	373
	444	372
	444	371
	445	370
	445	369
.PEN_UP
.PEN_DOWN
	445	390
	445	391
	444	392
	444	393
	445	392
	445	391
.PEN_UP
.PEN_DOWN
	455	382
	455	381
	456	381
	456	380
	456	379
	456	378
	457	377
	457	376
	457	375
	457	374
	458	373
	458	372
	458	371
	458	370
	458	369
	458	370
	458	371
	458	372
	458	373
	458	376
	459	378
	460	379
	460	381
	461	382
	462	383
	463	384
	464	384
	465	384
	466	383
	467	382
	468	381
	468	379
	468	378
	469	377
	469	376
	469	375
	469	374
	470	374
	470	373
	470	372
	470	373
	471	374
	471	375
	472	376
	472	377
	473	378
	473	379
	474	380
	475	381
	475	382
	476	382
	477	382
	479	382
	480	382
	481	382
	482	381
	483	381
	483	380
	483	379
	484	378
	484	377
	484	375
	484	374
	484	373
	484	372
	484	371
	484	370
	485	370
.PEN_UP
.PEN_DOWN
	520	385
	520	386
	520	385
	520	384
	520	383
	520	382
	520	381
	520	379
	520	378
	520	377
	520	376
	520	377
	520	378
	520	379
	520	380
	520	382
	520	383
	520	384
	519	386
	519	387
	518	388
	518	389
	517	389
	516	389
	515	389
	514	389
	513	388
	512	387
	511	387
	510	386
	509	384
	508	382
	508	381
	507	380
	507	379
	507	378
	507	376
	507	375
	507	374
	507	373
	508	372
	510	370
	511	370
	512	369
	514	369
	516	369
	517	369
	519	369
	521	369
	522	369
	524	369
	525	370
.PEN_UP
.PEN_DOWN
	540	383
	540	384
	539	385
	538	386
	537	386
	536	386
	535	385
	534	385
	533	384
	533	383
	532	382
	531	381
	530	380
	530	379
	529	377
	529	376
	529	375
	529	374
	530	373
	531	372
	531	371
	532	371
	533	371
	534	371
	535	371
	537	371
	538	371
	539	372
	540	372
	540	373
	541	373
	541	374
	542	375
	542	376
	542	377
	542	378
	542	379
	541	381
	541	382
	540	382
	540	383
	540	384
	539	384
	539	383
.PEN_UP
.PEN_DOWN
	551	383
	551	382
	551	381
	552	379
	552	378
	552	377
	552	376
	552	375
	552	374
	552	373
	552	372
	552	373
	552	374
	553	375
	553	376
	553	378
	554	380
	554	381
	555	382
	555	384
	556	385
	556	386
	557	387
	558	388
	559	388
	560	388
	560	387
.PEN_UP
.PEN_DOWN
	567	382
	567	380
	567	379
	567	378
	567	377
	567	376
	566	375
	566	374
	566	373
	566	372
	566	371
	566	372
	566	373
	566	374
	566	375
	566	376
	566	378
	567	379
	567	380
	568	382
	568	383
	569	384
	570	385
	570	386
	571	387
	572	387
	573	387
	574	387
	575	387
	576	387
	577	386
	577	385
	578	384
	579	384
	579	382
	579	381
	580	380
	580	379
	580	378
	580	377
	580	376
	580	375
	580	374
	579	373
	579	372
	579	371
	579	370
	578	370
	579	370
	579	369
	580	369
.PEN_UP
.PEN_DOWN
	591	377
	592	377
	593	377
	594	378
	595	378
	596	378
	597	378
	598	379
	599	379
	600	379
	600	380
	601	380
	601	381
	601	382
	600	382
	600	383
	600	384
	599	384
	599	385
	599	386
	598	386
	598	387
	597	387
	596	387
	595	387
	594	387
	593	386
	592	386
	592	385
	591	384
	590	382
	589	381
	589	380
	588	379
	588	378
	588	377
	588	376
	588	375
	588	374
	588	373
	589	372
	591	370
	592	370
	593	370
	595	369
	597	369
	598	369
	599	369
	600	369
	601	369
	602	369
	603	369
	604	369
	605	369
	605	370
.PEN_UP
.PEN_DOWN
	615	382
	614	381
	614	380
	614	379
	614	378
	614	377
	614	376
	614	375
	615	374
	615	372
	615	371
	615	370
	615	369
	614	369
	614	370
	614	371
	613	372
	613	373
	613	374
	613	375
	613	377
	613	378
	613	382
	614	384
	614	385
	614	387
	615	388
	615	389
	616	389
	616	390
	618	390
	618	391
	619	391
	620	391
	623	391
	624	391
	625	391
	626	391
	627	391
	628	391
	629	391
	630	391
	631	391
.PEN_UP
