

.STYLE CURSIVE
.COMMENT previously: .WRITER_ID sinr.229
.WRITER_ID sin
.HAND R
.SEX F

.PEN_DOWN
126 615
136 620
143 629
160 639
170 644
204 657
217 665
233 676
241 681
238 676
226 663
207 639
180 609
147 572
111 534
78 499
45 463
16 433
1 415
0 416
9 427
26 446
49 471
81 502
120 538
160 575
201 611
241 646
278 677
310 702
341 721
358 725
357 717
349 703
338 681
320 653
295 620
266 590
237 565
212 540
189 517
168 506
151 513
139 523
141 535
149 545
161 551
176 554
197 554
221 551
248 548
.PEN_UP
.PEN_DOWN
190 403
199 408
214 415
224 420
241 422
292 444
308 452
325 460
344 464
352 458
347 447
340 431
330 411
334 390
341 376
352 371
368 376
389 383
412 392
434 405
457 419
470 437
465 450
454 453
442 446
425 436
411 424
400 408
403 387
411 371
423 359
441 353
463 356
492 364
524 376
558 393
592 412
626 434
660 460
693 489
726 521
753 550
776 576
795 599
803 619
797 632
785 628
767 616
745 600
719 578
695 553
672 526
651 499
630 474
611 447
597 421
588 397
590 375
598 361
610 354
626 357
646 363
669 372
694 384
719 401
743 420
765 437
775 448
773 445
766 436
757 423
748 404
747 384
752 368
763 361
776 364
794 370
814 379
837 393
861 410
881 421
893 419
890 412
882 400
875 389
877 387
885 394
896 402
913 411
932 418
945 414
946 404
938 392
930 378
931 373
935 377
946 387
958 398
975 410
996 421
1004 417
1005 406
1005 392
1010 378
1019 367
1034 370
1054 378
1075 390
1097 406
1118 423
1129 439
1123 443
1115 437
1104 424
1098 409
1104 394
1113 383
1126 386
1144 393
1170 404
1196 414
1221 423
1236 420
1231 410
1222 398
1219 386
1226 385
1237 393
1255 402
1275 411
1302 423
1321 428
1328 422
1324 413
1321 400
1327 388
1337 378
1352 376
1374 379
1397 384
1421 393
1444 403
1466 417
1488 430
1493 435
1488 439
1480 437
1467 432
1452 423
1435 408
1423 389
1425 372
1433 360
1445 364
1462 371
1480 382
1502 394
1518 409
1519 417
1511 412
1503 404
1498 392
1500 377
1509 362
1521 352
1538 355
1560 362
1583 372
1608 383
1633 396
1656 410
1679 423
1694 425
1693 418
1686 407
1677 393
1672 375
1679 362
1688 360
1701 365
1719 372
1743 379
1765 389
1783 386
1785 378
1781 365
1786 354
1795 352
1813 357
1834 365
1859 375
1888 390
1912 410
1937 431
1956 450
1958 457
1949 451
1938 441
1922 426
1900 405
1877 380
1852 349
1828 315
1803 282
1773 245
1746 212
1719 183
1696 157
1675 141
1655 142
1639 152
1627 165
1624 183
1626 204
1632 229
1643 253
1658 273
1680 292
1707 306
1737 317
1773 324
1807 328
1844 329
1883 328
1919 327
1958 324
1990 325
.PEN_UP
.PEN_DOWN
1294 651
1284 639
1270 627
1258 622
1248 617
.PEN_UP
.PEN_DOWN
936 681
924 676
.PEN_UP
.PEN_DOWN
2223 464
2206 464
2189 464
2179 459
2169 451
2133 414
2125 401
2127 385
2136 371
2153 358
2178 354
2208 357
2242 363
2273 372
2303 388
2330 407
2351 422
2357 432
2352 433
2340 427
2326 418
2313 404
2302 386
2308 371
2318 360
2333 357
2350 363
2373 374
2391 391
2395 411
2386 421
2380 417
2383 412
2392 407
2405 404
2423 405
2449 409
2476 417
2504 427
2530 438
2556 452
2578 466
2593 474
2598 467
2593 456
2584 439
2573 420
2560 398
2543 384
2529 386
2520 395
2516 407
2521 411
2529 405
2543 401
2561 399
2582 401
2607 405
2632 415
2657 429
2682 447
2710 469
2738 497
2765 527
2792 557
2811 582
2815 589
2808 583
2794 570
2776 553
2751 528
2722 496
2698 467
2681 438
2675 415
2681 398
2695 389
2713 389
2738 394
2769 403
2798 413
2826 426
2854 440
.PEN_UP
.PEN_DOWN
2655 554
2664 554
2682 549
2701 547
2718 542
2784 538
2804 536
2827 534
2852 533
.PEN_UP
.PEN_DOWN
2925 444
2935 444
2952 437
2962 437
2977 437
3018 437
.PEN_UP
.PEN_DOWN
3196 449
3196 461
3179 461
3169 461
3159 459
3120 435
3105 424
3093 408
3094 391
3103 376
3115 368
3132 371
3155 377
3180 389
3201 404
3214 425
3213 449
3205 465
3193 464
3180 455
3178 445
3185 436
3198 434
3217 437
3243 443
3276 453
3311 470
3348 493
3381 516
3413 540
3441 565
3461 589
3469 612
3463 627
3450 623
3428 609
3397 585
3356 551
3316 511
3277 462
3241 411
3208 361
3178 312
3158 272
3154 241
3162 224
3171 224
3184 234
3201 250
3222 275
3244 307
3266 342
3285 379
3296 412
3303 433
3310 444
3322 444
3340 443
3363 443
3388 446
.PEN_UP
.PEN_DOWN
3459 451
3469 451
3484 451
3496 451
3506 454
.PEN_UP
.PEN_DOWN
3525 371
3542 376
3552 386
3562 395
3574 405
3628 433
3646 445
3668 458
3693 476
3722 500
3751 528
3778 560
3803 591
3822 618
3826 638
3821 644
3811 641
3794 634
3775 620
3745 594
3714 560
3683 519
3653 480
3629 446
3610 415
3602 388
3608 365
3617 351
3631 353
3652 362
3677 375
3704 392
3730 411
3747 429
3751 438
3745 433
3737 424
3731 411
3732 395
3740 384
3755 385
3772 392
3793 400
3815 409
3833 418
3839 416
3834 408
3828 398
3828 381
3834 366
3845 365
3862 371
3882 380
3903 393
3920 410
3931 430
3931 436
3927 431
3929 421
3939 412
3951 410
3969 412
3992 418
4012 425
4031 435
4051 449
4056 455
4051 449
4046 442
4036 429
4031 412
4035 397
4044 387
4055 388
4072 396
4095 409
4118 423
4142 435
4164 441
4175 437
4168 427
4161 414
4154 397
4158 392
4167 397
4181 404
4201 414
4225 421
4248 426
4255 423
4251 413
4244 398
4248 382
4256 368
4267 365
4283 371
4303 378
4324 390
4345 403
4367 417
4384 430
4387 439
4380 444
4368 440
4354 434
4334 425
4314 413
4301 396
4306 380
4316 369
4329 372
4345 379
4364 387
4387 396
4410 408
4422 414
4414 408
4402 399
4382 383
4355 360
4325 330
4288 295
4250 256
4215 216
4179 178
4149 145
4123 121
4103 121
4089 131
4084 145
4087 167
4095 197
4107 233
4123 268
4143 298
4167 323
4191 340
4221 352
4254 359
4290 360
4327 361
4361 362
4392 363
.PEN_UP
.PEN_DOWN
4157 610
4140 608
4130 598
4120 595
.PEN_UP
.PEN_DOWN
3927 642
3918 634
3908 629
3906 617
.PEN_UP
.PEN_DOWN
4661 459
4661 469
4649 478
4639 478
4625 469
4577 424
4568 409
4570 395
4578 389
4593 395
4612 405
4635 420
4662 438
4689 462
4717 491
4745 523
4771 554
4794 584
4812 612
4812 632
4805 635
4794 624
4780 607
4759 585
4736 557
4713 522
4691 487
4674 454
4665 423
4671 400
4684 391
4704 396
4727 409
4757 423
4785 440
4810 457
4822 468
4815 472
4807 468
4793 459
4775 446
4760 429
4749 408
4754 391
4765 382
4780 385
4798 393
4819 404
4837 420
4848 437
4844 446
4838 438
4828 426
4825 410
4832 398
4841 391
4856 397
4875 407
4899 418
4923 432
4950 455
4979 479
5007 507
5038 538
5066 565
5082 585
5073 576
5056 560
5036 539
5012 511
4986 480
4961 445
4941 411
4937 385
4944 369
4955 370
4969 378
4988 387
5013 404
5038 421
5060 436
5083 453
5091 460
5084 458
5075 452
5061 443
5048 431
5038 414
5044 397
5055 395
5070 401
5087 409
5106 422
5116 437
5112 443
5105 437
5096 428
5088 414
5090 398
5097 384
5113 379
5135 385
5162 392
5193 401
.PEN_UP
.PEN_DOWN
4903 534
4917 534
4942 534
4961 534
4983 534
5062 530
5092 533
5126 537
5166 543
.PEN_UP
.PEN_DOWN
5342 405
5351 410
5361 420
5373 427
5395 442
5441 474
5456 485
5475 501
5497 520
5523 541
5548 563
5572 585
5580 599
5572 601
5556 589
5531 572
5499 547
5456 513
5416 477
5376 438
5341 396
5311 355
5285 312
5264 275
5250 245
5248 221
5257 210
5271 214
5291 227
5318 247
5347 273
5372 304
5395 337
5415 371
5431 406
5443 432
5446 443
5446 435
5452 427
5465 421
5483 421
5505 423
5528 426
5550 429
5569 435
5576 441
5570 441
5557 434
5542 422
5528 408
5525 392
5532 376
5543 367
5557 367
5574 373
5593 384
5607 400
5613 421
5608 438
5598 437
5588 428
5591 420
5598 413
5608 409
5621 411
5641 415
5665 421
5689 428
5710 432
5718 428
5713 419
5708 405
5710 389
5717 376
5730 377
5748 381
5770 386
.PEN_UP
.PEN_DOWN
5876 364
5885 371
5895 373
5905 378
5915 383
5946 409
5963 418
5986 433
6014 456
6050 485
6083 515
6114 544
6141 571
6158 592
6161 601
6154 597
6142 586
6126 567
6103 540
6078 508
6057 477
6041 449
6042 426
6051 410
6061 402
6079 405
6105 415
6138 430
6174 450
6209 472
6243 499
6275 528
6304 554
6333 583
6350 607
6349 615
6340 613
6326 602
6305 586
6279 567
6248 540
6216 508
6186 477
6154 444
6133 420
6131 414
6139 420
6151 430
6169 444
6194 460
6221 482
6244 499
6256 502
6256 494
6251 483
6244 469
6234 449
6222 426
6210 404
6210 384
6216 368
6228 363
6245 368
6268 373
6294 382
6319 395
6343 415
6365 437
6384 460
6390 480
6385 495
6374 496
6361 488
6344 478
6325 464
6311 444
6310 422
6318 402
6333 388
6355 383
6382 387
6415 395
6445 404
6472 416
.PEN_UP
.PEN_DOWN
5893 549
5905 549
5917 549
5929 549
5949 549
6021 550
6044 550
6071 551
6103 553
6140 555
.PEN_UP
.PEN_DOWN
6814 432
6809 442
6800 447
6790 447
6780 447
6737 439
6721 427
6708 408
6699 386
6704 364
6716 345
6735 333
6757 326
6784 327
6812 332
6840 342
6866 355
6892 370
6916 387
6938 404
6944 419
6940 423
6931 418
6917 406
6903 390
6891 369
6891 344
6901 329
6916 327
6935 333
6957 342
6983 355
7008 372
7033 393
7045 409
7041 412
7035 405
7026 396
7016 382
7008 362
7011 341
7020 323
7031 316
7048 322
7068 332
7089 342
7113 356
7137 374
7160 390
7180 397
7186 391
7184 380
7178 364
7175 347
7179 330
7186 325
7199 332
7215 340
7238 349
7261 361
7286 374
7310 388
7329 390
7339 384
7339 374
7334 361
7328 342
7333 321
7340 305
7351 297
7366 301
7387 308
7409 317
7433 329
7457 342
7481 357
7504 373
7520 391
7521 408
7513 420
7501 422
7488 415
7470 404
7452 389
7439 369
7436 347
7442 329
7454 316
7471 313
7493 317
7517 323
7544 333
7567 346
7591 359
7611 366
7619 362
7615 354
7606 341
7602 330
7607 323
7614 327
7627 336
7644 348
7667 360
7687 368
7696 363
7693 352
7690 338
7695 326
7704 321
7717 324
7734 332
7759 342
7786 355
7815 372
7846 394
7878 418
7907 444
7936 470
7960 494
7980 515
7987 529
7982 527
7972 518
7959 507
7941 491
7917 471
7893 446
7868 419
7845 391
7829 366
7830 343
7839 327
7850 318
7870 319
7898 324
7933 332
7969 341
8001 352
8030 363
.PEN_UP
.PEN_DOWN
7782 462
7792 467
7812 469
7836 469
7865 469
7963 489
7995 492
8030 494
8069 494
.PEN_UP
.PEN_DOWN
8090 308
8104 318
8119 330
8136 345
8146 350
8187 370
8201 376
8220 383
8239 387
8249 381
8246 373
8237 362
8222 349
8209 336
8208 334
8218 340
8234 348
8250 355
8272 366
8295 377
8316 387
8337 391
8346 385
8338 375
8329 361
8315 344
8313 337
8319 339
8332 346
8349 357
8369 369
8394 382
8410 384
8410 379
8404 369
8397 354
8398 337
8403 323
8412 318
8428 324
8449 331
8474 338
8497 347
8517 357
8537 366
8549 375
8543 378
8531 375
8518 367
8502 356
8493 339
8497 321
8504 307
8517 301
8534 305
8552 313
8574 321
8591 334
8604 351
8609 368
8604 385
8593 391
8580 388
8566 378
8563 369
8572 361
8586 359
8604 363
8626 368
8652 374
8676 381
8699 388
8713 384
8711 376
8702 364
8690 351
8682 339
8687 338
8696 345
8709 355
8726 367
8745 379
8768 391
8781 391
8776 384
8766 372
8761 357
8766 341
8775 329
8790 329
8806 335
8826 345
8849 358
8878 377
8911 401
8949 427
8988 457
9021 483
9051 508
9064 525
9061 526
9052 520
9039 511
9021 499
9001 479
8977 456
8954 429
8932 404
8916 380
8919 360
8927 349
8940 351
8961 358
8988 371
9022 385
9057 401
9094 420
9131 439
9169 460
9208 484
9241 509
9264 532
9269 544
9259 541
9241 533
9219 515
9190 492
9157 464
9128 435
9101 410
9079 388
9069 377
9074 380
9084 386
9100 396
9121 406
9142 413
9152 410
9147 402
9137 387
9127 367
9124 346
9129 325
9138 312
9159 312
9185 318
9219 326
9254 336
9283 346
9311 356
.PEN_UP
.PEN_DOWN
8870 471
8880 471
8892 474
8921 474
8938 479
9023 481
9052 484
9088 487
9126 490
.PEN_UP
.PEN_DOWN
9518 381
9523 391
9523 403
9506 403
9496 403
9452 379
9437 365
9423 344
9411 325
9412 306
9419 293
9430 295
9445 301
9464 307
9489 318
9513 334
9535 354
9549 375
9545 388
9537 383
9526 375
9514 362
9511 345
9516 330
9525 319
9539 322
9557 328
9580 336
9604 346
9629 358
9651 371
9672 383
9680 382
9675 374
9667 363
9658 347
9662 332
9670 319
9681 316
9697 321
9718 329
9740 340
9763 353
9784 370
9800 389
9809 409
9803 425
9795 429
9783 421
9770 409
9758 393
9748 373
9750 352
9758 335
9772 323
9793 321
9819 326
9848 334
.PEN_UP
.PEN_DOWN
10069 411
10069 420
10060 423
10047 420
10035 418
9991 382
9985 367
9988 349
9998 334
10018 323
10045 324
10079 331
10112 343
10143 359
10171 376
10195 393
10215 405
10218 413
10210 415
10196 411
10179 403
10156 388
10143 369
10148 353
10156 350
10170 356
10189 365
10209 376
10221 388
10218 391
10212 387
10201 378
10191 367
10195 353
10205 344
10220 346
10240 351
10266 362
10296 374
10326 392
10357 412
10386 434
10417 461
10446 489
10474 517
10497 546
10502 569
10495 577
10482 572
10465 563
10446 547
10419 525
10391 496
10366 461
10339 426
10321 393
10316 364
10323 340
10334 327
10351 325
10374 330
10404 338
10437 352
10468 369
10495 389
10520 404
10537 412
10540 412
10532 411
10521 411
10505 405
10487 394
10470 377
10463 356
10469 335
10480 321
10494 312
10513 313
10533 319
10554 330
10576 344
10599 360
10622 377
10646 392
10660 405
10659 405
10651 400
10640 390
10628 376
10620 358
10626 339
10637 332
10653 338
10670 346
10690 355
10710 365
10725 382
10728 387
10721 381
10713 373
10707 360
10704 343
10711 327
10721 315
10734 315
10753 318
10778 328
10807 340
10839 355
10875 377
10909 398
10942 422
10973 448
11000 472
11021 496
11027 520
11019 536
11007 540
10990 533
10966 521
10939 505
10912 481
10888 453
10865 422
10848 392
10838 365
10839 339
10847 323
10861 315
10884 318
10913 326
10945 336
10977 349
11007 362
11033 375
11056 386
11062 395
11057 400
11046 400
11032 396
11014 388
10992 377
10974 360
10961 340
10966 324
10974 318
10985 322
11000 328
11018 336
11039 349
11053 362
11053 365
11046 358
11036 346
11030 332
11036 320
11047 314
11061 318
11080 322
11107 331
11135 345
11164 364
11194 388
11224 413
11253 441
11283 469
11312 495
11337 519
11344 529
11339 525
11326 516
11308 499
11285 477
11255 448
11228 418
11206 390
11192 364
11192 343
11200 324
11210 312
11225 308
11243 311
11266 316
11292 324
11319 337
11347 354
11373 372
11385 392
11381 407
11372 407
11355 400
11336 392
11317 381
11305 364
11310 345
11320 330
11337 320
11359 323
11385 328
11413 335
11439 343
11462 352
11472 363
11465 369
11454 366
11439 360
11422 351
11408 338
11411 326
11420 316
11430 313
11445 318
11464 325
11488 336
11513 351
11540 371
11569 394
11598 426
11625 458
11650 487
11664 513
11659 524
11650 524
11631 517
11606 503
11577 483
11544 454
11516 424
11495 396
11482 372
11488 351
11497 336
11518 329
11542 330
11575 334
11610 338
.PEN_UP
.PEN_DOWN
11113 489
11125 491
11142 493
11167 498
11193 503
11286 503
11316 502
11353 499
11396 495
.PEN_UP
.PEN_DOWN
11769 337
11786 337
11796 345
11805 350
11820 357
11870 386
11891 401
11918 422
11951 450
11989 483
12024 515
12054 545
12080 573
12090 595
12084 603
12075 600
12059 592
12037 577
12009 556
11978 529
11948 499
11918 471
11892 440
11867 409
11849 377
11845 348
11853 327
11864 318
11881 322
11902 331
11928 347
11954 366
11974 388
11986 407
11986 411
11984 405
11984 394
11991 383
12003 377
12021 378
12045 382
12070 388
12094 394
12116 400
12130 408
12126 412
12117 409
12105 404
12091 394
12074 381
12063 363
12068 346
12077 335
12088 338
12102 344
12120 357
12134 370
12132 374
12124 369
12119 360
12117 348
12123 337
12133 329
12147 329
12168 335
12193 345
12218 356
12242 371
12263 388
12285 403
12305 420
12319 430
12321 425
12316 416
12310 403
12304 386
12293 366
12281 344
12266 327
12253 325
12244 334
12239 346
12239 357
12243 361
12248 356
12259 351
12275 345
12293 341
12316 339
12340 341
12365 344
12389 352
12412 362
12432 375
12451 394
12466 414
12465 434
12456 444
12445 441
12429 433
12410 421
12391 406
12378 387
12382 366
12391 351
12404 340
12423 337
12445 340
12471 345
12497 354
12520 366
12541 380
12560 392
12568 402
12562 409
12551 408
12533 405
12514 398
12490 385
12471 367
12460 345
12466 325
12477 313
12493 316
12514 324
12539 336
12569 354
12599 377
12627 407
12656 441
12684 478
12711 517
12735 553
12749 585
12744 604
12733 599
12712 587
12685 569
12655 541
12623 509
12596 470
12572 430
12553 394
12542 362
12546 333
12554 314
12567 303
12588 304
12615 310
12649 321
.PEN_UP
.PEN_DOWN
12903 403
12910 413
12910 423
12898 425
12888 425
12840 407
12829 396
12815 382
12808 365
12815 347
12825 336
12842 337
12860 344
12883 354
12902 369
12911 389
12906 408
12897 418
12885 415
12876 406
12880 396
12891 388
12906 388
12927 391
12952 394
12979 400
12999 400
13005 394
12998 387
12992 375
12994 370
13002 372
13013 375
13030 382
13052 389
13060 386
13057 377
13053 366
13051 350
13055 336
13066 324
13084 323
13107 325
.PEN_UP
.PEN_DOWN
13254 290
13266 283
13276 283
13288 288
13298 295
13337 329
13353 339
13370 352
13390 366
13408 382
13412 390
13406 384
13396 375
13386 362
13376 345
13375 326
13381 312
13392 308
13407 314
13428 324
13452 335
13477 350
13501 365
13517 369
13522 365
13516 356
13508 343
13500 329
13503 321
13511 326
13527 336
13546 350
13571 364
13589 365
13587 358
13580 345
13582 332
13589 320
13601 315
13618 321
13641 329
13669 340
13697 356
13726 376
13756 399
13782 424
13809 450
13834 473
13851 496
13855 506
13844 500
13825 486
13800 464
13767 435
13727 395
13690 354
13654 312
13623 272
13599 239
13585 210
13588 190
13595 181
13607 184
13627 193
13648 209
13673 230
13698 256
13720 287
13740 317
13753 345
13755 356
13752 351
13752 341
13758 332
13769 325
13784 324
13806 328
13836 334
13870 345
13905 361
13943 385
13977 415
14008 447
14036 478
14059 506
14064 528
14058 537
14046 533
14029 519
14008 498
13979 472
13951 439
13925 404
13902 370
13885 337
13879 310
13887 290
13902 283
13921 288
13947 298
13979 312
14009 329
14037 351
14062 368
14073 378
14066 382
14056 379
14042 371
14026 359
14014 342
14011 322
14019 306
14033 302
14051 309
14072 318
14095 329
14104 340
14098 337
14091 328
14086 317
14091 306
14102 302
14119 309
14141 320
14172 333
14205 351
14236 375
14272 404
14305 435
14336 466
14367 496
14384 515
14383 518
14376 510
14366 498
14349 480
14328 457
14304 427
14281 398
14262 368
14247 340
14237 316
14240 298
14248 294
14264 301
14286 312
14311 325
14341 344
14367 365
14377 377
14373 373
14366 364
14358 352
14352 336
14355 318
14364 305
14379 301
14398 307
14421 316
14445 326
14467 338
14491 350
14504 360
14501 364
14493 364
14482 360
14469 351
14455 337
14450 318
14457 300
14469 288
14485 282
14504 285
14529 293
14549 305
14563 321
14563 341
14555 353
14543 353
14529 347
14526 337
14534 329
14546 326
14559 328
14577 331
14601 336
14625 342
14648 342
14660 336
14655 326
14651 314
14655 309
14663 312
14676 317
14694 325
14716 330
14728 326
14723 318
14725 306
14731 292
14744 280
14760 277
14784 282
14809 289
14835 298
14862 307
14887 317
.PEN_UP
.PEN_DOWN
14607 517
14597 512
14588 507
14578 507
14566 500
.PEN_UP
.PEN_DOWN
14198 468
14207 468
14217 468
14227 468
14249 468
14322 468
14344 470
14372 472
.PEN_UP
.PEN_DOWN
13515 558
13500 551
13490 541
.PEN_UP
.PEN_DOWN
15170 371
15170 380
15168 392
15168 405
15158 405
15120 405
15107 396
15092 383
15075 365
15059 343
15057 321
15063 309
15075 310
15092 317
15114 331
15142 347
15169 370
15196 397
15224 428
15250 460
15275 492
15296 523
15308 548
15305 566
15297 568
15286 561
15270 548
15246 526
15218 494
15191 457
15163 416
15142 377
15127 341
15123 308
15132 285
15149 279
15172 286
15203 299
15237 315
15269 335
15297 359
15322 376
15335 386
15332 390
15325 388
15313 382
15297 369
15280 353
15268 331
15274 311
15284 303
15300 309
15318 318
15340 332
15360 348
15368 362
15361 362
15352 353
15342 343
15336 328
15339 311
15347 297
15360 290
15379 294
15401 304
15425 318
15451 337
15479 364
15509 394
15542 424
15573 456
15600 485
15624 510
15634 532
15631 537
15625 533
15608 516
15586 494
15558 465
15525 428
15498 396
15474 365
15457 337
15452 314
15460 296
15472 290
15491 296
15516 305
15542 320
15570 337
15593 357
15612 372
15616 379
15608 378
15596 373
15584 362
15568 347
15557 327
15563 307
15574 301
15590 309
15609 319
15630 331
15652 346
15664 363
15665 376
15658 375
15649 367
15638 356
15625 338
15615 317
15617 297
15627 281
15641 280
15664 287
15690 298
15716 311
15740 326
.PEN_UP
.PEN_DOWN
15453 434
15463 434
15478 434
15490 434
15512 434
15598 448
15625 455
15658 461
15692 465
15731 469
15768 475
.PEN_UP
.PEN_DOWN
15899 314
15909 307
15921 310
15931 312
15941 322
15999 354
16022 368
16045 385
16071 405
16101 431
16129 456
16151 480
16158 500
16150 503
16136 494
16116 479
16089 459
16055 431
16020 399
15987 366
15955 330
15925 291
15898 250
15875 215
15862 185
15869 166
15877 163
15893 173
15913 188
15940 209
15968 237
15992 267
16013 298
16028 326
16038 355
16040 375
16036 375
16036 366
16042 355
16053 347
16071 347
16094 352
16121 359
16149 369
16174 379
16199 387
16214 384
16212 379
16204 368
16195 353
16198 336
16204 322
16215 319
16230 324
16251 331
16276 341
16301 353
16325 364
16335 371
16330 372
16321 369
16307 363
16293 354
16278 341
16272 324
16277 309
16287 299
16301 297
16317 301
16337 308
16353 321
16363 339
16358 355
16347 358
16338 350
16342 342
16353 336
16365 332
16382 335
16404 342
16427 350
16449 356
16471 363
16482 360
16479 355
16473 344
16463 329
16453 313
16451 303
16457 306
16468 314
16481 327
16499 338
16521 347
16537 344
16539 336
16530 324
16521 309
16524 302
16530 301
16539 307
16553 314
16570 325
16590 336
16605 335
16609 328
16613 319
16621 311
16635 305
16653 304
16678 308
16702 316
16726 323
.PEN_UP
.PEN_DOWN
16833 290
16845 300
16860 310
16870 314
16880 319
16918 348
16936 363
16959 382
16986 407
17015 436
17042 464
17067 491
17078 508
17072 504
17063 491
17046 474
17028 451
17008 425
16987 400
16969 377
16957 355
16957 333
16965 318
16977 312
16994 318
17019 328
17049 343
17082 362
17115 385
17146 409
17175 433
17203 458
17225 486
17230 497
17224 494
17211 484
17192 468
17171 448
17141 422
17113 394
17087 367
17060 340
17052 329
17059 333
17073 341
17093 356
17117 375
17147 393
17162 403
17162 399
17155 389
17145 375
17138 356
17144 336
17151 320
17163 318
17181 325
17202 332
17224 341
17245 354
17264 368
17279 385
17287 403
17282 414
17274 414
17261 406
17245 392
17231 372
17230 349
17239 329
17254 319
17276 323
17307 333
17340 345
.PEN_UP
.PEN_DOWN
16921 434
16938 444
16948 444
16962 444
16980 444
17047 444
17074 444
17105 446
.PEN_UP
.PEN_DOWN
17460 317
17472 317
17482 317
17492 319
17501 329
17552 361
17571 372
17595 386
17626 407
17659 432
17690 460
17718 489
17741 513
17748 534
17741 532
17727 521
17702 504
17669 477
17625 440
17575 392
17527 344
17477 294
17430 244
17389 199
17356 159
17337 127
17339 109
17351 106
17369 114
17395 128
17425 149
17460 178
17492 212
17523 249
17552 289
17576 326
17596 359
17602 379
17600 375
17598 366
17598 356
17605 345
17617 337
17635 336
17656 340
17678 345
17700 348
17711 356
17707 362
17700 360
17690 353
17676 343
17664 329
17665 312
17675 297
17687 288
17701 291
17717 298
17736 310
17752 327
17755 345
17748 361
17740 364
17730 357
17728 347
17734 338
17742 330
17754 325
17769 327
17789 333
17811 343
17828 357
17828 359
17819 351
17810 338
17807 322
17814 307
17823 299
17837 304
17855 314
17876 329
17886 340
17884 342
17877 334
17879 324
17886 315
17898 310
17914 315
17934 322
17956 331
17971 330
17973 322
17975 311
17982 302
17994 295
18012 299
18036 304
18060 310
.PEN_UP
.PEN_DOWN
18199 268
18211 275
18223 275
18235 283
18245 288
18281 311
18301 323
18328 342
18362 366
18403 395
18440 426
18476 460
18507 492
18532 521
18543 548
18537 562
18525 555
18506 542
18479 524
18445 498
18411 468
18376 434
18345 399
18318 364
18297 331
18293 303
18300 284
18312 275
18331 278
18356 285
18387 298
18423 315
18455 337
18485 356
18509 371
18514 379
18507 381
18494 378
18479 371
18460 359
18441 342
18429 323
18426 303
18432 287
18444 282
18461 287
18483 298
18507 310
18529 328
18536 349
18534 357
18528 352
18519 342
18511 328
18513 312
18519 299
18530 294
18546 299
18568 307
18594 318
18618 329
18641 342
18655 343
18654 337
18648 326
18642 313
18636 295
18639 278
18649 272
18664 277
18683 284
18706 291
18730 299
18749 312
18768 324
18778 336
18772 345
18763 344
18750 340
18733 331
18715 318
18702 299
18707 280
18717 273
18730 278
18748 287
18769 297
18784 306
18785 307
18777 303
18768 295
18753 282
18732 265
18707 241
18681 215
18655 189
18631 163
18610 141
18595 127
18594 132
18600 141
18610 154
18621 174
18637 195
18657 214
18677 229
18701 239
18726 248
18750 256
18774 263
18797 269
18819 274
18841 280
18864 290
18886 302
18908 317
18927 335
18933 355
18926 368
18913 365
18899 356
18883 342
18873 322
18882 301
18891 287
18905 285
18923 290
18946 298
18968 310
18992 325
19013 340
19031 349
19044 342
19045 334
19041 319
19033 303
19020 290
19006 291
19000 295
19006 294
19016 293
19031 294
19049 296
19071 301
19094 307
19116 317
19138 330
19163 347
19191 371
19221 398
19249 427
19275 455
19285 473
19279 475
19271 467
19254 454
19234 436
19208 409
19180 378
19158 351
19146 324
19152 305
19162 292
19179 291
19200 296
19228 302
19259 311
19288 321
.PEN_UP
.PEN_DOWN
19067 422
19076 422
19096 422
19111 422
19128 422
19186 429
19207 429
19234 429
19262 430
19293 430
.PEN_UP
.PEN_DOWN
19569 473
19557 473
19545 468
19527 461
19513 451
19501 451
19513 457
19532 465
19554 475
19580 487
19598 486
19600 480
19593 466
19581 448
19565 422
19544 390
19520 361
19497 332
19481 307
19479 289
19487 277
19498 279
19511 285
19531 293
19554 306
19578 323
19601 342
19618 363
19621 371
19614 366
19602 357
19588 340
19579 318
19584 298
19593 285
19608 287
19626 295
19648 309
19672 325
19694 343
19711 368
19722 393
19730 419
19733 445
19733 464
19730 468
19724 461
19727 451
19733 442
19745 435
19764 428
19786 426
19813 428
.PEN_UP
.PEN_DOWN
19752 271
19762 271
19771 273
19781 278
19791 280
19828 302
19841 311
19856 323
19871 341
19881 361
19876 376
19868 381
19856 375
19841 362
19826 345
19817 323
19823 300
19831 285
19845 277
19865 279
19890 287
19918 297
19947 310
19973 327
19996 342
20009 342
20009 333
20003 320
19996 306
19988 290
19975 281
19961 287
19949 295
19945 299
19948 293
19956 287
19973 282
19995 284
20023 290
20049 298
20076 310
20104 326
20133 344
20161 366
20188 388
20213 412
20235 436
20243 453
20238 459
20230 454
20217 445
20199 433
20177 416
20152 390
20130 362
20115 335
20117 310
20128 293
20145 287
20169 292
20197 300
20229 310
20258 320
20286 337
.PEN_UP
.PEN_DOWN
20010 400
20022 400
20049 400
20074 400
20086 400
20166 402
20195 402
20231 402
20268 404
20305 406
.PEN_UP
.PEN_DOWN
20496 242
20506 244
20518 247
20538 252
20547 256
20601 292
20620 305
20645 323
20670 343
20699 365
20725 386
20749 408
20762 427
20757 434
20749 427
20743 415
20747 406
20757 404
20773 407
20794 411
20821 419
20851 431
20877 447
20903 466
20925 482
20936 493
20929 493
20920 484
20905 471
20884 446
20859 415
20829 377
20799 341
20770 309
20744 279
20720 252
20696 225
20674 207
20654 209
20639 218
20631 229
20634 245
20643 260
20657 273
20675 279
20698 278
20720 274
20740 269
20759 265
20779 261
20801 259
20825 261
20850 267
20876 277
20899 291
20915 311
20917 329
20909 340
20898 337
20885 328
20873 315
20870 298
20877 281
20889 266
20904 259
20923 262
20947 268
20971 274
20995 283
21019 293
21034 291
21035 285
21028 274
21027 259
21032 247
21043 243
21059 246
21082 254
21107 263
21131 274
21155 284
21171 282
21173 274
21164 264
21156 251
21161 245
21170 251
21181 257
21197 265
21219 270
21239 273
21247 269
21243 258
21238 246
21242 243
21253 249
21266 258
21285 269
21308 277
21323 274
21328 265
21325 253
21328 239
21336 231
21350 230
21369 233
21391 241
21413 250
21435 262
21457 277
21471 287
21468 295
21460 298
21450 297
21434 289
21418 276
21403 257
21400 235
21408 222
21419 221
21433 226
21451 233
21472 246
21492 262
21499 273
21494 267
21486 256
21486 242
21492 236
21506 242
21524 250
21548 259
21576 270
21601 279
21621 284
21630 279
21626 271
21617 258
21616 248
21622 249
21631 256
21647 266
21668 276
21692 287
21711 292
21717 287
21712 277
21709 264
21712 249
21719 238
21734 236
21755 241
21785 248
.PEN_UP
.PEN_DOWN
21927 237
21937 237
21947 237
21957 239
21971 249
22019 286
22038 298
22060 312
22086 328
22112 348
22136 367
22149 379
22148 377
22143 369
22136 355
22123 335
22109 313
22095 288
22084 266
22073 253
22063 257
22054 265
22050 277
22053 281
22059 275
22069 269
22085 264
22105 264
22129 268
22154 276
22178 287
22202 302
22226 318
22249 335
22273 355
22300 380
22328 409
22356 440
22378 470
22386 482
22379 479
22370 469
22355 451
22336 427
22310 397
22281 363
22254 331
22233 301
22231 277
22240 266
22255 272
22274 280
22296 289
22320 298
22342 310
22356 318
22352 322
22342 318
22329 309
22314 297
22303 282
22303 264
22313 255
22327 257
22345 263
22366 276
22383 293
22384 299
22376 299
22368 292
22364 280
22367 267
22375 260
22386 262
22401 267
22424 276
22448 288
22474 305
22503 327
22530 350
22559 377
22589 404
22615 430
22631 450
22630 455
22623 448
22612 438
22598 421
22577 399
22553 371
22530 343
22511 317
22501 292
22504 270
22512 255
22524 250
22538 253
22556 257
22580 265
22604 276
22627 290
22653 308
22669 328
22672 344
22664 353
22654 348
22643 337
22631 323
22623 305
22627 285
22636 271
22649 268
22665 274
22686 280
22708 291
22731 305
22754 319
22774 330
22784 325
22782 317
22778 304
22773 287
22764 265
22752 250
22734 251
22721 260
22725 265
22736 266
22749 264
22766 264
22788 266
22812 268
22835 272
.PEN_UP
.PEN_DOWN
22471 400
22488 403
22498 408
22513 410
22525 410
22582 406
22604 403
22631 402
22661 403
22693 406
.PEN_UP
.PEN_DOWN
22232 432
22247 432
22274 432
22293 432
22308 432
22374 438
.PEN_UP
.PEN_DOWN
23032 347
23042 347
23052 351
23071 361
23093 364
23167 366
23193 366
23222 366
23258 366
.PEN_UP
.PEN_DOWN
23473 415
23483 415
23500 425
23510 432
23520 437
23551 457
23548 454
23541 442
23526 425
23506 403
23481 376
23453 349
23427 325
23400 301
23381 289
23380 294
23389 303
23401 319
23420 339
23446 361
23478 387
23512 413
23548 442
23581 470
23610 493
23634 505
23640 498
23635 489
23625 474
23609 457
23588 435
23563 413
23538 393
23521 381
23523 380
23533 384
23544 381
23556 374
23562 362
23558 345
23551 323
23539 303
23523 285
23505 269
23484 256
23461 244
23438 236
23416 234
23398 240
23390 250
23396 263
23408 278
23424 291
23442 300
23466 304
23490 304
23513 303
23538 301
23562 300
23588 301
23614 306
23638 314
23654 320
23652 326
23642 322
23629 314
23613 299
23605 282
23610 267
23617 261
23630 267
23646 278
23664 290
23685 302
23694 315
23690 318
23683 312
23672 302
23663 288
23660 269
23668 254
23683 249
23702 251
23725 256
23752 263
23777 273
23800 284
23823 292
23842 301
23847 307
23839 309
23826 306
23811 301
23793 294
23774 283
23760 266
23759 249
23765 239
23774 242
23788 249
23808 260
23832 272
23858 292
23883 314
23907 337
23933 365
23958 390
23980 418
24002 447
24020 472
24026 491
24021 497
24012 491
23998 478
23979 461
23957 440
23931 409
23903 376
23879 341
23856 309
23845 278
23853 256
23863 242
23880 232
23902 234
23930 239
23957 250
23983 264
24004 284
24025 304
24041 324
24040 343
24031 355
24021 355
24007 348
23990 338
23970 323
23954 302
23954 278
23962 259
23973 249
23991 252
24015 259
24041 269
24069 281
24092 293
24111 300
24121 295
24117 286
24107 274
24093 262
24078 249
24069 244
24076 248
24086 255
24102 265
24119 280
24142 294
24165 304
24180 306
24187 300
24182 290
24174 273
24170 254
24175 236
24183 227
24196 230
24215 237
24238 244
24261 253
.PEN_UP
.PEN_DOWN
24288 315
24300 315
24310 315
24322 315
24336 315
.PEN_UP
.PEN_DOWN
24500 439
24485 434
24471 422
24461 422
24451 412
24485 444
24502 454
24521 459
24531 452
24530 439
24523 422
24513 398
24500 370
24485 345
24469 320
24455 300
24447 277
24451 266
24459 267
24470 275
24489 288
24510 302
24533 318
24546 331
24539 327
24531 320
24520 310
24510 296
24502 278
24505 260
24513 248
24525 248
24541 255
24561 265
24584 280
24604 302
24624 329
24641 359
24653 389
24662 416
24664 438
24664 446
24670 445
24681 442
24697 440
24719 440
24745 443
.PEN_UP
.PEN_DOWN
24634 239
24649 239
24661 252
24670 259
24683 271
24722 297
24737 310
24742 319
24735 317
24728 309
24719 297
24711 281
24712 262
24722 251
24734 252
24750 259
24769 270
24789 285
24799 295
24796 294
24789 288
24784 278
24788 263
24797 249
24810 244
24831 250
24855 257
24879 268
24903 283
24921 303
24925 325
24918 333
24907 329
24893 319
24879 305
24868 287
24868 268
24877 252
24888 246
24905 248
24924 254
24946 262
24968 272
24990 284
25004 289
25005 282
25002 274
25003 259
25010 249
25021 243
25036 248
25058 255
25079 266
25100 279
25121 298
25144 317
25169 339
25195 364
25221 391
25245 420
25265 446
25269 465
25263 468
25252 457
25238 441
25219 421
25198 397
25178 370
25160 343
25148 316
25143 291
25150 274
25162 271
25174 279
25192 289
25215 304
25242 326
25271 352
25302 377
25330 407
25355 433
25368 447
25367 446
25358 437
25344 420
25325 400
25304 377
25282 350
25265 322
25254 295
25255 271
25261 252
25272 243
25288 244
25305 248
25327 259
25349 270
25370 283
25391 301
25404 317
25402 333
25393 340
25382 336
25366 328
25349 316
25332 300
25330 281
25338 262
25350 251
25365 246
25385 249
25407 256
25430 265
25452 278
25474 289
25495 298
25513 295
25517 289
25509 278
25497 259
25485 242
25487 231
25494 235
25505 244
25516 254
25533 265
25553 274
25572 279
25581 274
25577 264
25573 254
25576 252
25586 259
25600 268
25620 278
25638 279
25642 275
25637 268
25631 255
25633 241
25640 233
25652 236
25671 242
25696 252
25723 263
25754 277
25785 295
25814 315
25843 337
25867 360
25887 386
25905 411
25918 436
25918 459
25910 465
25896 460
25875 448
25850 430
25820 404
25791 371
25765 339
25741 306
25727 276
25730 250
25738 235
25752 233
25770 236
25793 244
25819 255
25841 272
25863 291
25875 309
25872 314
25865 308
25861 299
25864 286
25873 276
25887 267
25905 270
25929 278
25951 287
25975 298
25997 308
26017 322
26026 338
26021 352
26012 358
25999 350
25983 339
25965 326
25950 310
25939 291
25943 271
25952 257
25967 254
25985 261
26010 268
26036 277
26061 287
26085 295
26098 291
26093 282
26087 271
26090 256
26098 246
26111 245
26128 248
26149 252
26171 258
26192 266
26214 275
26236 283
26258 290
26277 296
26280 302
26273 308
26259 310
26242 304
26220 294
26197 281
26180 263
26180 245
26187 233
26197 229
26212 233
26234 242
26259 257
26279 275
26287 284
26280 281
26270 275
26257 263
26237 244
26211 218
26183 187
26151 152
26120 122
26090 94
26061 67
26037 44
26014 24
25992 8
25968 0
25951 5
25938 15
25938 33
25945 55
25956 82
25971 108
25990 126
26013 141
26038 151
26068 156
26102 160
26142 160
26185 160
26224 159
.PEN_UP
.PEN_DOWN
25090 395
25080 393
25090 393
25100 395
25112 400
25187 402
25218 404
25261 404
25315 401
25375 395
25435 387
25490 379
.PEN_UP
.PEN_DOWN
26387 256
26399 256
26409 252
26411 242
26411 232
26404 187
26396 173
26377 158
.PEN_UP
.PEN_DOWN
26602 456
26592 447
26582 429
26572 420
26560 415
26526 404
26529 407
26538 415
26552 426
26573 438
26602 453
26632 464
26660 470
26682 463
26689 454
26684 441
26669 421
26649 394
26624 363
26593 333
26566 308
26542 285
26520 266
26503 254
26502 257
26510 264
26521 277
26539 295
26564 318
26596 346
26632 373
26670 402
26709 432
26744 458
26772 479
26789 485
26790 480
26784 465
26774 446
26760 421
26740 387
26717 356
26694 327
26673 300
26659 278
26654 256
26660 240
26672 233
26689 240
26711 248
26736 257
26760 267
26782 279
26804 293
26824 304
26839 313
26839 314
26832 310
26822 305
26809 299
26793 288
26779 276
26777 259
26784 242
26795 229
26810 229
26831 235
26855 245
26875 261
26889 279
26887 298
26879 310
26867 304
26857 295
26858 284
26867 275
26878 271
26893 274
26913 277
26936 282
26961 288
26979 288
26981 283
26975 276
26968 266
26971 253
26978 244
26991 243
27009 245
27033 249
27059 257
27088 271
27118 290
27148 312
27177 337
27203 360
27227 386
27245 409
27247 421
27239 420
27226 410
27209 394
27186 370
27157 341
27133 311
27114 282
27105 257
27111 239
27122 228
27139 229
27163 236
27192 248
27225 263
27259 283
27292 304
27327 328
27359 354
27388 381
27416 411
27431 432
27426 438
27416 431
27400 421
27378 405
27349 380
27317 345
27288 310
27261 278
27244 251
27247 245
27257 250
27268 259
27282 273
27299 284
27303 282
27298 272
27294 260
27291 243
27295 226
27304 212
27319 205
27340 208
27366 214
27391 220
27416 226
.PEN_UP
.PEN_DOWN
27043 356
27053 356
27075 356
27097 356
27123 356
27189 360
27214 361
27244 361
.PEN_UP
.PEN_DOWN
27665 393
27675 393
27690 393
27704 396
27716 403
27758 437
27765 440
27761 435
27752 423
27736 403
27717 377
27693 345
27668 315
27646 287
27624 260
27609 244
27610 245
27617 254
27628 270
27644 295
27666 324
27693 357
27721 387
27749 415
27774 443
27799 462
27817 465
27829 457
27832 448
27827 435
27820 415
27810 393
27795 371
27777 353
27758 344
27742 347
27737 345
27738 338
27740 327
27741 311
27742 290
27741 268
27745 247
27753 231
27767 224
27788 226
27812 232
27835 242
27857 256
27875 274
27889 295
27903 318
27920 341
27937 370
27956 400
27972 428
27985 451
27985 454
27980 446
27971 435
27960 418
27944 393
27924 364
27903 332
27881 304
27862 276
27846 251
27838 238
27841 240
27848 247
27861 259
27879 274
27900 288
27918 291
27927 284
27925 274
27920 262
27919 244
27924 234
27933 229
27946 232
27964 238
27985 251
28007 266
28027 286
28033 292
28029 286
28021 277
28013 260
28015 246
28023 236
28036 240
28053 249
28073 260
28095 274
28115 285
28129 281
28132 274
28127 263
28117 247
28112 235
28112 234
28118 241
28129 250
28144 262
28163 266
28176 260
28179 251
28175 235
28178 219
28186 204
28199 197
28218 200
28241 208
28263 220
28285 235
28306 254
28327 272
28347 290
28363 308
28363 324
28354 328
28341 322
28324 313
28303 299
28284 282
28270 260
28265 237
28272 218
28285 205
28309 201
28342 207
28378 214
28414 227
28445 244
.PEN_UP
.PEN_DOWN
28167 471
28153 457
28148 447
28141 435
28136 425
.PEN_UP
.PEN_DOWN
28538 310
28548 306
28558 303
28575 303
28584 296
28630 296
.PEN_UP
.PEN_DOWN
28782 401
28777 391
28762 376
28753 369
28745 359
28732 358
28743 369
28760 383
28781 398
28806 416
28826 420
28833 414
28828 402
28819 382
28807 359
28791 325
28772 292
28753 261
28736 229
28726 201
28730 184
28737 183
28750 193
28767 207
28788 227
28811 250
28831 273
28853 291
28861 301
28857 298
28852 290
28843 276
28832 259
28822 240
28819 220
28825 210
28836 210
28851 216
28872 227
28895 244
28919 266
28940 290
28956 314
28968 338
28976 361
28977 385
28973 397
28970 395
28972 388
28979 382
28990 377
29010 377
29037 378
29065 383
.PEN_UP
.PEN_DOWN
28943 198
28953 198
28970 198
28979 201
28992 208
29027 237
29041 243
29058 253
29072 268
29075 282
29067 289
29058 283
29048 274
29036 260
29029 243
29036 225
29046 211
29063 207
29084 213
29112 222
29140 236
29165 253
29188 271
29208 287
29227 301
29237 303
29231 296
29224 283
29217 269
29207 249
29196 230
29182 224
29168 230
29162 242
29168 246
29175 239
29186 233
29201 227
29220 223
29241 224
29263 228
29284 237
29304 251
29325 270
29348 294
29373 322
29400 352
29428 384
29452 414
29470 439
29476 449
29470 444
29458 433
29440 414
29418 388
29392 356
29366 324
29346 293
29336 267
29341 243
29350 231
29364 232
29379 238
29398 248
29418 257
29437 270
29457 285
29474 297
29481 300
29475 293
29465 284
29453 271
29437 249
29415 221
29391 188
29364 155
29340 128
29326 115
29328 121
29336 135
29349 154
29369 180
29392 214
29422 249
29454 282
29483 310
29511 332
29533 338
29544 331
29542 316
29536 298
29529 276
29519 248
29506 225
29491 214
29476 221
29465 230
29462 244
29468 250
29479 250
29493 246
29512 240
29534 238
29554 238
29575 240
29599 246
29626 256
29654 270
29685 286
29715 304
29745 323
29773 343
29799 366
29823 391
29843 416
29849 438
29842 443
29828 435
29810 422
29787 399
29757 372
29725 336
29695 298
29666 265
29642 233
29626 214
29620 213
29626 220
29637 231
29650 247
29667 268
29686 290
29703 300
29710 296
29709 285
29703 269
29695 250
29690 228
29695 211
29704 205
29718 210
29736 218
29757 229
29776 244
29796 259
29816 274
29835 283
29840 289
29835 292
29821 289
29807 281
29792 268
29775 250
29767 227
29772 208
29780 199
29793 205
29807 216
29826 229
29846 244
29855 258
29852 258
29847 250
29840 240
29837 226
29843 214
29852 212
29869 218
29890 224
29916 232
29944 246
29971 265
30001 287
30030 313
30061 341
30089 369
30113 399
30131 424
30132 445
30126 458
30114 454
30096 444
30072 426
30043 403
30013 375
29988 338
29967 304
29952 267
29945 232
29947 209
29955 191
29967 188
29986 193
30009 202
30035 214
30060 230
30084 252
30104 274
30112 293
30107 300
30101 293
30091 282
30084 268
30077 249
30082 229
30093 217
30109 218
30126 225
30150 234
30171 246
30193 261
30213 276
30220 284
30213 283
30200 277
30187 266
30171 250
30155 231
30155 212
30163 200
30173 204
30185 208
30201 218
30217 230
30233 247
30243 268
30244 275
30239 271
30232 261
30224 247
30215 227
30218 207
30227 190
30240 187
30260 195
30281 202
30307 212
30333 222
30355 234
.PEN_UP
.PEN_DOWN
30298 440
30286 430
30274 420
30264 415
30255 413
.PEN_UP
.PEN_DOWN
29296 369
29309 371
29318 371
29330 371
29352 371
29450 389
29487 397
29534 408
29587 421
.PEN_UP
.PEN_DOWN
30459 184
30459 174
30459 164
30459 147
30457 135
.PEN_UP
.PEN_DOWN
30647 335
30659 332
30669 335
30679 337
30696 352
30733 375
30746 384
30753 385
30745 375
30733 361
30716 338
30692 309
30664 278
30638 248
30619 229
30616 226
30625 234
30641 247
30661 268
30691 298
30725 337
30758 374
30789 403
30815 426
30832 428
30838 417
30834 402
30828 385
30818 366
30806 347
30789 328
30769 315
30753 315
30750 319
30757 314
30764 303
30769 286
30771 265
30766 242
30757 221
30741 202
30719 188
30694 179
30667 183
30647 193
30640 207
30646 217
30658 227
30673 230
30691 230
30716 230
30743 234
30771 240
30800 247
30827 257
30853 262
30878 267
30900 274
30906 280
30901 285
30892 282
30880 276
30867 265
30851 251
30837 232
30830 212
30835 194
30842 189
30854 195
30868 206
30887 220
30907 238
30918 255
30917 256
30912 246
30906 235
30901 221
30907 210
30917 207
30931 210
30948 216
30970 227
30991 241
31005 248
31007 242
31003 234
30998 218
30995 199
30999 180
31008 166
31022 171
31040 179
31062 191
31081 207
31097 226
31109 247
31117 260
31120 255
31120 247
31126 238
31137 231
31153 230
31174 234
31197 240
31219 248
31240 257
31253 266
31245 266
31236 263
31223 255
31210 242
31194 222
31189 199
31197 182
31207 179
31221 188
31236 199
31256 215
31272 233
31273 242
31268 237
31261 226
31252 210
31254 191
31261 179
31272 181
31285 191
31303 201
31322 214
31343 229
31364 240
31384 253
31406 261
31419 257
31419 246
31412 233
31407 215
31408 195
31413 183
31426 184
31440 193
31461 206
31483 222
31502 242
31518 262
31518 268
31511 259
31505 245
31500 227
31502 209
31508 199
31518 204
31532 210
31549 220
31569 230
31590 244
31613 257
31637 266
31647 275
31640 271
31631 265
31617 253
31602 235
31601 218
31606 208
31616 214
31630 224
31645 235
31663 250
31674 264
31673 267
31668 258
31663 245
31656 230
31659 211
31665 195
31674 194
31690 201
31711 211
31736 225
31762 240
.PEN_UP
.PEN_DOWN
31605 393
31591 384
31581 376
31576 367
31566 357
.PEN_UP
.PEN_DOWN
31973 293
31961 293
31952 293
31942 293
31932 293
31892 259
31882 242
31877 222
31884 205
31892 198
31905 203
31920 212
31940 224
31960 238
31974 258
31982 273
31979 272
31972 264
31966 253
31958 239
31960 219
31968 201
31979 193
31996 198
32016 205
32038 213
32060 224
32082 235
32102 237
32113 230
32110 219
32104 207
32103 201
32109 206
32120 215
32133 228
32151 243
32173 252
32191 250
32201 243
32199 233
32189 217
32183 198
32189 184
32199 184
32214 192
32232 201
32255 213
32276 225
32296 235
32317 246
32339 254
32357 260
32361 265
32354 267
32342 266
32328 263
32310 254
32288 242
32269 226
32252 205
32244 185
32251 168
32259 158
32271 161
32287 170
32308 182
32331 198
32355 218
32381 246
32408 277
32436 316
32462 354
32489 390
32501 420
32496 428
32488 419
32474 404
32457 386
32435 363
32412 330
32391 294
32374 258
32368 225
32373 198
32383 180
32400 174
32423 181
32455 194
32488 209
.PEN_UP
.PEN_DOWN
32737 389
32720 379
32712 369
32703 359
32685 347
32663 342
32670 348
32681 357
32695 370
32713 386
32735 400
32756 409
32772 404
32777 395
32771 376
32758 350
32739 317
32714 280
32683 242
32652 208
32623 177
32596 148
32580 134
32580 138
32589 150
.PEN_UP
.PEN_DOWN
32912 457
32902 452
32895 442
32885 418
32878 403
32836 348
32822 328
32806 308
32790 283
32774 256
32762 231
32762 216
32767 224
32770 233
32770 245
32768 260
32764 277
32757 285
32758 284
32764 279
32776 274
32791 273
32809 276
.PEN_UP
.PEN_DOWN
32849 196
32859 193
32871 193
32885 193
32902 193
32950 211
32968 225
32986 242
33000 262
32999 280
32989 287
32975 279
32957 264
32939 246
32923 224
32923 199
32929 183
32939 173
32956 174
32979 179
33007 188
33038 203
33069 225
33097 246
33123 266
33145 285
33158 293
33157 291
33150 283
33141 274
33131 258
33120 239
33111 218
33103 196
33092 182
33082 183
33073 192
33065 205
33065 221
33071 227
33080 223
33095 217
33115 212
33137 212
33159 215
33182 221
33206 231
33231 247
33254 266
33276 285
33292 298
33298 296
33296 289
33292 277
33288 260
33281 240
33273 216
33261 201
33248 201
33235 208
33222 215
33218 214
33223 212
33233 206
33248 197
33267 190
33293 188
33318 191
33344 192
33369 194
33390 200
33412 208
33433 223
33451 240
33466 261
33474 285
33468 296
33460 295
33448 288
33435 275
33421 259
33417 238
33421 215
33431 198
33453 191
33479 197
33513 207
33545 220
.PEN_UP
.PEN_DOWN
33641 218
33639 206
33629 203
33622 193
33631 208
.PEN_UP
