
.WRITER_ID DaveMeek
.STYLE PRINTED
.PEN_DOWN
	131	412
	131	411
	132	411
	132	412
	131	412
	130	413
	129	413
	128	413
	128	412
	127	412
	126	412
	126	411
	125	411
	124	410
	123	410
	123	409
	123	408
	122	408
	122	407
	122	406
	122	405
	122	404
	122	403
	123	403
	123	402
	123	401
	123	400
	124	400
	124	399
	125	399
	125	398
	125	397
	125	396
	124	395
	123	395
	122	395
	121	394
	120	394
	119	394
	118	394
	118	393
	119	393
	120	393
	120	392
	121	392
	122	392
	122	391
	123	391
	123	390
	124	390
	124	389
	124	388
	124	387
	124	386
	123	386
	122	385
	121	385
	120	384
	120	383
	120	382
	119	382
	119	381
	119	380
	119	379
	120	379
	120	378
	121	377
	122	376
	122	375
	123	375
	124	374
	125	374
	126	374
.PEN_UP
.PEN_DOWN
	136	401
	136	400
	136	399
	137	399
	137	398
	137	397
	138	397
	138	396
	139	395
	140	393
	141	392
	142	390
	142	389
	143	388
	144	387
	145	386
	145	385
	146	384
	147	384
	147	383
	148	383
.PEN_UP
.PEN_DOWN
	146	402
	146	401
	147	401
	147	400
	148	400
	148	399
	149	399
	149	398
	150	397
	150	396
	151	396
	153	394
	153	393
	154	392
	155	391
	156	390
	157	389
	158	388
	159	387
	160	386
	160	385
	161	385
.PEN_UP
.PEN_DOWN
	160	402
	160	401
	160	400
	161	399
	161	398
	162	397
	162	396
	163	395
	164	394
	165	393
	166	392
	167	391
	167	390
	168	389
	170	388
	171	386
	171	385
	172	385
	172	384
.PEN_UP
.PEN_DOWN
	184	407
	184	406
	184	405
	184	404
	183	404
	183	403
	183	402
	183	401
	182	401
	182	400
	182	399
.PEN_UP
.PEN_DOWN
	201	399
	200	399
	200	398
	199	398
	198	398
	197	398
	197	397
	196	397
	195	396
	195	395
	194	395
	194	394
	195	394
	195	393
	196	393
	197	393
	198	392
	199	392
	200	391
	201	391
	201	390
	201	389
	201	388
	200	388
	200	387
	199	387
	198	386
	197	386
.PEN_UP
.PEN_DOWN
	210	405
	211	405
	212	405
	213	405
	213	404
	214	404
	215	404
	216	404
	217	404
	218	403
	218	402
	219	402
	219	401
	220	401
	220	400
	220	399
	220	398
	219	398
	219	397
	218	397
	218	396
	217	396
	217	395
	216	395
	216	394
	216	393
	217	393
	218	393
	219	392
	220	392
	221	392
	222	392
	221	392
	221	391
	220	391
	219	390
	219	389
	218	389
	218	388
	217	387
	217	386
	216	386
	216	385
	216	384
	216	383
	217	382
	218	382
	218	381
	219	381
	220	380
	221	380
	221	379
	221	378
	221	377
	221	376
	221	375
	220	374
	219	373
	218	372
	217	372
.PEN_UP
.PEN_DOWN
	243	409
	243	408
	243	407
	243	406
	243	405
	244	404
	244	403
	244	401
	244	399
	244	398
	244	395
	245	394
	245	393
	245	392
	245	391
	245	390
	246	390
	246	389
.PEN_UP
.PEN_DOWN
	238	398
	239	398
	240	398
	241	399
	242	399
	243	399
	244	400
	245	400
	247	401
	248	401
	249	402
	251	403
	252	403
	253	404
	254	404
	255	404
	255	403
.PEN_UP
.PEN_DOWN
	258	394
	258	393
	258	392
	258	391
	258	390
	258	389
	259	387
	259	386
	260	385
	260	384
.PEN_UP
.PEN_DOWN
	267	406
	267	405
	267	404
	267	403
	267	401
	268	400
	268	399
	268	398
	268	395
	268	394
	268	392
	268	391
	269	390
	269	389
	269	388
	269	387
	270	386
.PEN_UP
.PEN_DOWN
	280	409
	280	408
	281	408
	281	407
	281	406
	281	405
	281	404
	281	403
	281	402
	281	401
	281	398
	282	397
	282	395
	282	394
	282	393
	283	391
	283	390
	283	389
	283	388
	284	388
	284	387
	284	386
.PEN_UP
.PEN_DOWN
	276	397
	277	397
	278	397
	279	397
	280	397
	281	397
	282	397
	283	397
	284	397
	285	397
	286	397
	287	398
	289	398
	291	398
	292	398
	293	398
	294	398
.PEN_UP
.PEN_DOWN
	320	399
	320	400
	319	400
	318	400
	318	399
	317	399
	316	398
	315	398
	315	397
	315	396
	314	396
	314	395
	313	394
	313	393
	313	392
	313	391
	314	391
	315	391
	316	391
	317	391
	319	391
	320	391
	321	392
	322	393
	323	393
	324	394
	325	395
	326	396
	326	397
	326	398
	326	399
	325	399
	324	400
	323	400
	322	401
.PEN_UP
.PEN_DOWN
	331	400
	331	399
	331	398
	331	397
	331	396
	331	395
	332	394
	332	393
	332	391
	332	390
	332	389
	333	388
	333	386
	334	384
	334	383
	335	382
	335	381
	335	382
	335	383
	335	384
	335	385
	335	386
	334	386
	334	387
	334	388
	334	389
	334	390
	334	392
	334	393
	333	394
	333	395
	333	396
	333	397
	333	398
	333	399
	334	399
	334	400
	334	401
	334	402
	335	402
	335	403
	336	403
	337	403
	338	402
	339	402
	340	401
	341	401
	341	400
	342	399
	343	399
	343	398
	342	397
	342	396
	341	396
	339	395
	338	395
	337	395
	336	394
.PEN_UP
.PEN_DOWN
	352	399
	352	398
	352	397
	352	396
	353	395
	353	394
	353	393
	354	392
	354	391
	354	390
	355	389
	355	388
	355	387
	356	385
	356	384
	356	383
	356	382
	357	381
	357	382
	357	383
	356	384
	356	385
	356	386
	355	387
	355	388
	355	389
	354	390
	354	391
	353	393
	353	394
	352	395
	352	396
	351	397
	351	398
	351	399
	350	399
	350	400
	350	401
	350	402
	351	402
	351	403
	352	403
	353	404
	354	404
	355	404
	356	403
	357	403
	357	402
	358	402
	358	401
	359	400
	359	399
	360	399
	360	398
	360	397
	359	397
	359	396
	357	395
	357	394
	356	394
	355	393
	354	393
.PEN_UP
.PEN_DOWN
	372	402
	372	403
	371	403
	370	403
	369	403
	369	402
	368	401
	368	400
	367	400
	367	399
	366	399
	366	398
	366	397
	366	396
	366	395
	366	394
	367	393
	368	392
	369	392
	370	392
	371	392
	372	392
	373	393
	374	394
	375	394
	376	395
	376	396
	377	397
	378	398
	378	399
	378	400
	377	401
	377	402
	376	402
	375	402
	374	402
.PEN_UP
.PEN_DOWN
	388	407
	389	407
	389	406
	388	406
	388	405
	387	405
	386	404
	385	403
	384	402
	383	402
	383	401
	382	401
	382	400
	383	400
	383	399
	384	399
	385	399
	386	399
	388	399
	390	399
	391	398
	392	398
	392	397
	393	397
	393	396
	393	395
	392	394
	391	394
	391	393
	390	393
	389	392
	388	392
	387	392
	387	391
.PEN_UP
.PEN_DOWN
	401	402
	401	401
	402	401
	402	400
	402	399
	402	397
	402	396
	402	395
	402	394
	402	393
	402	392
	403	391
.PEN_UP
.PEN_DOWN
	413	410
	413	409
	413	408
	413	405
	413	404
	413	403
	413	402
	413	400
	413	399
	413	398
	413	397
	414	395
	414	394
	415	393
	416	391
	416	390
	417	390
.PEN_UP
.PEN_DOWN
	408	398
	409	398
	409	399
	410	399
	411	400
	412	400
	413	401
	414	401
	415	401
	416	401
	417	401
	418	401
	419	401
	420	401
	421	401
	422	401
.PEN_UP
.PEN_DOWN
	423	393
	424	393
	425	393
	426	393
	427	394
	428	394
	428	395
	429	395
	430	396
	430	397
	431	397
	431	398
	431	399
	431	400
	431	401
	430	402
	429	402
	429	401
	428	401
	427	400
	426	399
	425	398
	425	397
	424	396
	423	394
	422	394
	422	393
	422	392
	422	391
	422	390
	423	390
	424	389
	425	388
	426	387
	427	387
	428	387
	429	387
	430	387
	431	388
.PEN_UP
.PEN_DOWN
	463	412
	463	411
	464	411
	463	411
	462	411
	461	411
	460	410
	459	410
	458	410
	458	409
	457	409
	456	409
	456	408
	455	408
	455	407
	455	406
	454	406
	454	405
	454	404
	454	403
	455	402
	455	401
	456	400
	457	399
	458	398
	458	397
	458	396
	457	395
	456	395
	455	395
	455	394
	454	394
	453	394
	454	394
	454	393
	455	393
	456	392
	457	392
	457	391
	458	391
	458	390
	459	390
	459	389
	459	388
	458	388
	458	387
	457	387
	457	386
	456	386
	455	385
	455	384
	454	384
	454	383
	454	382
	454	381
	455	380
	456	380
	456	379
	457	379
	458	379
	458	378
	459	378
	460	378
	461	378
	462	377
.PEN_UP
.PEN_DOWN
	479	404
	480	404
	480	405
	480	404
	479	403
	478	403
	478	402
	478	401
	477	401
	477	400
	476	399
	474	397
	473	395
	473	394
	472	393
.PEN_UP
.PEN_DOWN
	493	404
	493	403
	492	403
	492	402
	491	401
	491	400
	490	399
	490	398
	489	397
	487	394
	486	393
	485	391
	484	390
	484	389
.PEN_UP
.PEN_DOWN
	506	403
	506	404
	506	403
	505	402
	505	401
	504	400
	504	399
	503	398
	503	397
	502	395
	501	394
	501	392
	500	390
	499	388
.PEN_UP
.PEN_DOWN
	520	405
	520	404
	520	403
	519	403
	519	402
	519	401
	518	400
.PEN_UP
.PEN_DOWN
	536	397
	537	398
	538	398
	537	398
	536	397
	535	396
	534	396
	533	396
	532	395
	531	395
	530	394
	529	394
	529	393
	530	393
	531	393
	531	392
	532	392
	533	392
	534	392
	534	391
	535	391
	536	391
	537	391
	537	390
	538	390
	538	389
	538	388
	537	388
	536	388
	536	387
	535	387
	534	387
.PEN_UP
.PEN_DOWN
	544	409
	544	408
	545	408
	546	408
	547	408
	548	408
	549	408
	550	408
	551	408
	551	407
	552	407
	553	406
	554	405
	555	405
	555	404
	555	403
	556	403
	556	402
	556	401
	556	400
	555	400
	555	399
	554	399
	553	399
	552	398
	551	397
	551	396
	550	396
	550	395
	551	395
	551	394
	552	394
	552	393
	553	393
	553	392
	554	392
	555	392
	556	392
	555	392
	554	391
	553	391
	552	390
	551	390
	551	389
	550	389
	550	388
	550	387
	551	386
	552	386
	553	386
	553	385
	554	385
	555	385
	556	384
	556	383
	556	382
	556	381
	556	380
	555	380
	555	379
	554	378
	554	377
	553	377
	552	376
	551	376
	551	375
	550	375
.PEN_UP
