
.WRITER_ID DavidMarasco
.STYLE PRINTED
.PEN_DOWN
	90	464
	89	464
	88	464
	89	464
	90	464
	92	465
	93	465
	94	465
	95	465
	96	465
	98	465
	100	466
	102	466
	104	466
	106	466
	107	467
	110	467
	111	467
	112	466
	113	466
	114	466
	115	465
	116	465
	116	464
	116	465
	116	464
.PEN_UP
.PEN_DOWN
	104	459
	104	458
	104	457
	104	456
	104	455
	104	454
	104	452
	104	451
	104	449
	104	447
	104	445
	104	441
	104	439
	104	438
	103	437
	103	436
	103	435
	103	434
	104	434
.PEN_UP
.PEN_DOWN
	119	468
	119	467
	119	466
	119	465
	119	464
	119	462
	119	461
	119	460
	119	458
	119	456
	119	455
	119	453
	119	452
	119	451
	119	449
	118	448
	118	446
	118	445
	118	444
	118	443
	118	442
.PEN_UP
.PEN_DOWN
	129	466
	129	465
	129	464
	129	463
	129	462
	129	460
	129	458
	129	457
	129	455
	129	454
	129	452
	129	451
	129	449
	129	448
	129	447
	129	446
.PEN_UP
.PEN_DOWN
	123	458
	124	458
	125	458
	126	458
	127	458
	127	459
	128	459
	129	459
.PEN_UP
.PEN_DOWN
	144	467
	143	467
	142	467
	141	468
	140	468
	139	468
	138	467
	138	466
	138	465
	138	464
	138	463
	138	462
	138	461
	138	458
	138	457
	138	456
	138	455
	138	453
	138	452
	138	451
	137	450
	137	449
	137	448
	137	447
	138	446
	138	445
	139	445
	140	445
	141	445
	142	445
	143	446
	144	446
	146	447
	147	448
	148	449
	149	449
	149	450
.PEN_UP
.PEN_DOWN
	141	458
	142	458
	143	458
	144	459
	145	459
	146	460
	147	460
	149	461
.PEN_UP
.PEN_DOWN
	189	472
	188	472
	187	472
	186	472
	185	472
	184	472
	183	472
	182	472
	181	471
	181	470
	181	469
	181	468
	181	467
	181	465
	180	464
	180	463
	180	462
	180	460
	180	459
	180	458
	180	457
	180	455
	180	454
	180	453
	180	452
	180	451
	180	450
	180	449
	181	449
	182	450
	184	451
	185	451
	186	451
	186	452
	187	453
	189	453
	189	454
	190	454
	191	455
	192	455
	193	455
	194	455
	194	456
.PEN_UP
.PEN_DOWN
	184	462
	185	462
	185	463
	186	463
	187	463
	188	463
	189	463
	190	463
	191	463
	192	463
	193	463
	194	463
.PEN_UP
.PEN_DOWN
	208	477
	209	477
	209	476
	209	475
	210	475
	210	474
	211	473
	211	472
	212	471
	212	470
	212	469
	212	468
	213	467
	213	466
	213	464
	214	463
	214	462
	214	460
	214	461
.PEN_UP
.PEN_DOWN
	217	476
	217	475
	216	474
	216	473
	215	473
	215	472
	214	471
	214	470
	213	469
	212	467
	212	466
	211	466
	211	465
	210	464
	209	463
	209	462
	209	461
	208	461
	208	460
.PEN_UP
.PEN_DOWN
	234	474
	234	473
	233	473
	232	473
	231	473
	230	473
	229	473
	229	472
	228	472
	228	471
	227	471
	227	470
	226	470
	226	469
	225	468
	225	467
	225	466
	225	465
	225	464
	225	463
	225	462
	225	461
	225	460
	226	460
	227	458
	228	457
	229	457
	230	457
	231	457
	232	457
	233	457
	234	458
	235	458
	235	459
	236	460
	237	462
	237	463
	237	464
	237	466
	238	467
	238	468
	238	469
	238	471
	238	472
	238	473
	237	475
	237	476
.PEN_UP
.PEN_DOWN
	231	468
	232	467
	232	466
	232	465
	233	464
	234	464
	234	463
	234	462
	235	462
	235	461
	235	460
	236	459
	236	458
	236	457
.PEN_UP
.PEN_DOWN
	246	475
	245	475
	245	474
	245	473
	245	472
	245	471
	245	470
	246	469
	246	468
	246	467
	246	466
	246	464
	246	463
	247	462
	247	461
	247	460
	248	460
	248	459
	249	459
	250	459
	251	459
	252	460
	253	461
	253	462
	254	463
	254	464
	255	465
	255	467
	256	468
	256	469
	256	471
	256	472
	256	473
	256	475
	256	476
.PEN_UP
.PEN_DOWN
	262	477
	262	476
	262	475
	262	474
	262	473
	262	472
	262	471
	262	470
	262	469
	262	468
	262	466
	262	465
	262	464
	262	462
	262	461
	262	460
.PEN_UP
.PEN_DOWN
	278	478
	277	478
	276	478
	275	478
	275	477
	274	476
	274	475
	273	475
	273	474
	273	473
	274	472
	274	471
	275	471
	275	470
	276	470
	276	469
	277	469
	278	469
	278	468
	279	468
	280	467
	280	466
	280	465
	280	464
	280	463
	280	462
	279	462
	279	461
	277	460
	276	460
	275	460
	274	460
	273	460
	273	461
.PEN_UP
.PEN_DOWN
	291	482
	291	481
	291	480
	291	479
	291	478
	291	477
	290	476
	290	475
	290	473
	290	472
	290	471
	290	470
	289	467
	289	466
	289	464
	289	463
	288	462
	288	461
	288	460
	288	459
	289	459
.PEN_UP
.PEN_DOWN
	298	481
	298	480
	299	480
	300	479
	301	479
	302	478
	303	478
	305	478
	306	478
	307	478
	308	478
	309	478
	309	479
.PEN_UP
.PEN_DOWN
	304	477
	304	476
	303	475
	303	473
	303	472
	302	470
	302	469
	302	468
	302	466
	302	465
	302	463
	301	462
	301	459
	301	457
	301	456
	301	455
	301	454
	301	453
.PEN_UP
.PEN_DOWN
	320	478
	320	479
	319	479
	318	479
	317	479
	317	478
	316	478
	316	477
	316	476
	315	475
	315	474
	315	473
	314	473
	314	472
	314	471
	313	470
	313	469
	313	468
	313	467
	313	466
	313	465
	313	464
	313	463
	313	462
	313	461
	313	460
	313	458
	313	457
	313	456
	314	456
	314	455
	315	454
	316	454
	317	455
	318	455
	319	456
	320	456
	320	457
	321	457
	321	458
.PEN_UP
.PEN_DOWN
	315	470
	316	470
	318	470
	319	470
	320	471
	321	471
	322	471
	323	471
	324	471
.PEN_UP
.PEN_DOWN
	352	476
	352	475
	352	474
	352	472
	352	471
	352	470
	352	469
	352	467
	352	466
	352	465
	352	464
	352	463
	352	461
	352	460
	352	459
	352	458
	352	457
.PEN_UP
.PEN_DOWN
	352	483
	353	484
	353	485
	354	486
	355	487
	356	487
	356	488
	358	488
	359	489
	360	489
	361	489
	362	488
	363	487
	363	486
	363	484
	363	483
	363	482
	363	481
	362	480
	362	479
	361	478
	361	477
	360	477
	360	476
	359	476
	358	475
	357	475
	356	475
	355	475
.PEN_UP
.PEN_DOWN
	369	477
	368	477
	368	476
	368	475
	367	474
	367	473
	367	472
	366	471
	366	470
	365	469
	365	468
	365	467
	364	467
	364	466
	365	467
	365	468
	366	468
	366	469
	367	470
	367	471
	368	473
	369	473
	369	475
	370	476
	371	478
	372	480
	372	481
	373	482
	373	483
	374	483
	375	483
	375	482
	376	482
	376	481
	376	480
	376	479
	376	478
	376	477
	376	476
	376	474
	376	473
	376	472
	375	471
	375	469
	375	468
	375	467
	374	467
	374	466
	374	465
.PEN_UP
.PEN_DOWN
	372	476
	373	476
	374	477
	375	477
	376	477
	377	477
.PEN_UP
.PEN_DOWN
	387	485
	387	484
	387	483
	387	482
	387	480
	386	479
	386	478
	386	477
	386	476
	386	474
	386	473
	385	472
	385	470
	385	469
	384	467
	384	466
	384	465
	385	465
.PEN_UP
.PEN_DOWN
	392	481
	392	479
	391	478
	391	477
	391	476
	391	475
	391	474
	391	473
	391	472
	391	471
	390	471
	390	470
	390	469
	390	468
	390	467
	390	468
	391	469
	391	470
	391	471
	391	472
	392	472
	392	473
	392	474
	392	475
	393	476
	393	477
	393	479
	394	480
	394	481
	394	482
	394	483
	395	484
	395	485
	396	485
	397	485
	397	484
	398	483
	398	482
	398	481
	398	480
	398	479
	398	478
	398	477
	398	476
	398	475
	398	474
	398	473
	398	472
	398	471
	399	470
	399	469
	400	469
	401	469
	402	470
	403	471
	403	472
	404	473
	405	475
	405	476
	406	477
	407	478
	407	480
	407	481
	408	482
	408	483
	408	484
	408	485
	408	486
	409	486
.PEN_UP
.PEN_DOWN
	414	486
	414	485
	415	485
	416	485
	416	484
	417	484
	418	484
	419	485
	420	485
	421	485
	422	485
	423	485
	424	485
	424	484
	425	484
.PEN_UP
.PEN_DOWN
	418	484
	418	483
	418	482
	418	481
	418	480
	417	479
	417	478
	417	476
	417	475
	417	474
	416	473
	416	472
	416	471
	416	470
	417	470
.PEN_UP
.PEN_DOWN
	434	486
	434	485
	434	484
	434	483
	434	482
	434	481
	433	481
	433	480
	433	479
	433	478
	433	477
	432	475
	432	474
	432	473
	432	472
	432	471
.PEN_UP
.PEN_DOWN
	445	488
	444	487
	444	486
	444	485
	444	484
	444	483
	444	482
	444	481
	443	480
	443	478
	443	477
	443	476
	442	475
	442	474
	443	474
	443	475
	443	476
	444	477
	444	478
	444	479
	445	480
	445	481
	445	482
	446	483
	446	484
	447	485
	447	486
	448	487
	448	488
	449	489
	450	489
	451	489
	451	488
	451	487
	451	486
	451	485
	451	484
	451	483
	451	482
	451	481
	451	480
	451	479
	451	477
	451	476
	452	476
	453	476
	454	477
	454	478
	455	479
	455	480
	456	481
	456	482
	457	483
	458	484
	458	485
	458	486
	459	487
	459	489
	460	489
	460	490
.PEN_UP
.PEN_DOWN
	467	487
	466	486
	466	485
	465	484
	464	483
	464	482
	463	481
	462	481
	462	480
	462	479
	461	478
	461	477
	460	476
	460	475
	460	474
	461	473
	462	473
	463	473
	464	473
	465	474
	466	474
	467	475
	467	476
	468	476
	468	477
	468	478
	469	479
	469	481
	469	482
	469	481
	470	480
	470	479
	471	479
	472	479
	473	479
	474	479
	476	479
	477	479
.PEN_UP
.PEN_DOWN
	484	494
	485	494
	485	493
	485	492
	486	492
	486	491
	486	490
	487	490
	487	489
	487	488
	487	487
	487	486
	488	486
	488	485
	488	484
	488	483
	488	482
	489	481
	489	480
	489	479
	489	478
	489	477
	490	476
	491	476
	492	477
	493	478
	493	479
	494	480
	494	481
	495	482
	495	483
	496	484
	497	485
	497	486
	498	487
	498	488
	499	490
	500	490
	500	491
	500	490
	501	489
	501	488
	501	487
	501	486
	501	485
	501	484
	501	483
	502	482
	503	483
	504	483
	504	484
	505	485
	506	485
	506	486
	507	487
	508	488
	509	489
	510	490
	511	491
	511	492
	512	493
	513	494
.PEN_UP
.PEN_DOWN
	519	495
	519	494
	519	493
	519	492
	518	491
	518	489
	517	487
	517	486
	516	485
	516	484
	516	483
	515	481
	515	480
	514	479
	514	478
	513	478
	513	477
	514	477
	515	478
	515	479
	515	480
	516	481
	516	482
	517	484
	518	486
	519	487
	519	488
	520	490
	521	491
	521	492
	522	493
	523	494
	523	495
	524	496
	524	497
	525	498
	526	498
	527	497
	527	496
	527	494
	527	493
	527	492
	527	491
	527	490
	527	489
	527	488
	526	487
	526	486
	526	485
	526	484
	526	483
	526	482
	526	481
	525	481
	526	481
.PEN_UP
.PEN_DOWN
	522	490
	522	489
	523	489
	524	489
	525	489
	526	489
	527	489
.PEN_UP
.PEN_DOWN
	540	497
	540	496
	539	496
	538	495
	537	495
	537	494
	536	494
	536	493
	535	492
	535	491
	535	490
	535	489
	535	488
	535	487
	536	487
	537	486
	538	486
	538	485
	539	485
	539	484
	539	483
	539	482
	538	482
	538	481
	537	481
	536	481
	535	481
	535	480
.PEN_UP
.PEN_DOWN
	560	491
	560	490
	560	489
	560	488
	560	487
	560	486
	559	484
	559	482
	559	481
	558	480
	558	479
	558	478
	558	477
	557	476
	557	475
	556	474
	556	473
	556	472
	555	472
	556	473
	556	474
	556	475
	557	477
	557	478
	557	479
	557	480
	558	481
	558	482
	558	483
	559	484
	559	486
	560	488
	560	489
	561	490
	561	491
	562	492
	563	493
	564	494
	565	495
	566	495
	567	495
	568	495
	569	495
	570	494
	571	493
	571	492
	571	491
	571	490
	571	489
	571	488
	570	487
	570	486
	569	486
	568	486
	567	486
	566	486
	565	486
	564	486
	564	485
	564	484
	563	483
	563	482
	563	481
	563	480
	564	479
	564	478
	565	478
	565	477
	566	476
	567	475
	568	473
	569	473
	569	472
	570	472
	571	472
	571	471
.PEN_UP
.PEN_DOWN
	580	492
	579	491
	579	490
	579	489
	579	488
	578	488
	578	487
	578	486
	578	485
	578	484
	577	483
	577	481
	577	480
	578	479
	578	478
	579	477
	580	477
	581	477
	582	477
	582	478
	584	479
	584	480
	585	481
	585	482
	586	483
	586	484
	587	485
	587	486
	588	487
	588	488
	588	489
	588	490
.PEN_UP
.PEN_DOWN
	596	492
	596	493
	597	493
	597	492
	597	491
	597	490
	597	489
	597	488
	597	487
	597	486
	597	485
	597	484
	597	483
	597	482
	597	481
.PEN_UP
.PEN_DOWN
	609	497
	609	496
	610	496
	610	495
	610	494
	610	493
	609	492
	609	490
	609	489
	609	488
	609	487
	609	486
	608	486
	608	485
	608	484
	608	483
	609	484
	609	485
	609	486
	610	486
	610	487
	610	488
	611	488
	611	489
	611	490
	612	491
	612	492
	612	493
	613	494
	613	495
	613	496
	613	497
	614	497
	614	496
	614	495
	614	494
	614	493
	615	492
	615	491
	615	490
	615	489
	615	488
	615	487
	615	486
	616	486
	616	485
	616	484
	616	483
	617	483
	618	483
	618	484
	619	485
	619	486
	620	487
	620	488
	621	489
	621	490
	622	491
	622	492
	623	492
	623	493
	624	494
	624	495
	625	495
.PEN_UP
.PEN_DOWN
	634	495
	633	495
	632	495
	631	495
	630	495
	630	494
	629	494
	629	493
	628	492
	628	491
	627	491
	627	490
	627	489
	626	488
	626	487
	626	486
	626	485
	626	484
	626	483
	627	482
	627	481
	628	481
	629	480
	630	480
	631	480
	631	481
	632	481
	633	481
	634	481
	634	482
	635	482
	635	483
	636	483
	636	484
.PEN_UP
.PEN_DOWN
	631	491
	631	490
	632	490
	633	490
	634	490
	635	490
	636	491
	637	491
	638	491
.PEN_UP
.PEN_DOWN
	649	499
	649	498
	649	497
	649	496
	649	495
	649	494
	649	493
	649	491
	648	490
	648	489
	648	488
	648	487
	648	486
	648	485
	648	484
	648	483
.PEN_UP
.PEN_DOWN
	650	498
	651	498
	652	498
	652	497
	653	497
	653	496
	654	495
	654	494
	654	492
	654	491
	654	490
	654	488
	654	486
	654	485
	653	484
	653	483
	653	482
	652	481
	652	480
	651	480
	650	480
	650	479
	649	479
	648	479
	647	479
	647	480
	646	480
	646	481
.PEN_UP
