
.WRITER_ID Emda_Hartnett
.STYLE PRINTED
.PEN_DOWN
	263	1666
	263	1658
	267	1643
	271	1626
	276	1609
	280	1597
.PEN_UP
.PEN_DOWN
	230	1674
	229	1680
	230	1684
	230	1687
	230	1690
	231	1697
	332	1700
	332	1683
	323	1667
	312	1653
	301	1642
	293	1635
	291	1634
	289	1634
	291	1634
	295	1634
	306	1633
	317	1630
	331	1627
	344	1623
	355	1616
	364	1609
	366	1600
	364	1586
	357	1573
	345	1563
	332	1553
	318	1547
	303	1547
	291	1549
	280	1553
	277	1556
	275	1556
	275	1556
	276	1556
	281	1553
	291	1549
.PEN_UP
.PEN_DOWN
	420	1630
	420	1630
	421	1630
	422	1630
	424	1626
	426	1562
	428	1560
	436	1560
	446	1563
	456	1563
	467	1566
	478	1566
	489	1567
	495	1569
	501	1573
	504	1573
	507	1575
	510	1577
.PEN_UP
.PEN_DOWN
	519	1627
	522	1626
	525	1620
	529	1609
	532	1600
	534	1593
	555	1566
	559	1566
	564	1566
	570	1567
	576	1569
	581	1572
	587	1573
	589	1576
	592	1579
.PEN_UP
.PEN_DOWN
	591	1626
	589	1626
	589	1626
	591	1620
	593	1610
	596	1600
	613	1570
.PEN_UP
.PEN_DOWN
	658	1642
	658	1640
	660	1640
	661	1636
	666	1626
	667	1616
	679	1570
	686	1566
	693	1563
	701	1560
	705	1557
	713	1559
	720	1560
	727	1563
	731	1567
	735	1573
.PEN_UP
.PEN_DOWN
	678	1607
	678	1609
	680	1610
	688	1614
	698	1617
	707	1616
.PEN_UP
.PEN_DOWN
	650	1674
	649	1676
	649	1680
	649	1680
	650	1681
	656	1683
	721	1700
	722	1700
.PEN_UP
.PEN_DOWN
	935	1690
	925	1690
	912	1689
	900	1683
	887	1677
	879	1672
	939	1625
	957	1617
	967	1609
	973	1600
	972	1593
	967	1583
	955	1577
	944	1573
	933	1575
	922	1582
	911	1589
	907	1593
	903	1596
	903	1596
	904	1597
.PEN_UP
.PEN_DOWN
	1018	1630
	1021	1625
	1027	1614
	1031	1600
	1036	1590
	1046	1566
.PEN_UP
.PEN_DOWN
	1012	1653
	1070	1677
	1085	1674
	1096	1667
	1105	1660
	1109	1654
	1105	1643
	1096	1633
	1079	1624
	1066	1617
	1055	1616
	1047	1617
	1044	1620
.PEN_UP
.PEN_DOWN
	1152	1643
	1152	1643
	1152	1641
	1155	1640
	1161	1630
	1165	1617
	1178	1583
.PEN_UP
.PEN_DOWN
	1157	1664
	1165	1667
	1175	1673
	1186	1673
	1197	1670
	1207	1666
	1188	1616
	1184	1614
	1184	1614
	1184	1614
	1184	1616
	1192	1614
	1201	1614
	1209	1606
	1217	1599
	1226	1594
	1234	1589
	1242	1583
	1244	1583
	1248	1580
	1251	1579
	1257	1576
.PEN_UP
.PEN_DOWN
	1283	1636
	1290	1630
	1297	1624
	1304	1614
	1308	1606
	1312	1597
	1315	1593
	1316	1587
	1319	1583
	1325	1583
.PEN_UP
.PEN_DOWN
	1379	1633
	1379	1632
	1405	1596
	1406	1596
	1407	1596
	1412	1604
	1416	1620
	1420	1633
	1425	1644
	1431	1651
	1435	1654
	1439	1654
	1444	1650
	1452	1640
	1458	1630
	1465	1623
	1471	1614
	1479	1606
	1487	1599
	1496	1596
	1504	1590
	1515	1587
.PEN_UP
.PEN_DOWN
	1605	1641
	1607	1647
	1611	1653
	1611	1656
	1615	1660
	1615	1663
	1575	1647
	1572	1640
	1571	1630
	1573	1620
	1577	1609
	1579	1599
	1585	1593
	1590	1586
	1599	1580
	1607	1579
	1615	1579
	1622	1583
	1628	1589
	1632	1596
	1634	1603
	1633	1609
	1632	1610
	1631	1610
	1631	1613
	1631	1613
	1631	1613
	1633	1610
	1637	1610
	1644	1610
	1651	1613
	1659	1613
	1667	1613
	1674	1614
	1677	1616
	1680	1620
	1682	1620
.PEN_UP
.PEN_DOWN
	1747	1672
	1736	1670
	1730	1667
	1725	1663
	1723	1656
	1723	1651
	1777	1606
	1781	1603
	1781	1597
	1779	1594
	1772	1591
	1765	1590
	1755	1593
	1749	1594
	1746	1594
.PEN_UP
.PEN_DOWN
	243	1151
	243	1151
	243	1151
	244	1151
	245	1153
	255	1206
	254	1214
	252	1218
	248	1221
	245	1224
	240	1221
	233	1218
	227	1208
	220	1194
	213	1178
	207	1160
	205	1137
	205	1120
	207	1104
	214	1093
	220	1084
	228	1077
	237	1073
	250	1070
	261	1070
	272	1070
	284	1076
	293	1080
	303	1086
.PEN_UP
.PEN_DOWN
	342	1127
	343	1118
	345	1107
	347	1096
	349	1087
	353	1084
	405	1083
	413	1084
	418	1087
	424	1093
	428	1096
.PEN_UP
.PEN_DOWN
	360	1119
	393	1137
	400	1140
	403	1141
	406	1144
.PEN_UP
.PEN_DOWN
	342	1143
	342	1144
	344	1147
	348	1150
	357	1157
.PEN_UP
.PEN_DOWN
	475	1144
	475	1144
	474	1144
	474	1143
	474	1141
	473	1133
	480	1096
	484	1100
.PEN_UP
.PEN_DOWN
	463	1148
	466	1153
	471	1157
	478	1158
	486	1158
	537	1117
	533	1106
	523	1096
	512	1087
	501	1080
	493	1080
	489	1083
	486	1084
	487	1086
.PEN_UP
.PEN_DOWN
	592	1104
	593	1097
	594	1094
	594	1094
	594	1094
	594	1101
	628	1168
	635	1167
	640	1161
	647	1153
	654	1143
	658	1130
	660	1117
	662	1103
	664	1095
	665	1091
	666	1090
	668	1090
.PEN_UP
.PEN_DOWN
	602	1130
	604	1130
	609	1127
	615	1127
	623	1127
	632	1127
.PEN_UP
.PEN_DOWN
	720	1144
	718	1134
	718	1127
	719	1113
	720	1101
	722	1087
	707	1130
	706	1147
	709	1160
	713	1171
	720	1178
	725	1184
	732	1184
	741	1180
	748	1177
	754	1170
	759	1164
	759	1158
	757	1150
	752	1141
	746	1134
	740	1131
	739	1132
	740	1133
	744	1130
	751	1124
	761	1119
	770	1116
	782	1111
	791	1110
	800	1111
	808	1113
.PEN_UP
.PEN_DOWN
	1006	1194
	1006	1196
	1008	1197
	1012	1192
	1019	1181
	1026	1164
	1033	1148
	1038	1101
	1034	1116
	1032	1140
	1029	1163
	1025	1181
	1027	1191
	1027	1197
	1027	1198
	1027	1200
	1031	1205
	1038	1210
	1053	1217
	1071	1220
	1094	1224
	1115	1225
	1133	1225
	1146	1224
	1152	1225
	1156	1224
	1160	1225
	1164	1227
.PEN_UP
.PEN_DOWN
	1040	1144
	1042	1144
	1047	1143
	1063	1141
	1081	1144
	1098	1147
	1113	1150
.PEN_UP
.PEN_DOWN
	1185	1090
	1186	1086
	1186	1084
	1186	1084
	1186	1090
	1184	1104
	1234	1177
	1242	1174
	1250	1167
	1258	1153
	1266	1141
	1272	1130
	1278	1120
	1283	1111
	1285	1107
	1289	1104
	1292	1103
	1295	1101
.PEN_UP
.PEN_DOWN
	1209	1130
	1208	1130
	1209	1130
	1215	1127
	1226	1123
	1240	1121
.PEN_UP
.PEN_DOWN
	1386	1137
	1388	1127
	1387	1120
	1388	1113
	1392	1107
	1399	1101
	1411	1100
	1426	1100
.PEN_UP
.PEN_DOWN
	1495	1127
	1497	1118
	1499	1113
	1502	1107
	1512	1106
	1526	1107
.PEN_UP
.PEN_DOWN
	1702	1174
	1691	1178
	1648	1157
	1659	1153
	1673	1147
	1684	1140
	1692	1131
	1697	1123
	1699	1113
	1695	1106
	1686	1101
	1677	1100
	1667	1106
	1659	1113
.PEN_UP
.PEN_DOWN
	236	708
	237	711
	237	712
	239	717
	241	722
	241	727
	224	741
	219	738
	215	734
	212	725
	208	714
	207	701
	206	685
	205	668
	203	651
	205	637
	209	627
	214	617
	223	610
	235	607
	248	603
	260	601
	272	600
	280	601
	288	604
	295	608
	302	615
.PEN_UP
.PEN_DOWN
	327	640
	327	644
	327	648
	328	651
	333	658
	340	665
	389	644
	391	634
	393	627
	392	618
	390	614
	385	610
	377	608
	368	610
	358	613
	349	618
	345	621
	343	624
	342	630
	344	634
	347	634
.PEN_UP
.PEN_DOWN
	459	660
	458	657
	459	650
	460	644
	464	637
	467	628
	463	658
	458	661
	454	667
	454	668
	452	671
	456	675
	462	681
	473	684
	486	685
	499	684
	507	681
	514	677
	516	670
	516	664
	514	658
	514	654
	510	650
	508	650
	508	650
	507	650
	508	648
	512	644
	516	637
	527	631
	537	624
	546	620
	552	617
	557	613
	562	611
	566	611
	570	611
	574	611
.PEN_UP
.PEN_DOWN
	638	654
	641	658
	643	664
	645	668
	643	671
	643	675
	640	675
	602	634
	602	627
	602	618
	608	611
	617	607
	624	603
	635	603
	645	607
	653	610
	660	616
.PEN_UP
.PEN_DOWN
	652	654
	656	650
	659	644
	665	634
	668	630
	673	624
	723	614
.PEN_UP
.PEN_DOWN
	731	731
	735	714
	782	608
	787	603
.PEN_UP
.PEN_DOWN
	1031	712
	1033	717
	1036	727
	1038	735
	1038	742
	1038	748
	997	711
	993	691
	992	671
	992	654
	993	637
	997	624
	1005	613
	1015	607
	1027	601
	1042	599
	1053	598
	1062	600
	1066	603
	1070	608
	1072	613
	1072	621
	1068	630
	1066	638
	1063	644
	1059	648
	1058	651
	1058	654
	1058	654
	1058	654
	1063	650
	1076	648
	1095	648
	1115	648
	1128	648
	1139	650
	1143	651
	1146	651
	1147	654
	1146	658
.PEN_UP
.PEN_DOWN
	1234	644
	1236	646
	1236	650
	1235	655
	1235	657
	1229	658
	1178	628
	1177	620
	1177	614
	1179	608
	1186	604
	1194	600
	1203	598
	1214	597
	1224	599
.PEN_UP
.PEN_DOWN
	1242	648
	1242	640
	1272	601
	1283	601
	1296	603
	1307	607
	1319	611
.PEN_UP
.PEN_DOWN
	1343	712
	1347	704
	1353	688
	1358	675
	1364	660
	1370	644
	1373	634
	1376	624
	1396	640
	1405	646
	1414	650
	1424	651
	1433	650
	1441	647
	1450	640
	1458	634
	1465	628
	1471	621
	1476	613
	1474	608
	1468	600
	1455	593
	1442	591
	1428	592
	1415	598
	1405	604
	1403	611
	1401	613
.PEN_UP
.PEN_DOWN
	1517	714
	1517	707
	1519	694
	1521	678
	1523	659
	1526	641
	1568	600
.PEN_UP
.PEN_DOWN
	1615	634
	1618	631
	1619	631
	1625	630
	1630	628
	1637	627
	1680	667
	1675	674
	1668	678
	1659	681
	1649	677
	1637	670
	1630	660
	1625	650
	1622	642
	1620	631
	1624	621
	1626	611
	1633	603
	1641	597
	1650	591
	1663	591
	1676	593
	1690	594
	1699	598
	1710	598
.PEN_UP
.PEN_DOWN
	1755	681
	1749	675
	1747	671
	1749	667
	1755	661
	1768	655
	1811	606
	1798	601
	1787	603
	1779	607
	1775	614
	1774	620
.PEN_UP
.PEN_DOWN
	254	217
	256	224
	260	229
	263	239
	263	248
	263	255
	228	276
	222	272
	217	265
	211	252
	209	241
	207	228
	211	217
	220	204
	237	195
	259	191
	284	184
	306	178
	325	168
	336	161
	340	151
	342	138
	336	125
	329	115
	316	108
	300	102
	280	101
	260	105
	242	108
	229	110
	225	110
	225	110
	224	110
	227	110
	233	108
.PEN_UP
.PEN_DOWN
	446	167
	450	171
	451	174
	450	177
	447	178
	445	181
	408	138
	409	131
	411	125
	416	120
	421	115
	428	111
	437	110
	446	108
	456	110
	467	114
	476	118
	483	124
.PEN_UP
.PEN_DOWN
	477	140
	478	131
	482	121
	486	111
	489	105
	493	100
	494	97
	499	95
.PEN_UP
.PEN_DOWN
	570	121
	572	114
	574	110
	574	108
	576	107
	574	107
	602	161
	610	162
	619	161
	625	155
	632	148
	636	141
	641	131
	647	121
	650	117
	654	114
	657	111
	662	108
	668	108
	677	108
.PEN_UP
.PEN_DOWN
	722	171
	726	154
	732	137
	737	124
	744	114
	746	108
.PEN_UP
.PEN_DOWN
	748	164
	768	168
	787	178
	806	185
	819	195
	828	202
	834	205
.PEN_UP
.PEN_DOWN
	700	261
	698	265
	698	265
	697	265
	699	259
	703	245
	707	231
	727	117
	731	107
	733	100
	735	95
	738	90
	740	87
	744	84
	753	84
	766	86
	781	90
	796	95
	808	100
	820	104
	827	105
.PEN_UP
.PEN_DOWN
	869	148
	869	148
	870	148
	871	145
	873	137
	877	125
	884	117
	881	137
	883	155
	888	168
	895	181
	900	188
	907	191
	914	188
	924	181
	935	171
	943	161
	950	147
	954	135
	959	121
	961	111
	963	105
	965	101
	967	100
	972	100
.PEN_UP
.PEN_DOWN
	880	131
	879	131
	879	131
	879	128
	883	127
	892	125
	970	137
	974	141
.PEN_UP
.PEN_DOWN
	1239	201
	1244	214
	1247	228
	1249	241
	1248	251
	1244	259
	1201	259
	1194	245
	1190	228
	1186	205
	1186	185
	1186	168
	1192	152
	1199	137
	1205	124
	1214	115
	1221	109
	1231	105
	1242	105
	1255	107
	1267	110
	1279	115
	1293	121
.PEN_UP
.PEN_DOWN
	1330	165
	1349	98
	1350	95
	1350	91
	1352	88
.PEN_UP
.PEN_DOWN
	1343	172
	1368	211
	1379	211
	1392	209
	1405	202
	1411	194
	1414	184
	1412	174
	1408	162
	1403	154
	1394	147
	1388	144
	1380	144
	1375	144
	1373	145
	1373	146
	1373	147
	1377	145
	1384	141
	1392	134
	1401	124
	1407	115
	1414	108
	1420	101
	1425	95
	1429	91
	1435	88
	1442	84
	1454	81
.PEN_UP
.PEN_DOWN
	1502	152
	1502	141
	1502	128
	1502	117
	1504	107
	1506	97
	1553	101
	1558	116
	1562	131
	1562	147
	1562	158
	1562	162
	1562	164
	1562	165
	1562	164
	1562	157
	1562	147
	1565	135
	1570	121
	1574	110
	1580	100
	1587	91
	1594	87
	1602	87
	1614	90
	1624	95
.PEN_UP
.PEN_DOWN
	1666	178
	1725	168
	1727	157
	1723	141
	1715	127
	1708	115
	1704	107
	1704	104
	1710	98
	1724	97
	1740	94
	1756	90
	1772	90
	1789	91
	1803	97
.PEN_UP
