
.WRITER_ID DeanBlackketter
.STYLE PRINTED
.PEN_DOWN
	280	382
	279	382
	279	383
	278	383
	277	383
	276	383
	275	383
	274	383
	273	382
	272	382
	271	381
	270	381
	270	380
	269	380
	269	379
.PEN_UP
.PEN_DOWN
	272	391
	272	390
	272	389
	272	388
	273	386
	273	384
	273	382
	273	380
	273	378
	273	377
	273	375
	273	372
	273	371
	272	370
	272	369
	273	369
.PEN_UP
.PEN_DOWN
	292	389
	292	388
	292	387
	291	385
	291	383
	291	382
	290	380
	290	378
	289	376
	289	374
	289	371
	288	369
	288	368
	288	369
	289	372
	289	373
	290	375
	290	376
	291	377
	291	378
	291	379
	292	379
	293	379
	293	378
	294	378
	294	377
	294	376
	295	375
	295	374
	295	373
	296	372
	296	371
	297	371
	297	370
.PEN_UP
.PEN_DOWN
	304	375
	304	376
	305	376
	306	377
	307	377
	307	378
	308	378
	308	379
	308	380
	307	380
	306	380
	305	380
	304	379
	303	378
	303	377
	302	375
	302	374
	302	373
	302	372
	302	371
	303	370
	303	369
	304	369
	305	368
	306	368
	307	368
	309	368
	310	368
.PEN_UP
.PEN_DOWN
	322	378
	323	377
	323	376
	322	375
	322	374
	322	373
	322	372
	322	371
	322	372
	322	373
	322	374
	323	375
	323	376
	324	377
	324	378
	325	379
	326	379
	327	379
	327	378
	327	377
	328	377
	328	375
	328	374
	328	373
	329	373
	329	374
	330	375
	331	375
	331	376
	332	376
	333	376
	334	376
.PEN_UP
.PEN_DOWN
	339	375
	339	376
	340	376
	340	377
	341	377
	342	377
	343	377
	343	376
	343	375
	343	374
	343	372
	343	371
	342	370
	341	370
	340	370
	339	370
	338	370
	338	371
	337	373
	336	374
	336	375
	336	376
	336	377
	336	378
	337	378
	337	379
	337	380
	338	380
.PEN_UP
.PEN_DOWN
	350	377
	350	378
	351	378
	351	379
	350	380
	349	380
	348	380
	347	379
	346	378
	346	377
	345	376
	345	375
	345	374
	345	372
	346	371
	347	371
	347	370
	348	370
	349	370
	350	371
	351	371
	353	371
	353	372
	354	372
.PEN_UP
.PEN_DOWN
	354	382
	354	381
	354	380
	354	379
	354	378
	354	377
	354	376
	354	375
	354	374
	355	372
	355	371
	355	369
	355	368
.PEN_UP
.PEN_DOWN
	357	379
	357	378
	357	377
	356	377
	356	376
	356	375
	356	374
	356	373
	357	372
	358	372
	359	372
	360	372
	361	372
.PEN_UP
.PEN_DOWN
	377	374
	378	374
	378	373
	378	372
	378	371
	379	370
	379	369
	379	368
	379	366
	379	365
	379	364
	379	361
	379	360
	378	359
	378	358
	378	357
	377	357
	377	356
.PEN_UP
.PEN_DOWN
	377	386
	378	386
	378	385
.PEN_UP
.PEN_DOWN
	383	378
	383	377
	383	376
	383	374
	383	373
	384	372
	384	371
	385	370
	386	370
	386	371
	387	371
	388	373
	388	374
	389	375
	389	376
	390	377
	390	378
	391	379
.PEN_UP
.PEN_DOWN
	395	371
	395	372
	395	373
	395	374
	395	375
	396	378
	396	379
	396	380
	396	381
	396	382
	397	382
	398	381
	399	380
	400	379
	400	378
.PEN_UP
.PEN_DOWN
	404	381
	404	380
	404	379
	404	378
	404	377
	404	376
	405	376
	405	375
	405	374
	406	373
	407	372
	408	372
.PEN_UP
.PEN_DOWN
	410	378
	410	377
	409	375
	408	374
	408	373
	408	371
	407	370
	407	369
	407	368
	407	366
	406	365
	406	364
	406	362
	406	360
.PEN_UP
.PEN_DOWN
	429	376
	430	376
	430	377
	430	378
	430	379
	430	380
	430	381
	431	381
	431	382
	432	382
	433	382
	434	381
	434	380
	434	379
	434	378
	434	377
	434	376
	434	375
	434	373
	433	371
	432	370
	431	369
	430	369
	429	369
	429	370
	429	371
	428	372
	428	374
	428	377
	428	378
	429	380
	429	381
	429	383
	429	384
	430	386
	430	387
	430	388
	430	389
	431	390
	430	390
	429	389
	429	388
	429	387
	429	385
	428	384
.PEN_UP
.PEN_DOWN
	437	376
	438	376
	438	377
	439	377
	439	378
	440	378
	441	378
	442	378
	442	377
	442	376
	441	375
	441	374
	440	373
	439	372
	438	371
	437	371
	437	372
	436	373
	436	374
	436	375
	436	376
	437	378
	438	378
	439	378
.PEN_UP
.PEN_DOWN
	452	374
	451	374
	450	374
	449	373
	448	372
	447	372
	447	371
	446	370
	445	369
	445	368
	444	367
	444	366
.PEN_UP
.PEN_DOWN
	446	373
	446	372
	447	372
	448	370
	448	369
	448	368
	449	367
	449	366
	450	365
	450	364
	451	364
.PEN_UP
