
.WRITER_ID Rosemary_Maselli
.STYLE MIXED

.PEN_DOWN
577 15551
570 15550
572 15551
582 15549
597 15551
618 15552
642 15558
665 15568
691 15576
709 15585
722 15585
734 15576
741 15562
744 15537
744 15508
741 15477
734 15448
724 15424
714 15406
705 15397
698 15394
696 15394
692 15394
692 15404
698 15417
709 15436
727 15464
752 15495
782 15525
809 15545
832 15558
847 15562
861 15550
867 15534
871 15511
871 15485
869 15457
863 15435
857 15418
854 15411
854 15410
854 15411
856 15420
863 15438
873 15457
887 15480
903 15502
918 15515
930 15519
936 15515
939 15508
941 15489
941 15464
940 15439
942 15417
951 15401
964 15391
986 15388
.PEN_UP
.PEN_DOWN
1072 15377
1072 15377
1078 15380
1088 15386
1098 15397
1111 15410
1127 15428
1137 15447
1145 15461
1150 15472
1150 15474
1150 15474
1150 15474
1150 15470
1146 15462
1142 15450
1139 15434
1134 15420
1135 15408
1139 15401
1148 15397
1162 15397
1180 15400
1195 15406
1208 15410
.PEN_UP
.PEN_DOWN
1211 15550
1211 15565
.PEN_UP
.PEN_DOWN
1304 15407
1304 15407
1305 15404
1310 15401
1321 15407
1331 15418
1347 15435
1366 15454
1384 15481
1403 15502
1418 15514
1429 15524
1431 15528
1431 15525
1434 15522
1434 15511
1431 15498
1431 15481
1431 15467
1431 15451
1429 15437
1425 15430
1418 15424
1409 15420
1397 15418
1384 15421
1375 15425
1367 15434
1362 15438
1362 15441
1362 15440
1367 15437
1372 15431
1383 15425
1396 15420
1416 15417
1439 15417
.PEN_UP
.PEN_DOWN
1548 15403
1549 15404
1555 15407
1568 15415
1584 15425
1604 15441
1623 15462
1644 15484
1660 15504
1674 15518
1677 15521
1677 15521
1677 15522
1675 15514
1671 15505
1669 15494
1666 15481
1664 15465
1661 15454
1658 15442
1655 15431
1647 15424
1638 15420
1628 15420
1619 15423
1611 15427
1606 15431
1604 15434
1604 15435
1604 15434
1612 15430
1628 15426
1645 15421
1662 15420
1682 15418
1702 15421
1718 15427
.PEN_UP
.PEN_DOWN
1814 15436
1814 15438
1814 15437
1816 15437
.PEN_UP
.PEN_DOWN
562 15112
559 15105
564 15093
575 15082
596 15078
627 15079
663 15088
698 15102
726 15112
748 15116
758 15117
765 15112
769 15099
767 15079
759 15045
746 15014
730 14984
714 14961
701 14947
694 14941
690 14943
689 14947
694 14965
711 14992
731 15021
756 15055
783 15081
809 15096
827 15098
839 15088
845 15071
848 15048
847 15028
845 15007
841 14992
834 14978
830 14974
830 14974
828 14974
830 14983
837 14997
847 15018
862 15039
880 15061
897 15081
911 15089
922 15091
927 15088
928 15078
927 15062
923 15039
918 15014
918 14992
925 14978
938 14967
958 14964
985 14968
.PEN_UP
.PEN_DOWN
1074 14968
1075 14971
1074 14971
1076 14968
1081 14971
1091 14978
1104 14991
1118 15004
1132 15021
1142 15032
1148 15038
1149 15041
1148 15041
1148 15042
1148 15034
1143 15024
1138 15014
1133 15001
1132 14991
1135 14981
1139 14973
1147 14967
1165 14969
1184 14973
.PEN_UP
.PEN_DOWN
1310 15067
1309 15065
1310 15059
1314 15051
1321 15045
1331 15042
1347 15041
1362 15048
1377 15055
1390 15062
1399 15069
1405 15069
1408 15071
1409 15065
1410 15058
1405 15045
1398 15031
1392 15014
1385 15001
1379 14992
1376 14981
1375 14981
1375 14978
1375 14981
1381 14985
1390 14995
1401 15005
1416 15018
1431 15031
1446 15038
1457 15045
1468 15044
1472 15044
1476 15041
1477 15035
1472 15024
1470 15014
1470 15004
1475 14991
1484 14981
1500 14975
1518 14977
.PEN_UP
.PEN_DOWN
1580 15049
1581 15045
1581 15039
1583 15034
1589 15029
1599 15029
1611 15031
1621 15038
1635 15039
1650 15048
1660 15051
1666 15052
1671 15051
1675 15045
1674 15038
1671 15028
1667 15015
1661 15004
1651 14991
1648 14982
1645 14978
1643 14976
1643 14977
1643 14977
1649 14981
1658 14988
1669 14997
1682 15008
1695 15023
1712 15034
1725 15042
1734 15044
1738 15044
1742 15041
1740 15035
1738 15025
1734 15015
1732 15002
1734 14992
1740 14981
1755 14978
1775 14977
1792 14984
.PEN_UP
.PEN_DOWN
1909 15008
1906 15008
1905 15001
1902 14994
1898 14988
1894 14978
1892 14977
1888 14975
1885 14975
1883 14975
1881 14982
.PEN_UP
.PEN_DOWN
572 14626
572 14617
579 14611
594 14609
616 14611
642 14622
672 14632
703 14648
728 14659
748 14666
761 14665
770 14653
776 14636
776 14608
770 14579
758 14549
745 14525
732 14505
724 14491
720 14488
718 14487
719 14491
730 14507
745 14532
767 14558
791 14588
819 14619
841 14642
856 14652
864 14655
869 14652
871 14641
871 14625
865 14599
858 14575
856 14552
856 14535
860 14518
869 14507
886 14501
906 14501
.PEN_UP
.PEN_DOWN
1004 14531
1002 14532
1003 14534
1003 14532
1005 14531
.PEN_UP
.PEN_DOWN
1217 14588
1219 14590
1219 14591
1219 14592
1219 14585
1216 14571
1209 14554
1202 14538
1197 14524
1195 14518
1193 14514
1194 14514
1195 14514
1197 14524
1202 14542
1210 14561
1218 14583
1225 14602
1230 14612
1231 14618
1232 14618
1234 14609
1234 14591
1235 14568
1245 14549
1260 14535
1280 14531
1303 14535
1327 14545
1345 14562
1363 14588
1381 14622
1395 14655
1401 14689
1395 14716
1383 14730
1366 14729
1349 14716
1331 14695
1316 14666
1309 14632
1312 14601
1329 14573
1351 14551
1375 14538
1403 14534
.PEN_UP
.PEN_DOWN
1582 14588
1582 14598
1580 14605
1574 14609
1567 14608
1555 14599
1541 14585
1528 14568
1517 14551
1511 14533
1511 14521
1515 14512
1522 14507
1535 14508
1548 14518
1563 14528
1578 14547
1589 14564
1595 14575
1596 14579
1595 14578
1589 14575
1583 14565
1576 14552
1574 14538
1576 14522
1582 14511
1594 14501
1612 14501
1636 14503
.PEN_UP
.PEN_DOWN
1775 14663
1779 14672
1779 14673
1779 14669
1775 14653
1766 14632
1755 14605
1738 14576
1727 14550
1721 14531
1712 14518
1710 14511
1710 14508
.PEN_UP
.PEN_DOWN
1820 14626
1816 14626
1805 14622
1788 14609
1766 14595
1749 14581
1736 14564
1731 14545
1734 14529
1742 14514
1757 14501
1777 14494
1803 14491
1825 14494
1844 14502
.PEN_UP
.PEN_DOWN
1925 14493
1924 14494
1924 14491
1924 14488
1918 14483
.PEN_UP
.PEN_DOWN
802 14252
796 14253
790 14249
782 14226
775 14199
771 14173
767 14152
765 14145
764 14142
765 14141
765 14145
767 14162
772 14185
776 14210
778 14230
778 14249
774 14259
765 14262
754 14260
737 14246
717 14219
696 14184
674 14139
656 14095
652 14054
662 14028
685 14011
721 14011
761 14022
.PEN_UP
.PEN_DOWN
944 14147
942 14149
937 14144
929 14132
923 14115
914 14093
906 14072
898 14053
895 14038
896 14031
897 14026
902 14027
910 14034
921 14048
928 14067
936 14089
944 14116
951 14142
949 14160
947 14173
941 14177
934 14175
929 14165
925 14152
925 14136
932 14121
944 14109
959 14102
982 14096
1004 14105
1033 14116
1055 14129
1072 14139
1083 14152
1089 14159
.PEN_UP
.PEN_DOWN
1182 14159
1182 14162
1178 14152
1176 14132
1170 14111
1161 14083
1154 14058
1145 14038
1139 14025
1135 14018
1135 14015
1135 14017
1141 14026
1150 14041
1162 14061
1179 14085
1197 14108
1209 14122
1217 14128
1222 14132
1224 14131
1226 14126
1224 14112
1221 14095
1219 14072
1219 14058
1230 14045
1243 14038
1264 14038
1291 14048
.PEN_UP
.PEN_DOWN
1403 14142
1403 14142
1401 14137
1398 14122
1392 14106
1383 14085
1375 14064
1367 14048
1364 14038
1362 14034
1364 14035
1368 14038
1379 14051
1395 14068
1411 14091
1431 14112
1449 14129
1459 14138
1465 14139
1468 14138
1470 14131
1468 14116
1465 14098
1463 14079
1464 14064
1470 14054
1483 14047
1502 14048
1527 14055
.PEN_UP
.PEN_DOWN
1619 14084
1617 14088
1617 14088
1619 14085
1631 14082
.PEN_UP
