
.WRITER_ID Donna_Maynard
.STYLE MIXED

.PEN_DOWN
585 15738
583 15738
582 15740
583 15738
586 15735
590 15727
596 15714
598 15698
603 15682
604 15664
607 15645
608 15628
609 15617
610 15608
611 15605
613 15605
612 15605
613 15604
.PEN_UP
.PEN_DOWN
684 15715
680 15708
666 15692
659 15684
653 15675
646 15667
640 15662
638 15655
634 15652
632 15648
630 15647
627 15641
625 15639
625 15638
626 15637
630 15635
636 15634
647 15634
658 15634
670 15631
685 15628
697 15627
708 15625
716 15623
722 15621
727 15617
.PEN_UP
.PEN_DOWN
753 15642
755 15642
761 15644
769 15647
780 15652
791 15656
801 15661
811 15664
818 15667
822 15668
824 15672
826 15677
826 15682
825 15685
822 15690
819 15695
814 15697
808 15702
799 15701
793 15698
786 15692
780 15688
777 15682
774 15675
772 15664
772 15655
773 15641
777 15631
778 15621
780 15612
784 15605
788 15598
795 15595
803 15593
813 15594
822 15597
829 15601
834 15604
839 15608
845 15612
.PEN_UP
.PEN_DOWN
869 15684
868 15685
869 15685
869 15685
870 15684
871 15675
873 15665
875 15652
878 15640
879 15631
879 15618
881 15611
881 15605
881 15602
881 15601
882 15601
883 15602
884 15607
884 15617
885 15627
886 15641
892 15655
900 15671
909 15684
921 15691
930 15694
940 15692
947 15688
953 15678
957 15666
958 15652
955 15641
955 15628
957 15621
959 15615
962 15611
965 15607
970 15607
.PEN_UP
.PEN_DOWN
1200 15675
1198 15682
1195 15687
1192 15692
1189 15695
1186 15697
1181 15698
1177 15702
1173 15702
1170 15698
1167 15697
1162 15694
1158 15687
1153 15681
1150 15668
1148 15656
1147 15642
1148 15632
1152 15624
1158 15618
1166 15614
1175 15611
1188 15608
1200 15612
1211 15612
1221 15614
1224 15617
1228 15618
1228 15624
.PEN_UP
.PEN_DOWN
1268 15674
1268 15677
1270 15683
1275 15687
1283 15691
1293 15694
1302 15694
1312 15694
1323 15692
1329 15687
1334 15678
1336 15665
1336 15654
1335 15641
1333 15632
1331 15624
1333 15617
1330 15615
1329 15615
1329 15614
1327 15615
1321 15619
1314 15625
1307 15632
1299 15637
1291 15638
1284 15642
1279 15642
1274 15644
1270 15644
1265 15642
1264 15638
1263 15632
1263 15624
1265 15615
1270 15607
1278 15602
1288 15595
1300 15595
1312 15595
1325 15601
.PEN_UP
.PEN_DOWN
1372 15692
1372 15694
1371 15692
1371 15685
1372 15677
1374 15665
1376 15654
1381 15641
1384 15631
1386 15621
1387 15614
1389 15608
1389 15608
1390 15608
1390 15608
1390 15611
1391 15617
1392 15625
1397 15634
1405 15642
1413 15654
1420 15665
1426 15672
1433 15677
1441 15681
1448 15682
1454 15684
1462 15682
1468 15678
1475 15671
1481 15659
1488 15647
1490 15637
1495 15625
1498 15617
1501 15611
1503 15605
1504 15601
.PEN_UP
.PEN_DOWN
1623 15721
1627 15710
1632 15695
1634 15677
1636 15657
1636 15641
1634 15621
1634 15612
1634 15605
1636 15604
1637 15602
1639 15604
1642 15608
1646 15655
1648 15665
1653 15675
1657 15682
1663 15688
1669 15692
1676 15694
1686 15695
1699 15694
1712 15687
1724 15679
1731 15668
1732 15655
1727 15641
1720 15628
1714 15618
1707 15612
1701 15607
1692 15604
1683 15604
1674 15605
.PEN_UP
.PEN_DOWN
1767 15637
1775 15641
1785 15645
1792 15648
1802 15657
1807 15664
1810 15668
1811 15673
1813 15681
1811 15687
1809 15691
1808 15697
1803 15698
1798 15701
1792 15701
1789 15697
1785 15694
1781 15687
1775 15677
1773 15662
1770 15647
1768 15637
1768 15624
1771 15614
1777 15605
1784 15601
1794 15597
1809 15598
1825 15602
1839 15605
1851 15612
1864 15620
.PEN_UP
.PEN_DOWN
811 15392
812 15392
812 15392
812 15392
807 15378
805 15372
805 15366
807 15365
807 15365
807 15365
807 15368
805 15372
801 15382
796 15395
792 15408
787 15422
786 15440
784 15458
786 15478
790 15498
797 15514
805 15525
813 15531
820 15532
827 15531
834 15524
843 15514
.PEN_UP
.PEN_DOWN
743 15408
744 15408
746 15408
757 15411
765 15414
778 15421
794 15428
815 15432
834 15436
851 15438
.PEN_UP
.PEN_DOWN
915 15455
915 15455
913 15455
906 15455
905 15458
902 15458
900 15458
898 15458
898 15458
896 15458
896 15452
896 15444
896 15436
896 15425
900 15418
903 15408
909 15398
917 15395
930 15391
940 15391
949 15394
957 15398
964 15404
968 15412
970 15418
970 15428
968 15436
962 15443
956 15451
947 15458
936 15461
928 15464
919 15464
911 15464
906 15462
904 15458
.PEN_UP
.PEN_DOWN
993 15453
991 15461
991 15461
991 15462
991 15462
991 15461
991 15458
989 15451
993 15443
995 15432
999 15424
1004 15414
1010 15405
1016 15398
1023 15392
1031 15391
1042 15391
1056 15394
1067 15398
1077 15404
1084 15412
1088 15418
1090 15425
1089 15432
1086 15438
1084 15447
1082 15452
1082 15455
1080 15458
1078 15458
1078 15458
.PEN_UP
.PEN_DOWN
1118 15462
1118 15464
1118 15465
1118 15465
1120 15464
1120 15458
1123 15451
1128 15441
1130 15431
1130 15418
1131 15408
1130 15401
1130 15398
1130 15395
1130 15394
1129 15394
1130 15395
1130 15398
1132 15408
1137 15421
1143 15431
1153 15448
1166 15460
1179 15468
1189 15472
1196 15474
1200 15474
1204 15471
1208 15461
1211 15448
1213 15432
1216 15418
1221 15408
1224 15398
1226 15392
1230 15388
1233 15385
.PEN_UP
.PEN_DOWN
1339 15502
1340 15502
1340 15501
1339 15492
1342 15481
1344 15465
1344 15455
1348 15442
1350 15432
1350 15424
1350 15418
1350 15414
1348 15411
1348 15411
1348 15411
1346 15414
1342 15418
1336 15424
1329 15432
1319 15438
1312 15445
1301 15448
1293 15451
1284 15448
1277 15442
1272 15435
1268 15428
1265 15419
1265 15411
1266 15401
1270 15394
1276 15388
1286 15386
1301 15388
1319 15394
1344 15401
1363 15408
1378 15415
.PEN_UP
.PEN_DOWN
1545 15442
1545 15445
1544 15447
1544 15448
1545 15448
1545 15448
1544 15448
1545 15448
1544 15448
1543 15438
1541 15428
1542 15417
1544 15405
1547 15395
1553 15385
1559 15378
1565 15374
1572 15371
1579 15372
1584 15375
1593 15382
1600 15388
1602 15394
1606 15400
1608 15404
1608 15411
1610 15418
1610 15422
1610 15428
1610 15428
1610 15428
1610 15428
1608 15428
1607 15421
1608 15411
1608 15401
1614 15392
1619 15384
1625 15378
1635 15372
1644 15372
1654 15372
1664 15381
1673 15392
1680 15404
1682 15415
1682 15426
1680 15434
1673 15444
1665 15451
1658 15455
1655 15455
1654 15457
.PEN_UP
.PEN_DOWN
1730 15442
1728 15445
1728 15448
1728 15448
1728 15448
1727 15448
1728 15444
1727 15432
1722 15419
1720 15404
1720 15392
1720 15382
1722 15374
1724 15371
1726 15365
1731 15364
.PEN_UP
.PEN_DOWN
1845 15499
1845 15504
1846 15504
1846 15504
1845 15501
1846 15491
1844 15478
1845 15464
1846 15448
1847 15432
1847 15418
1846 15404
1846 15395
1846 15388
1846 15382
1846 15378
1845 15378
1845 15375
.PEN_UP
.PEN_DOWN
1786 15416
1788 15418
1792 15418
1803 15418
1813 15420
1825 15421
1840 15424
1857 15428
1872 15429
1882 15432
1891 15435
1895 15438
.PEN_UP
.PEN_DOWN
1918 15491
1918 15492
1919 15492
1920 15494
1920 15494
1923 15488
1925 15478
1931 15462
1936 15445
1939 15429
1942 15415
1942 15404
1942 15395
1943 15391
1942 15388
1943 15388
1942 15388
1944 15391
1944 15395
1948 15404
1958 15414
1967 15425
1977 15434
1985 15438
1994 15442
2005 15442
2013 15441
2020 15432
2026 15422
2026 15411
2024 15398
2020 15388
2020 15378
2019 15371
2020 15365
2018 15364
.PEN_UP
.PEN_DOWN
1727 15498
1726 15498
1724 15498
1723 15498
1722 15495
1720 15491
.PEN_UP
.PEN_DOWN
677 15278
677 15278
680 15266
683 15239
685 15224
687 15209
688 15195
687 15184
687 15175
689 15169
689 15168
689 15165
691 15165
691 15165
689 15165
690 15169
691 15172
693 15181
696 15191
702 15199
709 15211
717 15221
727 15231
737 15234
744 15238
750 15238
756 15234
759 15229
763 15221
761 15209
763 15201
761 15188
763 15179
763 15172
765 15168
763 15165
765 15164
765 15161
765 15159
.PEN_UP
.PEN_DOWN
837 15228
837 15228
837 15231
837 15229
835 15224
834 15214
833 15202
833 15192
833 15179
833 15171
834 15165
835 15161
837 15158
841 15153
.PEN_UP
.PEN_DOWN
937 15239
930 15242
923 15241
915 15238
908 15232
904 15226
898 15219
898 15215
898 15211
902 15209
908 15205
915 15202
923 15201
933 15201
944 15199
955 15196
966 15191
972 15185
974 15178
974 15168
969 15159
965 15152
961 15148
953 15142
946 15141
939 15138
928 15138
918 15138
.PEN_UP
.PEN_DOWN
869 15274
.PEN_UP
.PEN_DOWN
1236 15245
1236 15248
1232 15252
1227 15255
1222 15258
1217 15258
1209 15258
1200 15255
1194 15249
1185 15241
1179 15228
1175 15215
1171 15203
1170 15191
1169 15181
1170 15172
1175 15165
1184 15161
1196 15159
1209 15159
1224 15159
1238 15162
1247 15164
1254 15166
1260 15171
.PEN_UP
.PEN_DOWN
1293 15229
1291 15232
1296 15239
1302 15241
1311 15246
1320 15249
1329 15251
1339 15251
1350 15248
1359 15241
1363 15228
1369 15213
1370 15199
1372 15188
1372 15178
1373 15171
1372 15168
1371 15165
1370 15165
1365 15165
1359 15170
1353 15174
1346 15179
1338 15184
1331 15188
1325 15191
1317 15192
1310 15192
1303 15189
1298 15184
1293 15179
1289 15172
1291 15167
1293 15158
1300 15149
1310 15145
1325 15144
1345 15144
1365 15149
1380 15154
.PEN_UP
.PEN_DOWN
1410 15232
1410 15232
1410 15232
1409 15232
1408 15225
1409 15214
1412 15201
1417 15189
1420 15178
1422 15169
1424 15161
1424 15158
1424 15155
1424 15154
1424 15154
1424 15159
1426 15171
1430 15184
1434 15199
1439 15214
1442 15222
1448 15231
1456 15238
1468 15242
1486 15244
.PEN_UP
