
.WRITER_ID Dave_Washburn
.STYLE MIXED

.PEN_DOWN
917 15718
939 15735
939 15736
911 15718
862 15688
810 15661
767 15639
742 15623
729 15613
729 15604
734 15598
751 15589
785 15578
824 15560
860 15537
873 15510
855 15475
820 15438
780 15410
745 15397
718 15397
702 15407
.PEN_UP
.PEN_DOWN
870 15468
858 15437
831 15383
797 15324
761 15263
740 15229
733 15218
753 15239
775 15280
806 15334
848 15397
897 15462
942 15511
967 15524
973 15510
963 15479
939 15448
908 15421
882 15403
862 15399
.PEN_UP
.PEN_DOWN
1008 15531
1010 15533
1012 15533
1017 15534
1021 15536
1022 15536
1024 15534
1026 15533
1026 15530
1027 15530
1028 15530
1030 15534
1032 15534
1033 15536
1034 15534
1035 15535
1035 15530
1031 15524
1022 15513
1006 15496
990 15475
977 15448
966 15427
961 15417
.PEN_UP
.PEN_DOWN
1043 15431
1048 15424
1050 15423
1052 15424
1053 15437
1052 15454
1048 15464
1046 15472
1045 15472
1045 15472
1048 15472
1059 15475
1076 15485
1099 15493
1119 15500
1137 15505
1146 15506
1146 15509
.PEN_UP
.PEN_DOWN
1198 15507
1205 15503
1212 15500
1214 15496
1212 15486
1203 15468
1189 15448
1176 15433
1165 15421
.PEN_UP
.PEN_DOWN
1333 15640
1338 15637
1338 15622
1327 15596
1303 15560
1274 15509
1243 15455
.PEN_UP
.PEN_DOWN
1375 15557
1376 15553
1355 15544
1318 15537
1281 15534
1254 15535
1235 15544
.PEN_UP
.PEN_DOWN
1166 15622
1168 15622
1172 15622
1175 15622
1177 15622
1174 15626
.PEN_UP
.PEN_DOWN
979 15620
988 15609
1002 15611
1017 15616
1023 15620
1023 15624
1013 15630
.PEN_UP
.PEN_DOWN
961 15241
986 15248
994 15249
993 15249
969 15235
926 15218
875 15200
837 15183
814 15166
806 15157
809 15150
828 15142
867 15136
909 15126
935 15105
936 15077
906 15046
864 15019
817 15001
777 14999
749 15012
.PEN_UP
.PEN_DOWN
1048 15259
1044 15238
1032 15207
1008 15160
975 15105
946 15053
924 15019
.PEN_UP
.PEN_DOWN
1033 15142
1033 15145
1022 15143
986 15136
951 15133
924 15132
.PEN_UP
.PEN_DOWN
1099 15157
1112 15156
1119 15155
1123 15150
1119 15143
1108 15128
1096 15112
1081 15091
1072 15067
1068 15046
1068 15033
1070 15033
1077 15042
1085 15054
1088 15070
1083 15081
1070 15091
1045 15094
1018 15091
999 15077
985 15064
982 15054
986 15047
1002 15039
1021 15036
1040 15036
1057 15040
1070 15048
1081 15057
.PEN_UP
.PEN_DOWN
1260 15283
1262 15280
1265 15270
1256 15245
1231 15204
1196 15145
1156 15085
1124 15033
1105 15001
.PEN_UP
.PEN_DOWN
1218 15152
1203 15149
1173 15135
1141 15125
1117 15119
.PEN_UP
.PEN_DOWN
1260 15100
1269 15097
1287 15091
1312 15097
1338 15105
1353 15115
1355 15122
1344 15128
1314 15126
1281 15118
1251 15101
1229 15078
1218 15061
1216 15046
1225 15030
1243 15019
1260 15016
1274 15019
.PEN_UP
.PEN_DOWN
1394 15040
1391 15032
1389 15030
1391 15033
1400 15050
1413 15078
1420 15097
1420 15108
1420 15109
1416 15105
1411 15100
1409 15097
1409 15097
1415 15102
1427 15115
1444 15125
1464 15136
1484 15145
1499 15146
1504 15145
1503 15133
1493 15115
1482 15095
1473 15078
1470 15073
1473 15073
1491 15080
1518 15098
1548 15119
1575 15135
1591 15142
1601 15140
1606 15135
1604 15126
1600 15115
1595 15101
1586 15084
1579 15063
1575 15043
1573 15030
.PEN_UP
.PEN_DOWN
1662 15112
1664 15101
1675 15090
1692 15091
1714 15095
1730 15104
1738 15112
1736 15122
1719 15125
1688 15122
1657 15112
1630 15094
1611 15074
1601 15053
1600 15033
1609 15016
1628 15008
1648 15008
.PEN_UP
.PEN_DOWN
1717 15022
1724 15012
1733 15012
1743 15019
1755 15036
1772 15064
1794 15091
1812 15108
1838 15121
1865 15122
1883 15118
1892 15103
1885 15077
1868 15046
1847 15013
1828 14991
1817 14981
1814 14982
.PEN_UP
.PEN_DOWN
2029 15265
2036 15259
2035 15239
2018 15200
1989 15143
1947 15075
1910 15013
1885 14971
1875 14957
.PEN_UP
.PEN_DOWN
2055 15122
2051 15129
2028 15133
1989 15132
1945 15125
1914 15128
1896 15136
.PEN_UP
.PEN_DOWN
842 14838
840 14836
819 14827
780 14813
731 14796
690 14779
664 14765
656 14751
656 14744
669 14738
698 14738
731 14738
765 14731
782 14717
791 14696
771 14666
746 14641
709 14621
680 14611
662 14610
649 14615
.PEN_UP
.PEN_DOWN
924 14858
930 14857
932 14850
926 14831
906 14802
873 14752
837 14694
802 14639
.PEN_UP
.PEN_DOWN
893 14724
899 14735
895 14741
862 14735
822 14728
788 14727
.PEN_UP
.PEN_DOWN
868 14646
870 14639
871 14635
877 14635
882 14638
888 14645
893 14656
893 14669
895 14680
899 14687
904 14693
917 14700
933 14707
950 14714
961 14720
970 14724
972 14724
970 14728
.PEN_UP
.PEN_DOWN
1016 14710
1028 14706
1044 14704
1061 14711
1079 14721
1086 14734
1086 14738
1075 14741
1050 14737
1024 14724
997 14706
975 14689
962 14673
963 14659
975 14648
995 14642
1013 14642
1030 14652
.PEN_UP
.PEN_DOWN
1109 14741
1110 14738
1112 14735
1114 14734
1121 14731
1134 14731
1154 14731
1172 14728
1180 14721
1180 14713
1174 14700
1165 14687
1150 14672
1137 14655
1132 14641
1132 14634
1138 14635
1148 14683
1126 14689
1096 14686
1069 14672
1053 14658
1045 14648
1044 14639
1055 14629
1072 14624
1090 14625
1112 14632
1134 14646
.PEN_UP
.PEN_DOWN
1194 14631
1197 14624
1203 14621
1205 14620
1209 14628
1212 14646
1212 14664
1212 14683
1216 14694
1219 14700
1223 14700
1230 14703
1243 14704
1257 14710
1272 14711
1282 14711
1289 14706
1289 14694
1285 14679
1282 14665
1285 14659
1303 14663
1329 14680
1357 14696
1387 14710
1415 14713
1436 14710
1447 14696
1450 14672
1444 14641
1437 14610
1434 14587
1433 14579
.PEN_UP
.PEN_DOWN
893 14474
899 14477
895 14474
857 14456
806 14433
758 14412
720 14394
695 14381
685 14371
685 14367
700 14361
726 14354
758 14346
791 14333
811 14315
811 14290
791 14264
756 14243
718 14227
687 14222
669 14227
661 14237
.PEN_UP
.PEN_DOWN
855 14333
855 14329
851 14320
833 14303
813 14285
803 14268
802 14258
814 14250
842 14247
871 14255
900 14271
920 14292
931 14312
933 14327
928 14333
.PEN_UP
.PEN_DOWN
935 14219
944 14213
950 14210
955 14211
966 14221
975 14237
977 14251
977 14268
975 14281
970 14289
968 14291
968 14291
968 14291
977 14292
997 14298
1021 14309
1042 14313
1054 14313
1056 14309
1050 14289
1039 14271
1033 14255
1030 14250
1035 14251
1063 14261
1091 14279
1118 14288
1138 14291
1152 14285
1157 14274
1154 14251
1146 14227
1137 14209
1130 14200
.PEN_UP
.PEN_DOWN
1286 14350
1292 14346
1291 14344
1278 14333
1257 14320
1240 14312
1234 14303
1234 14296
1247 14285
1281 14278
1316 14271
1331 14261
1331 14250
1307 14230
1275 14213
1247 14203
1229 14200
1214 14200
1208 14206
.PEN_UP
