
.WRITER_ID Frank_Tutone
.STYLE PRINTED
.PEN_DOWN
	276	1584
	275	1596
	275	1600
	275	1602
	275	1603
	275	1603
	275	1602
	275	1590
	272	1572
	264	1552
	251	1526
	241	1502
	234	1484
	230	1475
	232	1473
	238	1477
.PEN_UP
.PEN_DOWN
	288	1610
	286	1611
	288	1610
	292	1600
	298	1584
	301	1566
	305	1547
	308	1524
	310	1504
	311	1488
	313	1479
	313	1475
.PEN_UP
.PEN_DOWN
	249	1511
	245	1514
	246	1517
	256	1521
	273	1528
	294	1537
	316	1540
	334	1543
	346	1543
.PEN_UP
.PEN_DOWN
	473	1600
	473	1603
	473	1603
	472	1602
	473	1597
	472	1586
	468	1567
	464	1547
	462	1528
	461	1511
	462	1505
	462	1504
	462	1505
	463	1511
	461	1525
	461	1543
	461	1562
	463	1580
	466	1593
	472	1606
	481	1615
	494	1626
	508	1631
	521	1633
	532	1629
	538	1620
	541	1609
	538	1595
	530	1580
	519	1567
	511	1560
	508	1556
	508	1556
	508	1556
	515	1557
	523	1556
	534	1556
	541	1553
	548	1546
	551	1536
	549	1524
	541	1511
	530	1501
	520	1492
	509	1488
	500	1484
	491	1488
	483	1492
.PEN_UP
.PEN_DOWN
	751	1590
	755	1596
	760	1601
	761	1606
	765	1612
	764	1614
	760	1616
	749	1613
	734	1606
	719	1596
	707	1578
	698	1556
	696	1534
	700	1517
	713	1505
	734	1502
	756	1507
	775	1513
	790	1517
.PEN_UP
.PEN_DOWN
	919	1597
	920	1606
	922	1608
	922	1607
	924	1606
	925	1596
	927	1579
	926	1560
	925	1538
	923	1520
	922	1505
	921	1497
	920	1495
	921	1497
	920	1505
	920	1521
	925	1543
	932	1564
	939	1586
	947	1600
	954	1611
	964	1615
	973	1616
	986	1613
	995	1606
	999	1589
	997	1569
	987	1547
	970	1527
	954	1508
	938	1501
	927	1495
	921	1494
	920	1494
.PEN_UP
.PEN_DOWN
	1364	1609
	1366	1610
	1367	1610
	1367	1603
	1366	1590
	1364	1576
	1362	1557
	1356	1538
	1349	1515
	1347	1495
	1347	1484
	1349	1479
.PEN_UP
.PEN_DOWN
	1356	1593
	1358	1596
	1362	1599
	1373	1601
	1386	1601
	1401	1600
	1415	1600
	1427	1596
	1435	1593
.PEN_UP
.PEN_DOWN
	1355	1534
	1358	1533
	1366	1531
	1380	1531
	1394	1533
	1409	1534
	1427	1537
.PEN_UP
.PEN_DOWN
	1645	1603
	1646	1613
	1647	1616
	1645	1620
	1643	1622
	1638	1621
	1629	1620
	1617	1612
	1602	1600
	1585	1581
	1572	1557
	1566	1537
	1568	1520
	1578	1507
	1593	1502
	1610	1504
	1624	1509
	1634	1518
	1638	1529
	1638	1541
	1636	1553
	1632	1557
	1632	1561
	1632	1564
	1636	1565
	1647	1566
	1664	1564
	1680	1563
	1696	1561
	1709	1561
	1716	1560
	1720	1556
.PEN_UP
.PEN_DOWN
	258	1129
	257	1133
	256	1133
	257	1133
	257	1124
	258	1110
	254	1094
	251	1073
	247	1055
	246	1042
	245	1031
	245	1025
.PEN_UP
.PEN_DOWN
	298	1141
	299	1146
	299	1144
	303	1141
	307	1131
	309	1114
	306	1094
	303	1071
	300	1048
	297	1032
	297	1023
	299	1015
	300	1012
.PEN_UP
.PEN_DOWN
	241	1072
	240	1075
	242	1078
	256	1082
	273	1085
	290	1088
	307	1090
	319	1088
	331	1088
.PEN_UP
.PEN_DOWN
	498	1123
	496	1124
	496	1121
	496	1114
	496	1098
	490	1078
	485	1059
	483	1042
	485	1032
	487	1028
	488	1028
.PEN_UP
.PEN_DOWN
	449	1114
	448	1117
	449	1120
	458	1124
	471	1127
	487	1128
	500	1130
	513	1130
	523	1128
	533	1125
	538	1118
.PEN_UP
.PEN_DOWN
	455	1035
	456	1032
	461	1028
	472	1023
	488	1023
	503	1023
	518	1026
	528	1028
	537	1029
.PEN_UP
.PEN_DOWN
	729	1111
	731	1114
	734	1118
	736	1124
	741	1122
	745	1117
	747	1105
	746	1088
	744	1072
	736	1053
	727	1038
	715	1026
	708	1020
	703	1019
	696	1022
	689	1028
.PEN_UP
.PEN_DOWN
	685	1114
	684	1117
	685	1118
	692	1118
	706	1124
	723	1124
	741	1127
	759	1130
	776	1131
	789	1133
	802	1131
.PEN_UP
.PEN_DOWN
	953	1153
	952	1155
	952	1154
	950	1150
	948	1137
	946	1119
	944	1101
	939	1077
	934	1052
	928	1032
	927	1022
	927	1015
.PEN_UP
.PEN_DOWN
	933	1064
	932	1069
	936	1074
	948	1083
	965	1088
	981	1094
	993	1098
	999	1098
	1002	1098
.PEN_UP
.PEN_DOWN
	963	1086
	961	1084
	959	1076
	964	1068
	969	1055
	978	1042
	986	1035
	996	1026
	1004	1022
.PEN_UP
.PEN_DOWN
	1171	1150
	1173	1151
	1174	1154
	1173	1154
	1173	1154
	1171	1153
	1169	1144
	1165	1130
	1161	1111
	1152	1090
	1144	1069
	1140	1051
	1139	1042
	1141	1035
	1148	1032
	1163	1032
	1177	1035
	1190	1038
	1202	1039
	1212	1039
.PEN_UP
.PEN_DOWN
	1369	1119
	1371	1124
	1371	1124
	1372	1124
	1373	1121
	1374	1114
	1373	1101
	1366	1087
	1358	1071
	1351	1053
	1345	1038
	1341	1028
	1340	1025
	1340	1025
	1340	1023
	1341	1028
	1349	1035
	1355	1048
	1364	1065
	1373	1087
	1383	1108
	1392	1125
	1399	1134
	1403	1137
	1404	1137
	1407	1134
	1409	1124
	1409	1109
	1407	1097
	1403	1078
	1395	1059
	1388	1045
	1386	1039
	1385	1039
	1387	1042
	1394	1051
	1403	1065
	1413	1081
	1425	1101
	1435	1114
	1441	1118
	1442	1118
	1444	1114
	1445	1103
	1446	1092
	1448	1077
	1448	1064
	1446	1051
	1445	1042
	1445	1032
	1448	1027
.PEN_UP
.PEN_DOWN
	1581	1123
	1580	1128
	1580	1128
	1580	1131
	1580	1132
	1580	1131
	1580	1124
	1576	1105
	1570	1087
	1562	1065
	1555	1046
	1550	1029
	1549	1025
	1549	1024
	1549	1023
	1555	1029
	1561	1042
	1568	1055
	1577	1075
	1583	1097
	1589	1114
	1592	1124
	1593	1128
	1594	1128
	1594	1128
	1594	1128
	1594	1127
	1595	1114
	1595	1101
	1594	1085
	1594	1068
	1598	1053
	1602	1041
	1608	1038
	1615	1037
	1626	1039
	1636	1046
	1647	1059
	1660	1072
	1671	1084
	1677	1095
	1681	1106
	1684	1114
	1686	1120
	1686	1123
	1686	1124
	1691	1121
.PEN_UP
.PEN_DOWN
	297	642
	290	648
	288	648
	282	649
	273	645
	264	640
	254	629
	243	616
	234	599
	228	577
	229	563
	239	550
	258	544
	283	550
	307	560
	324	576
	333	591
	333	606
	327	623
	313	638
	300	648
	290	655
	285	652
.PEN_UP
.PEN_DOWN
	482	652
	481	655
	479	658
	476	655
	475	645
	473	632
	471	613
	470	593
	469	570
	468	553
	470	543
	470	540
	471	538
	471	544
	473	556
	474	573
	477	592
	481	615
	485	632
	491	645
	496	654
	505	661
	515	664
	526	664
	534	659
	539	651
	541	641
	541	628
	534	618
	528	612
	522	609
	515	606
	511	605
	504	606
.PEN_UP
.PEN_DOWN
	763	650
	760	655
	760	658
	757	661
	751	661
	742	655
	729	645
	714	628
	698	606
	686	580
	683	559
	690	543
	711	536
	738	541
	761	554
	780	573
	790	589
	791	605
	785	623
	771	642
	756	655
	747	664
	743	664
	738	658
.PEN_UP
.PEN_DOWN
	731	592
	730	592
	730	591
	735	584
	742	573
	751	559
	761	546
	773	536
	779	530
	785	527
.PEN_UP
.PEN_DOWN
	923	659
	922	664
	922	668
	922	668
	923	668
	923	664
	925	661
	926	648
	921	626
	914	600
	909	573
	907	553
	907	543
	908	542
	908	543
	910	553
	912	567
	914	586
	918	604
	922	623
	927	641
	931	655
	936	664
	938	668
	942	672
	946	674
	952	674
	959	671
	965	662
	969	649
	967	635
	959	618
	949	606
	942	599
	936	595
	931	592
	929	592
	928	592
	929	590
	935	586
	944	577
	954	567
	966	558
	976	550
	982	546
	987	543
	992	542
.PEN_UP
.PEN_DOWN
	1155	665
	1159	672
	1160	675
	1161	677
	1161	677
	1159	677
	1152	672
	1139	664
	1128	657
	1119	648
	1116	639
	1117	631
	1124	623
	1137	616
	1156	613
	1176	608
	1192	604
	1204	598
	1210	592
	1212	583
	1207	573
	1193	563
	1178	553
	1163	547
	1150	546
	1141	546
	1137	547
	1135	549
.PEN_UP
.PEN_DOWN
	1401	673
	1403	675
	1403	677
	1403	674
	1400	659
	1401	638
	1400	615
	1396	589
	1388	566
	1382	546
	1382	534
	1382	531
	1384	531
.PEN_UP
.PEN_DOWN
	1345	641
	1343	642
	1342	645
	1345	645
	1353	652
	1373	657
	1399	662
	1424	664
	1445	664
	1466	664
	1480	665
	1489	665
	1499	665
.PEN_UP
.PEN_DOWN
	1606	662
	1606	664
	1606	665
	1607	668
	1604	663
	1598	651
	1590	636
	1579	616
	1572	597
	1572	582
	1577	569
	1587	563
	1602	566
	1620	575
	1636	589
	1647	603
	1658	619
	1665	637
	1667	651
	1667	657
	1667	659
	1666	658
	1660	645
	1656	629
	1650	609
	1647	590
	1644	573
	1643	557
	1645	547
	1650	543
.PEN_UP
.PEN_DOWN
	237	169
	237	172
	238	176
	239	179
	240	180
	243	178
	244	176
	245	169
	245	160
	241	146
	235	130
	232	110
	230	93
	234	81
	241	75
	251	76
	268	87
	284	103
	296	119
	310	136
	325	154
	337	170
	348	181
	358	192
	363	196
	363	197
	365	197
	367	196
	371	192
	377	187
.PEN_UP
.PEN_DOWN
	449	167
	451	170
	455	173
	455	176
	455	176
	455	176
	455	169
	453	150
	447	131
	444	113
	443	98
	446	91
	453	91
	466	100
	478	114
	487	130
	492	137
	492	140
	492	140
	492	137
	489	126
	487	111
	490	94
	498	83
	510	75
	527	78
	543	90
	553	107
	558	121
	563	137
	563	153
	563	166
	563	169
	563	170
	565	170
	569	169
	578	163
.PEN_UP
.PEN_DOWN
	689	182
	686	186
	686	188
	686	190
	687	190
	691	189
	697	179
	704	164
	713	146
	723	129
	731	113
	739	99
	748	88
	753	85
	756	84
	758	87
.PEN_UP
.PEN_DOWN
	764	182
	762	181
	757	173
	749	158
	736	137
	717	111
	697	87
	681	68
	670	58
	666	52
	668	54
.PEN_UP
.PEN_DOWN
	927	182
	928	185
	929	186
	929	189
	928	190
	929	189
	929	189
	931	186
	935	179
	942	166
	949	149
	957	135
	964	122
	969	114
	972	111
	973	111
	974	113
.PEN_UP
.PEN_DOWN
	1006	179
	1006	179
	1006	182
	1006	183
	1005	183
	1006	182
	1003	173
	996	155
	986	131
	970	104
	954	77
	942	51
	931	26
	926	11
	927	5
	928	3
	935	12
.PEN_UP
.PEN_DOWN
	1139	176
	1137	179
	1135	182
	1133	183
	1133	183
	1132	183
	1135	181
	1148	183
	1167	183
	1185	180
	1200	176
	1210	170
	1214	164
	1212	156
	1201	140
	1185	124
	1169	110
	1153	97
	1145	87
	1142	84
	1144	81
	1150	77
	1163	75
	1175	75
	1189	75
	1203	77
	1215	78
	1225	81
	1233	81
	1240	84
	1245	85
	1251	87
.PEN_UP
