
.WRITER_ID Gary_Cunningham
.STYLE PRINTED
.PEN_DOWN
	273	1659
	272	1663
	272	1671
	272	1673
	272	1673
	274	1670
	280	1657
	287	1640
	294	1623
	299	1607
	304	1594
	309	1584
	313	1578
	317	1573
	320	1572
	324	1572
	329	1575
	335	1578
	343	1580
	356	1579
	368	1578
	380	1575
	391	1575
	401	1578
	409	1582
	414	1591
	416	1602
	416	1620
	410	1637
	403	1658
	395	1675
	388	1686
	381	1693
	377	1696
	375	1693
.PEN_UP
.PEN_DOWN
	689	1667
	689	1671
	684	1676
	668	1676
	650	1670
	631	1661
	618	1653
	611	1647
	610	1643
	615	1637
	631	1630
	654	1621
	683	1614
	709	1608
	727	1600
	733	1591
	735	1580
	724	1569
	706	1562
	681	1559
	658	1561
	638	1564
	620	1568
	608	1571
.PEN_UP
.PEN_DOWN
	895	1667
	899	1668
	906	1656
	913	1636
	918	1613
	922	1595
	929	1578
	933	1569
	936	1565
	936	1565
	936	1568
	937	1578
	936	1594
	936	1613
	938	1637
	942	1659
	946	1676
	951	1680
	959	1676
	975	1661
	989	1640
	1004	1618
	1022	1598
	1037	1582
	1050	1571
	1060	1564
	1065	1562
	1067	1564
	1067	1574
	1058	1590
	1043	1610
	1020	1627
	996	1633
	972	1637
	950	1636
	930	1633
	912	1627
.PEN_UP
.PEN_DOWN
	266	1378
	266	1384
	265	1386
	265	1386
	271	1375
	278	1357
	287	1336
	296	1317
	302	1304
	303	1297
	304	1294
	304	1293
	298	1300
	289	1310
	285	1324
	280	1346
	280	1365
	282	1379
	286	1388
	294	1388
	310	1380
	325	1363
	341	1343
	353	1327
	365	1315
	374	1306
	380	1301
	382	1300
	382	1300
	382	1303
	377	1312
	369	1323
	358	1330
	345	1336
	332	1340
	321	1340
	313	1339
.PEN_UP
.PEN_DOWN
	444	1350
	447	1346
	451	1330
	453	1314
	461	1300
	468	1290
	478	1284
	488	1280
	496	1280
	503	1284
	509	1297
	513	1313
	518	1333
	520	1352
	520	1363
	520	1366
	519	1368
	518	1366
	514	1360
.PEN_UP
.PEN_DOWN
	687	1378
	679	1379
	666	1373
	651	1361
	639	1350
	633	1342
	631	1340
	633	1337
	640	1333
	656	1333
	673	1330
	689	1327
	705	1320
	710	1314
	713	1306
	707	1297
	698	1290
	686	1284
	672	1284
	658	1284
	642	1284
.PEN_UP
.PEN_DOWN
	845	1386
	845	1388
	844	1384
	847	1369
	849	1349
	852	1330
	855	1316
	857	1304
	858	1296
	858	1290
	857	1287
	857	1287
.PEN_UP
.PEN_DOWN
	952	1369
	952	1369
	942	1368
	914	1364
	877	1356
	841	1352
	813	1349
	793	1349
	780	1349
	775	1349
	774	1346
.PEN_UP
.PEN_DOWN
	1053	1343
	1053	1343
	1055	1342
	1058	1333
	1060	1311
	1065	1297
	1067	1285
	1069	1277
	1070	1271
	1070	1271
	1070	1271
	1067	1275
	1064	1284
	1063	1294
	1064	1310
	1067	1323
	1073	1333
	1082	1343
	1095	1350
	1106	1354
	1119	1352
	1129	1350
	1136	1346
	1142	1342
	1148	1336
.PEN_UP
.PEN_DOWN
	1273	1352
	1267	1352
	1250	1342
	1237	1329
	1228	1316
	1226	1304
	1228	1297
	1232	1294
	1239	1294
	1245	1297
	1253	1306
	1261	1317
	1269	1329
	1274	1336
	1278	1334
	1284	1329
	1293	1317
	1302	1310
	1312	1303
	1323	1297
	1334	1294
	1346	1294
	1359	1294
	1370	1297
	1377	1301
	1382	1303
.PEN_UP
.PEN_DOWN
	1455	1434
	1457	1441
	1457	1441
	1465	1438
	1472	1418
	1478	1391
	1483	1363
	1487	1337
	1490	1316
	1492	1302
	1493	1291
	1493	1284
	1492	1281
	1491	1280
	1491	1280
	1489	1280
.PEN_UP
.PEN_DOWN
	1611	1372
	1611	1373
	1610	1373
	1609	1374
	1610	1373
	1613	1359
	1613	1339
	1613	1317
	1612	1301
	1611	1288
	1610	1278
	1610	1274
	1609	1271
	1609	1271
	1609	1271
	1607	1274
.PEN_UP
.PEN_DOWN
	1667	1440
	1657	1431
	1651	1422
	1648	1411
	1646	1401
.PEN_UP
.PEN_DOWN
	1764	1343
	1766	1346
	1766	1352
	1762	1356
	1754	1360
	1743	1360
	1730	1355
	1719	1342
	1713	1329
	1710	1317
	1713	1307
	1720	1298
	1729	1293
	1739	1293
	1748	1293
	1756	1301
	1764	1311
	1771	1324
	1776	1333
	1778	1336
	1778	1336
	1782	1327
	1786	1315
	1788	1303
	1793	1291
	1799	1284
	1806	1280
	1816	1276
	1825	1276
	1835	1278
	1846	1284
	1855	1288
	1859	1293
	1862	1295
.PEN_UP
.PEN_DOWN
	391	1073
	391	1075
	392	1075
	397	1068
	407	1045
	412	1017
	414	990
	419	971
	422	955
	425	945
	427	938
	429	935
	433	934
	442	934
	457	938
	474	942
	492	947
	513	955
	529	964
	541	972
	549	986
	552	1004
	551	1026
	549	1045
	546	1058
	541	1068
	537	1071
	532	1070
	527	1062
.PEN_UP
.PEN_DOWN
	634	994
	636	987
	636	974
	636	960
	636	945
	634	932
	636	925
	636	921
	638	918
.PEN_UP
.PEN_DOWN
	836	1069
	839	1069
	845	1058
	849	1033
	849	1004
	847	979
	846	957
	847	941
	848	928
	849	921
.PEN_UP
.PEN_DOWN
	946	1059
	946	1055
	939	1043
	920	1026
	895	1010
	873	999
	855	993
	845	987
	842	987
	841	986
	845	986
	862	981
	884	979
	909	975
	936	970
	956	964
	974	961
	983	957
	989	957
	991	955
.PEN_UP
.PEN_DOWN
	1050	981
	1052	970
	1056	955
	1060	941
	1066	930
	1073	922
	1080	917
	1086	911
.PEN_UP
.PEN_DOWN
	435	724
	433	713
	432	700
	437	687
	444	679
	450	674
	457	674
	466	680
	468	689
	467	700
	455	712
	437	719
	414	721
	392	715
	367	706
	344	687
	326	667
	316	650
	315	638
	320	625
	331	612
	351	605
	373	601
	399	601
	422	602
	439	604
	452	608
	461	608
	468	608
	474	608
.PEN_UP
.PEN_DOWN
	674	676
	664	673
	651	664
	633	650
	621	633
	616	618
	617	608
	625	602
	633	599
	646	599
	657	605
	667	615
	677	630
	685	643
	690	647
	690	647
	694	641
	699	630
	705	617
	709	608
	715	601
	722	598
	728	595
	735	594
.PEN_UP
.PEN_DOWN
	824	648
	827	637
	829	621
	830	611
	832	604
	834	601
	834	601
	836	605
	842	614
	845	627
	852	640
	864	657
	874	664
	885	666
	897	662
	908	651
	917	640
	925	630
	930	624
	936	617
	939	614
	940	612
	942	611
.PEN_UP
.PEN_DOWN
	1086	670
	1076	672
	1060	663
	1045	646
	1034	630
	1028	617
	1028	608
	1028	604
	1032	602
	1041	604
	1050	611
	1060	621
	1071	634
	1079	641
	1082	643
	1088	639
	1093	630
	1099	618
	1100	608
	1105	602
	1108	599
	1113	595
	1122	595
	1131	595
.PEN_UP
.PEN_DOWN
	1267	754
	1272	758
	1278	752
	1283	738
	1284	715
	1283	687
	1284	660
	1288	640
	1293	628
	1297	621
	1297	621
	1300	621
	1302	628
	1301	641
	1293	657
	1279	667
	1262	673
	1244	670
	1228	661
	1220	651
	1217	641
	1218	632
	1224	625
	1234	620
	1246	615
	1260	614
	1275	615
	1284	615
	1293	617
	1300	617
	1305	617
.PEN_UP
.PEN_DOWN
	1446	679
	1447	683
	1441	680
	1429	673
	1418	657
	1412	641
	1409	631
	1409	625
	1411	621
	1413	621
	1417	624
	1424	634
	1434	648
	1437	657
	1440	661
	1442	661
	1444	648
	1447	634
	1450	618
	1454	607
	1461	601
	1471	595
	1484	592
	1499	592
	1514	595
	1529	601
	1543	611
	1556	621
	1566	631
.PEN_UP
