
.WRITER_ID Gary_Cunningham
.STYLE PRINTED
.PEN_DOWN
	143	1735
	143	1738
	144	1741
	145	1743
	145	1745
	148	1747
	149	1748
	150	1748
	152	1747
	154	1743
	155	1733
	156	1718
	155	1699
	155	1683
	156	1669
	156	1660
	155	1656
	155	1653
	154	1653
	150	1657
	148	1666
	150	1679
	156	1696
	161	1714
	168	1728
	175	1735
	178	1738
	184	1734
	188	1724
	190	1709
	190	1695
	192	1683
	194	1676
	195	1673
	197	1672
	201	1673
	207	1680
	212	1692
	220	1705
	227	1718
	233	1725
	238	1731
	243	1731
	246	1729
	251	1728
	255	1721
	259	1712
	262	1702
	265	1689
	266	1676
	267	1667
	267	1659
	267	1653
	266	1647
	263	1644
	255	1640
.PEN_UP
.PEN_DOWN
	358	1725
	358	1725
	360	1721
	365	1714
	365	1698
	364	1682
	364	1667
	363	1657
	360	1653
	358	1650
	354	1651
	351	1656
	348	1662
	348	1672
	350	1683
	356	1696
	365	1707
	377	1716
	394	1722
	409	1725
	421	1725
	431	1723
	437	1719
	442	1712
	440	1702
.PEN_UP
.PEN_DOWN
	453	1663
	451	1669
	453	1670
	453	1673
	453	1676
	460	1676
	468	1678
	476	1676
	485	1672
	490	1666
	490	1660
	485	1653
	477	1650
	468	1649
	460	1649
	455	1653
	453	1656
	453	1660
	459	1666
	467	1669
	476	1670
	482	1669
	485	1667
	485	1659
.PEN_UP
