
.WRITER_ID Gary_Cunningham
.STYLE PRINTED
.PEN_DOWN
	315	1634
	317	1640
	319	1643
	322	1636
	330	1624
	336	1613
	342	1604
	343	1594
.PEN_UP
.PEN_DOWN
	188	1614
	190	1624
	195	1634
	211	1646
	240	1656
	285	1659
	339	1659
	396	1650
	449	1634
	487	1614
	504	1598
	500	1582
	476	1568
	435	1561
	391	1558
	350	1558
	316	1561
	296	1562
.PEN_UP
.PEN_DOWN
	658	1633
	662	1637
	664	1640
	662	1637
	656	1622
	651	1601
	648	1585
	654	1572
	668	1564
	686	1561
	705	1564
	719	1573
	728	1587
	729	1604
	716	1627
	696	1646
	673	1653
	649	1653
	631	1643
.PEN_UP
.PEN_DOWN
	925	1656
	924	1670
	929	1682
	946	1686
	969	1683
	992	1679
	1004	1669
	1010	1658
	1004	1647
	979	1640
	945	1637
	909	1633
.PEN_UP
.PEN_DOWN
	929	1644
	929	1645
	920	1636
	911	1620
	907	1604
	909	1591
	919	1582
	935	1574
	956	1572
	979	1572
	1000	1574
	1017	1578
	1030	1580
	1035	1581
.PEN_UP
.PEN_DOWN
	353	1379
	358	1376
	366	1355
	370	1326
	369	1300
	366	1277
	361	1262
	358	1254
	353	1248
	348	1248
.PEN_UP
.PEN_DOWN
	490	1363
	499	1356
	494	1346
	472	1339
	437	1330
	399	1324
	365	1323
	338	1317
	321	1316
	313	1314
	311	1311
.PEN_UP
.PEN_DOWN
	545	1434
	552	1435
	552	1434
	530	1425
	488	1412
	438	1399
	388	1389
	343	1379
	307	1376
	282	1375
	274	1375
.PEN_UP
.PEN_DOWN
	647	1330
	647	1333
	642	1336
	627	1329
	612	1316
	600	1297
	595	1278
	599	1264
	610	1255
	625	1251
	644	1252
	661	1261
	675	1273
	686	1290
	687	1313
	675	1330
	660	1342
	639	1347
	621	1342
	606	1337
.PEN_UP
.PEN_DOWN
	929	1375
	936	1372
	938	1359
	933	1337
	922	1313
	907	1291
	892	1273
	876	1261
	860	1252
.PEN_UP
.PEN_DOWN
	810	1327
	841	1316
	877	1307
	914	1297
	950	1284
	985	1277
	1017	1267
	1042	1257
	1059	1248
.PEN_UP
.PEN_DOWN
	554	1101
	550	1114
	530	1121
	498	1117
	457	1101
	416	1071
	380	1035
	356	1001
	345	974
	346	957
	357	946
	376	941
	395	944
	412	950
	427	964
	437	980
	444	1000
	449	1017
	453	1029
	458	1032
	466	1030
	482	1025
	496	1013
	507	1004
	513	993
	516	983
	516	977
	517	972
	518	964
	521	957
	524	948
	526	941
	527	935
	528	928
.PEN_UP
.PEN_DOWN
	679	1039
	677	1043
	674	1043
	666	1033
	659	1013
	656	991
	656	973
	659	960
	666	951
	671	947
	676	947
	683	953
	692	967
	700	983
	707	999
	709	1004
	713	1004
	719	1003
	728	994
	733	982
	739	973
	745	964
	747	960
	748	957
	748	957
	748	957
.PEN_UP
.PEN_DOWN
	801	1006
	809	1004
	819	996
	826	981
	830	971
	830	964
	830	961
	829	961
	826	964
	825	974
	826	987
	832	1005
	847	1026
	863	1043
	884	1051
	904	1052
	920	1052
	929	1049
	936	1042
.PEN_UP
.PEN_DOWN
	1117	1065
	1116	1072
	1106	1075
	1080	1066
	1050	1044
	1020	1017
	1004	990
	1002	970
	1010	955
	1030	945
	1056	941
	1084	941
	1114	945
	1138	951
	1153	954
	1161	954
.PEN_UP
.PEN_DOWN
	1270	1050
	1274	1057
	1276	1056
	1282	1046
	1286	1028
	1287	1007
	1288	987
	1287	971
	1287	956
	1284	948
	1283	941
	1283	937
.PEN_UP
.PEN_DOWN
	1368	1140
	1370	1131
	1370	1120
	1368	1114
	1361	1105
	1349	1098
.PEN_UP
.PEN_DOWN
	1461	1039
	1463	1049
	1461	1056
	1458	1065
	1450	1066
	1441	1056
	1431	1035
	1427	1016
	1427	1003
	1429	994
	1435	990
	1443	989
	1455	994
	1465	1003
	1474	1017
	1483	1032
	1487	1036
	1493	1035
	1501	1022
	1510	1002
	1517	984
	1527	971
	1537	964
	1547	958
	1560	958
	1575	960
	1589	964
	1603	971
	1614	977
.PEN_UP
.PEN_DOWN
	395	740
	397	745
	398	745
	397	728
	390	691
	376	648
	361	608
	351	585
	343	566
	337	556
	335	553
	336	553
.PEN_UP
.PEN_DOWN
	606	651
	596	657
	567	664
	519	664
	459	654
	399	644
	351	636
	321	632
	304	630
	296	625
.PEN_UP
.PEN_DOWN
	477	774
	488	755
	494	719
	490	674
	486	634
	485	599
	484	572
	483	553
	486	543
.PEN_UP
.PEN_DOWN
	778	668
	776	668
	768	656
	756	628
	748	601
	746	585
	748	575
	752	568
	761	568
	770	576
	782	589
	793	612
	803	629
	811	637
	817	637
	822	628
	827	614
	832	599
	836	591
	838	583
	841	579
	847	578
.PEN_UP
.PEN_DOWN
	908	634
	916	621
	922	608
	926	599
	931	594
	930	592
	931	595
	934	605
	940	616
	948	632
	962	652
	978	667
	993	670
	1008	664
	1020	652
	1029	634
	1037	617
	1043	605
	1045	595
	1047	589
	1048	584
.PEN_UP
.PEN_DOWN
	1259	706
	1267	710
	1267	713
	1260	712
	1244	703
	1222	689
	1206	679
	1200	673
	1202	667
	1213	663
	1237	657
	1262	653
	1287	647
	1304	637
	1310	625
	1306	613
	1292	601
	1271	591
	1247	582
	1230	577
	1219	576
.PEN_UP
.PEN_DOWN
	1370	666
	1371	689
	1379	702
	1392	710
	1409	710
	1422	703
	1428	696
	1426	680
	1414	665
	1396	653
	1379	641
	1366	633
	1358	627
.PEN_UP
.PEN_DOWN
	1346	667
	1353	667
	1362	663
	1370	651
	1377	638
	1385	630
	1396	621
	1409	617
	1424	614
	1439	612
	1448	612
	1452	612
	1450	611
.PEN_UP
.PEN_DOWN
	1450	676
	1458	670
	1467	657
	1473	638
	1477	624
	1480	617
	1482	615
	1482	616
	1483	627
	1485	641
	1489	661
	1496	686
	1508	710
	1521	723
	1534	724
	1546	712
	1558	689
	1569	661
	1577	640
	1582	625
	1586	612
	1592	602
.PEN_UP
