
.WRITER_ID Gary_Cunningham
.STYLE PRINTED
.PEN_DOWN
	474	1682
	483	1689
	492	1698
	500	1705
	509	1708
	512	1712
	515	1716
	514	1722
	505	1728
	488	1732
	464	1735
	437	1738
	406	1738
	373	1734
	343	1731
	317	1729
	295	1724
	278	1718
	265	1711
	255	1702
	248	1689
	244	1676
	240	1659
	239	1644
	238	1627
	239	1611
	242	1597
	246	1587
	253	1581
	263	1576
	275	1574
	289	1575
	306	1581
	322	1587
	335	1595
	345	1603
	350	1610
	352	1614
	350	1620
	343	1623
	330	1627
	319	1627
	309	1627
	304	1629
	303	1629
	304	1631
	315	1637
	332	1644
	351	1649
	370	1651
	387	1650
	402	1649
	412	1644
	419	1637
	422	1625
	425	1613
	422	1600
	418	1587
	414	1575
	411	1566
	408	1559
	407	1555
	405	1551
.PEN_UP
.PEN_DOWN
	595	1647
	589	1653
	582	1657
	573	1657
	562	1651
	548	1636
	539	1618
	537	1604
	539	1595
	543	1588
	548	1585
	554	1587
	563	1591
	571	1600
	577	1611
	582	1618
	584	1621
	587	1620
	591	1613
	598	1600
	604	1588
	608	1578
	612	1575
	616	1572
	617	1571
	620	1571
	624	1573
.PEN_UP
.PEN_DOWN
	715	1659
	712	1661
	707	1653
	707	1634
	705	1613
	708	1598
	715	1585
	722	1581
	732	1578
	742	1581
	752	1588
	761	1600
	768	1614
	773	1627
	776	1633
	776	1634
	778	1630
	782	1611
	785	1589
	791	1558
	799	1529
	806	1509
	806	1490
	802	1480
	796	1476
	785	1480
	772	1486
	762	1493
	755	1502
	754	1513
	760	1526
	774	1539
	792	1545
	812	1545
	832	1542
	850	1535
	866	1526
	879	1520
	888	1513
	895	1507
.PEN_UP
.PEN_DOWN
	950	1721
	951	1722
	953	1725
	954	1719
	957	1705
	957	1679
	955	1650
	953	1624
	950	1604
	948	1591
	946	1581
	946	1576
	945	1574
	947	1574
.PEN_UP
.PEN_DOWN
	1050	1641
	1043	1657
	1048	1670
	1058	1680
	1073	1683
	1097	1679
	1116	1668
	1125	1661
	1124	1650
	1112	1640
	1088	1634
	1058	1631
	1021	1630
.PEN_UP
.PEN_DOWN
	1045	1656
	1047	1646
	1050	1633
	1051	1618
	1056	1605
	1063	1595
	1075	1587
	1094	1582
	1116	1578
	1140	1578
	1155	1578
	1163	1581
	1165	1582
	1157	1585
.PEN_UP
.PEN_DOWN
	338	1408
	337	1418
	336	1415
	331	1404
	328	1375
	319	1340
	310	1303
	302	1271
	295	1252
	290	1237
	287	1231
	287	1229
	286	1231
.PEN_UP
.PEN_DOWN
	470	1303
	466	1307
	450	1314
	421	1315
	382	1314
	341	1309
	302	1306
	274	1303
	254	1301
	242	1297
	238	1294
.PEN_UP
.PEN_DOWN
	419	1419
	423	1414
	429	1395
	423	1356
	414	1317
	403	1284
	397	1255
	390	1232
	386	1218
	386	1212
.PEN_UP
.PEN_DOWN
	628	1329
	625	1335
	612	1339
	595	1333
	569	1314
	547	1287
	537	1262
	537	1244
	542	1235
	550	1229
	559	1229
	572	1241
	586	1255
	599	1277
	610	1297
	617	1303
	621	1302
	626	1292
	629	1277
	632	1262
	634	1251
	636	1242
	636	1239
	638	1238
	642	1239
.PEN_UP
.PEN_DOWN
	849	1421
	853	1427
	855	1428
	855	1424
	852	1405
	843	1375
	832	1333
	819	1297
	808	1271
	800	1251
	796	1238
	793	1233
	793	1232
	793	1235
.PEN_UP
.PEN_DOWN
	989	1343
	989	1346
	987	1350
	978	1346
	963	1329
	948	1303
	940	1281
	937	1267
	937	1261
	938	1257
	944	1255
	953	1262
	964	1275
	977	1291
	989	1310
	995	1316
	1000	1314
	1009	1300
	1013	1281
	1019	1267
	1026	1257
	1034	1252
	1043	1249
	1053	1250
	1064	1252
	1074	1258
	1086	1264
.PEN_UP
.PEN_DOWN
	332	1075
	332	1081
	335	1082
	336	1077
	336	1059
	330	1029
	320	999
	310	968
	303	947
	299	931
	296	921
	295	915
	294	915
	293	911
.PEN_UP
.PEN_DOWN
	511	999
	511	999
	493	999
	457	994
	413	986
	365	977
	326	973
	298	973
	280	971
	273	973
	274	973
.PEN_UP
.PEN_DOWN
	427	1091
	433	1081
	435	1056
	429	1017
	414	979
	403	948
	395	924
	389	908
	387	899
.PEN_UP
.PEN_DOWN
	623	990
	632	1000
	644	1013
	659	1019
	679	1017
	692	1013
	696	1005
	692	995
	677	984
	653	977
	629	970
	608	964
	591	960
.PEN_UP
.PEN_DOWN
	630	1002
	627	1003
	620	996
	611	980
	604	964
	603	948
	604	937
	610	928
	621	922
	638	921
	660	922
	685	928
	707	935
	722	937
	730	938
	731	938
.PEN_UP
.PEN_DOWN
	817	1000
	819	1001
	821	1003
	824	997
	824	984
	821	964
	819	948
	819	932
	817	924
	817	918
	815	914
	814	915
.PEN_UP
.PEN_DOWN
	834	1094
	834	1092
	839	1091
	842	1079
	842	1068
	842	1056
	836	1045
.PEN_UP
.PEN_DOWN
	1050	1046
	1052	1056
	1053	1065
	1052	1066
	1052	1066
	1051	1058
	1049	1039
	1043	1013
	1036	984
	1028	957
	1023	934
	1019	919
	1015	912
	1015	908
	1015	908
	1014	912
	1011	922
	1007	937
	996	957
	982	970
	965	974
	948	974
	937	970
	928	960
	928	948
	933	937
	944	928
	960	924
	979	922
	1001	922
	1022	924
	1039	928
	1051	928
	1060	928
	1066	925
.PEN_UP
.PEN_DOWN
	1174	996
	1183	999
	1186	1000
	1191	997
	1193	986
	1192	964
	1189	941
	1187	925
	1185	915
	1183	906
	1181	903
	1181	902
	1183	906
.PEN_UP
.PEN_DOWN
	1218	1101
	1220	1101
	1222	1101
	1224	1087
	1221	1068
	1215	1052
	1206	1038
	1196	1026
.PEN_UP
.PEN_DOWN
	407	685
	408	687
	412	680
	412	657
	401	621
	386	585
	374	559
	367	542
	364	530
	360	526
	360	527
.PEN_UP
.PEN_DOWN
	507	594
	519	588
	522	579
	509	568
	479	559
	440	548
	396	540
	360	533
	336	532
	321	532
	313	533
	310	533
	311	534
.PEN_UP
.PEN_DOWN
	576	759
	593	762
	595	761
	589	755
	554	739
	498	719
	429	702
	364	686
	314	674
	278	666
	257	663
	251	660
.PEN_UP
.PEN_DOWN
	706	644
	709	653
	709	658
	702	663
	690	662
	670	647
	653	624
	645	605
	644	592
	649	585
	657	581
	668	582
	680	589
	692	599
	705	615
	714	630
	717	630
	720	627
	722	614
	720	598
	719	585
	718	575
	720	569
	720	568
	723	566
	731	566
.PEN_UP
.PEN_DOWN
	832	639
	836	626
	840	610
	843	594
	843	585
	843	579
	843	578
	845	579
	851	589
	860	603
	871	624
	890	651
	911	673
	927	680
	944	675
	961	664
	973	643
	980	618
	982	599
	982	582
	983	572
	982	563
.PEN_UP
