.INCLUDE pri/pri.doc
.WRITER_ID 0

.DATE 9 30 94


.DT 985                                                         

.PEN_UP
	318 5142
	318 5139
	318 5134
	320 5133
	327 5133
	333 5132
	340 5132
	347 5135
	355 5133
	363 5124
	373 5109
	383 5097
	392 5077
	402 5055
	409 5028
	414 5004
	420 4982
	424 4962
	429 4943
	434 4926
	437 4912
	441 4900
	443 4891
	448 4884
	455 4878
	461 4875
	468 4874
	475 4874
	482 4874
	490 4876
	495 4879
	500 4882
	505 4884
	509 4888
	512 4889
	516 4890
	518 4893
	520 4895
	521 4896
	523 4898
	523 4899
	523 4901
	523 4901
	523 4901
	521 4901
	518 4900
	517 4899
	515 4896
	513 4893
	512 4892
	510 4889
	508 4884
	506 4881
	504 4878
	502 4873
	501 4869
	501 4866
	501 4862
	500 4858
.PEN_DOWN
	497 4849
	495 4849
	493 4847
	492 4846
	492 4846
	491 4846
	491 4846
	491 4846
	491 4846
	491 4846
	492 4849
	494 4853
	497 4858
	500 4864
	504 4871
	508 4880
	514 4889
	521 4899
	528 4910
	536 4925
	545 4941
	553 4957
	562 4972
	571 4989
	581 5005
	590 5020
	600 5035
	609 5050
	617 5063
	624 5077
	629 5088
	633 5096
	636 5104
	640 5109
	642 5113
	644 5114
	645 5116
	647 5114
	648 5109
	648 5099
	648 5085
	648 5067
	645 5049
	644 5028
	641 5006
	637 4985
	635 4965
	633 4947
	632 4932
	632 4918
	633 4907
	633 4897
	636 4891
	641 4887
.PEN_UP
	646 4885
	669 4887
	670 4890
	671 4893
	671 4898
	670 4903
	667 4907
	661 4911
	656 4915
	649 4921
	641 4924
	632 4924
	624 4924
	614 4924
.PEN_DOWN
	578 4917
	576 4915
	575 4914
	574 4913
	575 4913
	578 4914
	583 4915
	592 4917
	603 4922
	617 4927
	632 4933
	648 4941
	665 4951
	682 4962
	697 4974
	711 4986
	723 4997
	733 5008
	741 5018
	748 5028
	753 5038
	756 5047
	759 5055
	759 5061
	759 5066
	759 5071
	758 5073
	758 5075
	756 5075
	753 5073
	751 5068
	749 5061
	746 5050
	744 5036
	743 5017
	741 4995
	741 4974
	741 4953
	741 4933
	743 4914
	748 4898
	753 4885
	760 4876
	769 4870
	778 4870
	789 4874
	800 4882
	812 4894
	823 4909
	834 4928
	844 4948
	853 4971
	861 4995
	868 5018
	876 5039
	883 5057
	888 5071
	893 5080
	897 5089
	898 5093
	898 5093
	897 5089
	893 5078
	888 5062
	883 5042
	879 5020
	875 4999
	874 4979
	874 4961
	877 4945
	882 4929
	889 4915
	897 4905
	908 4897
	921 4891
.PEN_UP
	935 4889
	997 4881
	998 4882
	1000 4884
	1001 4885
	1004 4887
	1008 4891
	1018 4899
	1029 4913
	1039 4937
	1044 4969
	1047 5009
.PEN_UP
	1308 5495
	1312 5477
	1315 5445
	1315 5405
	1316 5363
	1314 5319
	1311 5278
	1311 5240
	1310 5204
	1310 5177
	1310 5150
	1311 5124
	1313 5099
	1312 5080
	1312 5064
	1308 5048
	1305 5029
	1300 5015
	1295 5004
	1289 4990
	1281 4978
	1273 4971
	1267 4963
	1260 4958
	1253 4952
	1245 4948
	1239 4948
	1232 4948
	1225 4949
	1219 4949
	1213 4948
	1208 4952
	1205 4953
	1202 4955
	1201 4960
	1201 4964
	1202 4969
	1204 4975
	1205 4981
	1208 4989
	1211 4997
	1213 5003
	1216 5011
	1219 5017
	1222 5022
	1225 5027
	1227 5031
	1229 5036
	1231 5039
	1233 5042
	1235 5044
	1238 5047
	1240 5052
	1242 5054
	1245 5057
	1248 5060
	1252 5063
	1255 5066
	1258 5067
	1261 5068
	1263 5068
.PEN_DOWN
	1267 5066
	1267 5066
	1267 5066
	1267 5063
	1267 5062
	1267 5059
	1266 5054
	1263 5048
	1261 5042
	1258 5032
	1254 5020
	1250 5009
	1245 4997
	1241 4981
	1237 4967
	1233 4954
	1231 4941
	1230 4930
	1230 4920
	1231 4910
	1234 4901
	1238 4894
	1244 4889
	1251 4886
	1259 4884
	1269 4884
	1280 4888
.PEN_UP
	1291 4892
	1334 4917
	1334 4920
	1334 4924
	1334 4927
	1333 4932
	1330 4938
	1326 4944
	1321 4951
	1314 4957
	1306 4962
	1296 4967
	1286 4970
	1274 4975
	1262 4976
	1252 4979
.PEN_DOWN
	1205 4985
	1201 4982
	1198 4981
	1195 4981
	1193 4981
	1193 4980
	1193 4980
	1197 4982
	1204 4982
	1212 4981
	1224 4981
	1239 4981
	1254 4980
	1270 4979
	1286 4979
	1302 4980
	1318 4982
	1334 4983
	1349 4987
	1363 4991
.PEN_UP
	1377 4997
	1419 5019
	1421 5022
	1422 5027
	1423 5033
	1423 5041
	1424 5048
	1423 5056
	1422 5065
	1420 5074
	1417 5083
	1414 5091
	1412 5098
	1410 5103
	1407 5107
	1404 5110
.PEN_DOWN
	1393 5125
	1393 5123
	1393 5121
	1393 5120
	1393 5120
	1392 5120
	1392 5119
	1392 5118
	1392 5116
	1392 5113
	1393 5109
	1393 5105
	1394 5100
	1395 5094
	1396 5086
	1396 5077
	1396 5068
	1396 5057
	1396 5043
	1395 5029
	1393 5015
	1390 4997
	1387 4980
	1384 4964
	1381 4948
	1378 4933
	1376 4921
	1374 4912
	1372 4904
	1371 4898
	1371 4895
	1371 4892
	1372 4893
	1376 4897
	1381 4903
	1389 4914
	1399 4926
	1409 4937
	1419 4947
	1427 4955
	1434 4960
	1440 4964
	1444 4966
	1447 4968
	1449 4970
	1451 4968
	1451 4964
	1450 4958
	1449 4952
	1446 4945
	1445 4938
	1443 4930
	1443 4921
	1443 4913
	1444 4906
	1446 4900
	1450 4893
	1456 4887
	1462 4881
	1470 4877
	1479 4874
	1489 4873
	1499 4873
	1510 4874
	1521 4877
	1532 4883
	1543 4889
	1552 4896
	1560 4903
	1567 4912
	1574 4920
	1578 4930
	1581 4939
	1584 4947
	1585 4954
	1585 4962
	1585 4966
	1584 4971
	1584 4975
	1583 4980
	1580 4983
	1578 4984
	1576 4986
	1573 4986
	1570 4985
	1566 4982
	1562 4980
	1558 4975
	1555 4969
	1551 4963
	1549 4955
	1547 4947
	1546 4940
	1545 4932
	1545 4922
	1546 4913
	1547 4905
	1549 4898
	1552 4890
	1555 4884
	1559 4880
	1564 4875
	1568 4872
	1574 4871
	1580 4871
	1586 4872
	1593 4876
	1600 4880
	1607 4886
	1615 4892
	1621 4900
	1629 4909
	1636 4917
	1643 4925
	1649 4931
	1657 4938
	1664 4944
	1671 4949
	1677 4952
	1682 4955
	1687 4956
	1692 4954
	1696 4951
	1700 4948
	1703 4943
	1704 4939
	1704 4933
	1704 4926
	1702 4918
	1700 4910
	1695 4901
	1691 4893
	1686 4887
	1681 4881
	1677 4876
	1674 4872
	1671 4870
	1669 4868
	1669 4866
	1670 4866
	1675 4867
	1681 4868
	1689 4870
	1699 4872
	1709 4876
	1720 4880
	1732 4886
	1743 4892
	1754 4898
	1765 4904
	1775 4911
	1785 4917
	1793 4922
	1801 4930
	1808 4936
	1813 4943
	1817 4948
	1819 4952
	1821 4956
	1822 4959
	1822 4961
	1821 4962
	1819 4963
	1815 4963
	1810 4961
	1803 4957
	1796 4951
	1789 4942
	1783 4934
	1777 4923
	1773 4914
	1771 4904
	1771 4894
	1772 4886
	1775 4877
	1782 4869
	1790 4863
	1801 4859
	1813 4857
	1826 4857
.PEN_UP
	1839 4857
	1884 4866
	1886 4866
	1888 4868
	1890 4870
	1891 4872
	1894 4876
	1899 4886
	1905 4898
	1914 4909
	1919 4926
	1925 4953
.DT 525                                                         

.PEN_UP
	2275 4963
	2273 4959
	2269 4956
	2263 4953
	2255 4945
	2245 4937
	2233 4933
	2222 4927
	2211 4920
	2200 4913
	2188 4906
	2177 4902
	2166 4898
	2155 4892
	2144 4886
	2133 4881
	2122 4881
	2112 4880
	2105 4879
	2099 4879
	2094 4879
	2090 4880
	2088 4882
	2086 4883
	2083 4886
	2083 4891
	2083 4896
	2083 4902
	2083 4907
	2084 4913
	2086 4918
	2088 4923
	2091 4929
	2094 4934
	2098 4939
	2101 4942
	2105 4947
	2109 4950
	2113 4954
	2118 4956
	2122 4959
	2127 4962
	2130 4963
	2133 4967
	2137 4969
	2140 4971
	2143 4974
	2147 4975
	2149 4977
	2152 4977
.PEN_DOWN
	2160 4972
	2159 4972
	2158 4974
	2155 4973
	2153 4972
	2150 4972
	2147 4971
	2143 4968
	2138 4967
	2133 4965
	2127 4960
	2120 4954
	2113 4947
	2105 4939
	2098 4930
	2091 4921
	2086 4911
	2081 4902
	2077 4893
	2076 4885
	2076 4879
	2077 4873
	2080 4869
	2085 4868
	2091 4868
	2099 4870
	2107 4874
	2116 4880
	2125 4887
	2134 4897
	2142 4905
	2150 4914
	2155 4925
	2160 4935
	2163 4945
	2166 4954
	2168 4962
	2168 4966
	2168 4970
	2168 4973
	2168 4976
	2167 4976
	2166 4973
	2164 4969
	2162 4964
	2160 4955
	2159 4947
	2159 4938
	2159 4929
	2160 4920
	2162 4912
	2166 4905
	2169 4899
	2173 4894
	2179 4890
	2186 4886
	2193 4884
	2202 4883
	2211 4885
	2221 4887
	2232 4891
	2242 4897
	2253 4904
	2264 4911
	2274 4918
	2283 4928
	2292 4937
	2300 4945
	2307 4950
	2313 4955
	2318 4959
	2323 4964
	2327 4967
	2330 4968
	2333 4970
	2336 4972
	2338 4972
	2341 4972
	2344 4972
	2346 4972
	2349 4969
	2352 4966
	2355 4963
	2357 4959
	2359 4953
	2360 4947
	2361 4940
	2361 4933
	2361 4924
	2361 4914
	2361 4905
	2360 4894
	2358 4883
	2356 4873
	2354 4865
	2352 4857
	2351 4852
	2350 4849
	2350 4845
	2350 4845
	2350 4847
	2351 4853
	2354 4860
	2359 4869
	2364 4881
	2370 4890
	2377 4900
	2383 4912
	2391 4922
	2398 4932
	2405 4940
	2412 4947
	2419 4954
	2425 4961
	2430 4965
	2435 4968
	2439 4972
	2443 4975
	2446 4975
	2449 4974
	2451 4975
	2454 4975
	2457 4974
	2460 4973
	2462 4973
	2465 4971
	2468 4969
	2471 4967
	2474 4967
	2476 4963
	2479 4959
	2481 4955
	2484 4950
	2485 4943
	2487 4937
	2488 4929
	2488 4921
	2488 4913
	2487 4904
	2485 4897
	2482 4889
	2479 4883
	2477 4879
	2475 4875
	2473 4872
	2473 4870
	2473 4872
	2475 4876
	2478 4881
	2483 4889
	2490 4896
	2499 4903
	2509 4911
	2520 4919
	2531 4926
	2543 4933
	2555 4938
	2565 4945
	2575 4952
	2584 4956
	2592 4959
	2599 4961
	2604 4966
	2608 4967
	2610 4967
	2611 4969
	2611 4969
	2611 4965
	2608 4960
	2604 4955
	2599 4946
	2592 4939
	2587 4930
	2582 4921
	2580 4912
	2579 4903
	2580 4896
	2582 4891
	2586 4887
	2591 4885
	2598 4885
	2605 4887
	2614 4891
	2622 4898
	2629 4906
	2636 4915
	2641 4925
	2645 4934
	2647 4943
	2648 4951
	2648 4958
	2648 4961
	2648 4965
	2647 4967
	2645 4967
	2644 4966
	2643 4963
	2643 4959
	2643 4953
	2643 4945
	2644 4938
	2646 4928
	2648 4919
	2650 4912
	2653 4904
	2657 4897
	2661 4893
	2667 4890
	2672 4888
	2678 4888
	2683 4891
	2690 4894
	2697 4899
	2703 4905
	2710 4913
	2717 4921
	2724 4930
	2730 4938
	2737 4944
	2742 4949
	2747 4955
	2753 4961
	2758 4964
	2762 4965
	2766 4965
	2770 4965
	2773 4962
	2776 4956
	2777 4949
	2777 4941
	2777 4932
	2776 4922
	2774 4914
	2772 4905
	2770 4897
	2768 4891
	2767 4887
	2767 4884
	2767 4884
	2768 4887
	2771 4892
	2774 4897
	2779 4905
	2785 4914
	2792 4923
	2799 4933
	2805 4942
	2812 4947
	2816 4953
	2821 4957
	2824 4960
	2826 4961
	2829 4961
	2831 4961
	2833 4958
	2834 4952
	2835 4946
	2835 4939
	2835 4931
	2835 4922
	2835 4913
	2835 4904
	2837 4896
	2839 4888
	2843 4882
	2848 4877
	2853 4872
	2859 4869
	2866 4867
	2873 4867
	2882 4868
	2891 4872
	2900 4877
	2910 4883
	2920 4889
	2929 4896
	2938 4903
	2947 4910
	2956 4917
	2964 4925
	2972 4932
	2979 4939
	2984 4946
	2989 4952
	2992 4955
	2995 4957
	2997 4960
	2997 4961
	2997 4961
	2996 4958
	2994 4951
	2991 4944
	2987 4936
	2983 4927
	2980 4919
	2978 4912
	2977 4907
	2977 4902
	2977 4901
	2979 4901
	2981 4902
	2984 4905
	2988 4911
	2991 4917
	2994 4922
	2997 4930
	2999 4935
	2999 4940
	3000 4945
	3001 4951
	3002 4953
	3003 4953
	3004 4956
	3006 4958
	3008 4958
	3010 4957
	3013 4954
	3017 4950
	3021 4946
	3024 4939
	3028 4932
	3030 4924
	3032 4914
	3032 4903
	3032 4890
	3032 4877
	3030 4862
	3027 4846
	3022 4829
	3016 4811
	3008 4795
	2999 4779
	2990 4766
	2980 4752
	2970 4743
	2961 4736
	2951 4733
	2942 4731
	2935 4730
	2930 4732
	2926 4735
	2925 4740
	2925 4744
	2929 4750
	2934 4756
	2941 4764
	2951 4771
	2961 4778
	2972 4786
	2984 4795
	2997 4804
	3011 4813
	3024 4823
	3037 4832
	3049 4841
	3060 4850
	3070 4859
	3080 4868
	3089 4876
	3097 4885
	3105 4894
	3111 4903
	3117 4911
	3122 4920
	3127 4930
	3130 4939
	3132 4945
	3133 4952
	3133 4958
	3133 4963
	3131 4967
	3128 4967
	3123 4967
	3118 4964
	3112 4961
	3105 4955
	3097 4948
	3090 4939
	3084 4930
	3079 4919
	3075 4909
	3073 4898
	3072 4889
	3074 4880
	3076 4871
	3080 4864
	3086 4858
	3094 4855
	3103 4853
	3113 4853
	3123 4853
	3133 4856
	3144 4862
	3154 4868
	3164 4876
	3174 4884
	3183 4892
	3192 4901
	3200 4911
	3209 4920
	3217 4933
	3223 4943
	3229 4953
	3235 4961
	3240 4970
	3244 4977
	3248 4983
	3252 4987
	3255 4989
	3258 4990
	3260 4991
	3262 4991
	3264 4991
	3266 4988
	3268 4982
	3269 4975
	3269 4969
	3269 4960
	3269 4951
	3268 4941
	3265 4931
	3262 4920
	3260 4908
	3256 4897
	3254 4887
	3253 4879
	3251 4874
	3250 4870
	3250 4869
	3252 4869
	3255 4872
	3259 4878
	3265 4887
	3271 4897
	3278 4910
	3285 4923
	3293 4937
	3300 4949
	3307 4958
	3314 4965
	3319 4972
	3324 4977
	3327 4979
	3330 4979
	3334 4974
	3335 4966
	3336 4958
	3336 4950
	3335 4941
	3335 4933
	3335 4925
	3334 4920
	3334 4916
	3334 4914
	3336 4914
	3339 4916
	3344 4921
	3350 4929
	3356 4937
	3363 4945
	3369 4952
	3375 4957
	3380 4963
	3383 4966
	3386 4969
	3389 4969
	3391 4968
	3392 4965
	3393 4960
	3393 4954
	3393 4948
	3393 4942
	3393 4936
	3395 4928
	3397 4922
	3400 4917
	3404 4912
	3409 4908
	3414 4906
	3417 4895
	3442 4913
	3447 4912
	3453 4913
	3460 4913
	3467 4914
	3475 4917
	3484 4925
	3494 4931
	3503 4938
	3511 4944
	3519 4951
	3526 4961
	3532 4968
	3537 4975
	3539 4983
	3540 4990
	3540 4997
	3540 5002
	3539 5007
	3537 5010
	3534 5012
	3530 5013
	3527 5013
	3522 5010
	3517 5005
	3512 4999
	3506 4993
	3501 4986
	3497 4977
	3492 4968
	3489 4958
	3486 4949
	3484 4939
	3483 4930
	3483 4919
	3483 4909
	3483 4901
	3484 4893
	3485 4887
	3488 4882
	3492 4879
	3496 4877
	3502 4877
	3507 4879
	3513 4882
	3519 4887
	3526 4893
	3533 4900
	3541 4906
	3549 4915
	3558 4924
	3567 4932
	3575 4939
	3583 4947
	3590 4951
	3596 4954
	3600 4957
	3604 4958
	3607 4957
	3610 4952
	3611 4948
	3612 4940
	3612 4933
	3611 4925
	3609 4917
	3607 4910
	3605 4903
	3604 4898
	3603 4895
	3603 4894
	3604 4895
	3607 4900
	3611 4905
	3616 4912
	3623 4921
	3629 4929
	3634 4935
	3639 4941
	3643 4947
	3646 4949
	3648 4949
	3650 4950
	3651 4949
	3651 4946
	3651 4942
	3651 4937
	3651 4932
	3651 4926
	3651 4920
	3652 4914
	3654 4909
	3655 4904
	3657 4901
	3660 4897
	3664 4895
	3668 4893
	3673 4890
	3678 4889
	3683 4889
	3689 4891
	3695 4894
	3702 4898
	3709 4902
	3717 4909
	3725 4915
	3733 4922
	3740 4931
	3747 4943
	3754 4953
	3761 4964
	3768 4977
	3775 4989
	3781 5004
	3787 5019
	3793 5035
	3798 5051
	3803 5067
	3808 5081
	3812 5093
	3815 5103
	3818 5113
	3819 5121
	3820 5127
	3822 5131
	3823 5134
	3823 5135
	3823 5135
	3822 5131
	3820 5125
	3816 5116
	3813 5106
	3808 5093
	3802 5079
	3796 5063
	3790 5047
	3784 5028
	3779 5012
	3774 4994
	3771 4979
	3769 4964
	3767 4951
	3767 4939
	3767 4929
	3769 4919
	3772 4911
	3777 4907
	3783 4904
	3790 4903
	3798 4905
	3806 4906
	3815 4909
	3822 4913
	3825 4910
.PEN_UP
	3858 4948
	3859 4951
	3860 4956
	3860 4961
	3860 4970
	3860 4978
	3859 4987
	3858 4994
	3856 5001
	3852 5009
	3849 5015
	3844 5020
	3837 5025
	3829 5031
	3820 5036
	3809 5039
	3798 5041
	3785 5044
	3773 5047
	3762 5050
.PEN_DOWN
	3727 5062
	3727 5061
	3727 5060
	3730 5059
	3734 5059
	3741 5058
	3750 5058
	3761 5057
	3773 5058
	3785 5058
	3798 5058
	3809 5059
	3819 5059
	3829 5059
	3825 5052
.PEN_UP
	3862 5052
	3862 5052
	3862 5051
	3862 5049
	3863 5047
	3863 5044
	3863 5040
	3862 5036
	3860 5030
	3857 5024
	3854 5018
	3850 5011
	3846 5004
	3841 4997
	3836 4992
	3831 4986
	3825 4979
	3819 4972
	3814 4968
	3808 4962
	3804 4956
	3813 4960
.PEN_DOWN
	3792 4927
	3793 4928
	3795 4928
	3798 4928
	3802 4928
	3807 4931
	3814 4932
	3821 4934
	3829 4939
	3837 4946
	3845 4951
	3854 4959
	3862 4964
	3871 4972
	3879 4980
	3887 4985
	3894 4993
	3901 4998
	3908 5003
	3913 5007
	3918 5012
	3922 5012
	3925 5012
	3929 5011
	3932 5008
	3934 5001
	3936 4994
	3938 4984
	3939 4974
	3939 4961
	3939 4949
	3937 4938
	3934 4925
	3930 4913
	3924 4902
	3917 4892
	3910 4884
	3902 4876
	3894 4872
	3885 4870
	3876 4870
.PEN_UP
	3841 4872
	3839 4873
	3835 4875
	3831 4876
	3826 4876
	3820 4876
	3816 4876
	3811 4876
.PEN_UP
	4261 4898
	4257 4897
	4253 4894
	4247 4892
	4243 4890
	4239 4888
	4235 4888
	4232 4890
	4230 4893
	4229 4895
	4228 4897
	4227 4901
	4227 4906
	4227 4912
	4227 4920
	4227 4927
	4227 4928
	4227 4929
	4226 4933
	4225 4935
	4225 4937
	4224 4938
	4223 4940
	4223 4942
	4222 4943
	4219 4942
	4217 4941
	4214 4941
	4211 4940
	4208 4938
	4205 4937
	4202 4935
	4200 4935
	4197 4933
	4195 4933
	4193 4931
	4192 4931
	4191 4930
	4190 4930
	4189 4930
	4188 4931
	4188 4931
	4187 4932
	4186 4933
	4185 4935
	4185 4936
.PEN_DOWN
	4181 4935
	4181 4935
	4181 4934
	4180 4934
	4180 4933
	4180 4933
	4180 4933
	4180 4933
	4180 4933
	4181 4933
	4185 4937
	4190 4940
	4197 4944
	4205 4947
	4214 4953
	4223 4959
	4231 4963
	4238 4967
	4244 4970
	4250 4974
	4254 4977
	4256 4977
	4258 4977
	4258 4977
	4258 4973
	4257 4967
	4256 4958
	4255 4949
	4255 4940
	4255 4932
	4257 4923
	4259 4915
	4262 4909
	4267 4903
	4272 4900
	4279 4898
	4287 4899
	4295 4903
	4302 4907
	4310 4916
	4316 4923
	4322 4932
	4327 4940
	4330 4949
	4333 4956
	4335 4963
	4336 4969
	4338 4973
	4339 4976
	4339 4978
	4339 4979
	4340 4979
	4342 4978
	4344 4975
	4347 4969
	4350 4961
	4353 4951
	4355 4940
	4356 4927
	4356 4913
	4355 4896
	4351 4878
	4345 4859
	4338 4839
	4329 4820
	4318 4801
	4306 4784
	4294 4770
	4282 4757
	4270 4748
	4260 4742
	4252 4737
	4245 4737
	4241 4739
	4238 4744
	4238 4752
	4242 4762
	4247 4773
	4255 4786
	4266 4800
	4279 4814
	4293 4829
	4308 4844
	4324 4857
	4340 4872
	4356 4885
	4372 4899
	4388 4912
	4402 4925
	4416 4936
	4429 4948
	4439 4957
	4448 4965
	4455 4970
	4461 4974
	4464 4978
	4467 4980
	4469 4983
	4469 4983
	4469 4980
	4466 4977
	4463 4970
	4460 4963
	4457 4955
	4454 4946
	4453 4936
	4453 4926
	4453 4917
	4454 4908
	4457 4901
	4461 4895
	4467 4890
.PEN_UP
	4475 4888
	4502 4885
	4505 4888
	4508 4891
	4511 4896
	4515 4902
	4518 4911
	4521 4921
	4521 4935
	4521 4950
	4521 4966
	4519 4983
.PEN_DOWN
	4506 5045
	4504 5045
	4502 5046
	4499 5047
	4497 5050
	4495 5050
.PEN_UP
	4492 5052
	4483 5053
	4483 5052
	4482 5048
	4480 5041
	4476 5031
	4472 5021
	4468 5009
	4466 4999
	4463 4987
	4461 4976
	4459 4966
	4457 4957
	4455 4948
	4454 4938
	4454 4930
	4454 4921
.PEN_DOWN
	4457 4897
	4457 4896
	4459 4894
	4462 4893
	4467 4893
	4472 4893
	4478 4894
	4485 4897
	4493 4900
	4501 4904
	4510 4910
	4518 4915
	4525 4921
	4532 4928
	4538 4936
	4543 4942
	4546 4949
	4548 4955
	4548 4961
	4548 4965
	4547 4968
	4544 4970
	4540 4970
	4536 4970
	4531 4965
	4526 4962
	4523 4955
	4519 4949
	4517 4941
	4515 4934
	4515 4925
	4515 4916
	4518 4909
	4522 4901
	4528 4893
	4536 4887
	4545 4882
	4555 4877
	4565 4876
	4576 4876
	4588 4877
	4599 4880
	4609 4885
	4619 4891
	4628 4898
	4637 4907
	4644 4916
	4650 4929
	4655 4941
	4660 4957
	4662 4973
	4664 4991
	4665 5009
	4666 5025
	4667 5040
	4667 5052
	4667 5062
	4667 5070
	4667 5076
	4666 5080
	4664 5083
	4661 5083
	4658 5078
	4655 5072
	4652 5064
	4649 5051
	4646 5038
	4645 5019
	4643 5002
	4642 4981
	4642 4963
	4642 4945
	4645 4929
	4649 4914
	4655 4901
	4663 4891
	4673 4883
	4684 4879
	4696 4877
	4709 4877
	4722 4880
	4734 4885
	4747 4890
	4759 4895
	4770 4903
	4778 4908
	4785 4912
	4790 4915
	4794 4917
	4796 4920
	4797 4922
	4797 4922
	4794 4922
	4790 4921
	4785 4918
	4780 4914
	4774 4910
	4770 4906
	4767 4901
	4764 4898
	4763 4894
	4763 4891
	4766 4889
	4770 4886
	4775 4885
	4782 4885
	4790 4886
	4797 4889
	4805 4894
	4813 4901
	4820 4908
	4827 4917
	4833 4928
	4838 4939
	4842 4952
	4845 4967
	4847 4984
	4848 5001
	4848 5021
	4848 5042
	4848 5060
	4848 5077
	4848 5092
	4848 5104
	4848 5114
	4848 5122
	4848 5129
	4848 5133
	4848 5136
	4848 5136
	4848 5133
	4847 5126
	4847 5116
	4847 5102
	4847 5086
	4847 5067
	4847 5044
	4847 5023
	4847 5001
	4847 4981
	4849 4963
	4853 4947
	4857 4934
	4863 4923
	4870 4915
	4878 4909
	4888 4906
	4899 4906
	4911 4907
	4922 4911
	4933 4917
	4944 4925
	4953 4934
	4962 4943
	4968 4952
	4972 4961
	4976 4967
	4978 4975
	4979 4981
	4979 4986
	4979 4990
	4978 4993
	4975 4995
	4971 4995
	4966 4992
	4961 4987
	4956 4980
	4951 4971
	4946 4962
	4942 4951
	4939 4940
	4938 4928
	4938 4915
	4940 4905
	4944 4894
	4950 4885
	4958 4878
	4966 4874
	4976 4871
	4987 4870
	4999 4873
	5011 4876
	5024 4880
	5037 4886
	5049 4892
	5060 4899
	5070 4905
	5078 4910
	5085 4915
	5091 4918
	5094 4921
	5096 4922
	5096 4922
	5095 4921
	5092 4916
	5087 4911
	5081 4904
	5075 4895
	5069 4887
	5065 4880
	5063 4873
	5062 4868
	5063 4864
	5066 4860
	5071 4859
	5078 4859
	5086 4862
	5094 4867
	5102 4874
	5111 4880
	5118 4888
	5124 4897
	5129 4906
	5134 4918
	5138 4932
	5142 4948
	5145 4966
	5148 4988
	5150 5011
	5151 5035
	5153 5058
	5154 5077
	5155 5093
	5155 5108
	5155 5117
	5155 5125
	5154 5129
	5151 5127
	5147 5120
	5142 5108
	5138 5091
	5134 5070
	5131 5046
	5131 5020
	5133 4998
	5135 4975
	5140 4952
	5147 4933
	5156 4915
	5166 4901
	5178 4888
.PEN_UP
	5188 4878
	5235 4851
	5238 4853
	5242 4856
	5248 4860
	5255 4867
	5263 4874
	5271 4882
	5282 4890
	5295 4903
	5310 4922
	5328 4950
	5344 4979
	5358 5010
.DT 571                                                         

.PEN_UP
	5728 4986
	5728 4984
	5729 4982
	5731 4978
	5731 4976
	5730 4971
	5729 4969
	5727 4964
	5724 4962
	5719 4961
	5713 4959
	5706 4958
	5697 4954
	5687 4954
	5675 4951
	5663 4951
	5651 4950
	5639 4949
	5627 4947
	5615 4944
	5604 4941
	5592 4943
	5580 4943
	5570 4946
	5559 4946
	5550 4945
	5540 4946
	5531 4947
	5523 4948
	5516 4948
	5509 4948
	5502 4948
	5496 4948
	5491 4948
	5486 4948
	5481 4949
	5477 4952
	5475 4954
	5472 4955
	5471 4957
	5469 4957
	5468 4958
	5468 4958
	5468 4958
	5468 4959
	5469 4960
	5471 4961
	5473 4963
	5476 4964
	5479 4967
	5483 4967
	5487 4968
	5492 4970
	5497 4972
	5503 4975
	5507 4977
	5512 4979
	5517 4979
	5521 4982
	5526 4982
	5530 4983
	5533 4984
	5536 4984
	5539 4984
	5540 4984
	5540 4984
	5540 4986
.PEN_DOWN
	5537 4984
	5536 4986
	5534 4985
	5531 4985
	5528 4984
	5524 4983
	5520 4981
	5516 4977
	5510 4975
	5505 4970
	5499 4965
	5493 4959
	5487 4952
	5482 4944
	5477 4935
	5472 4926
	5470 4917
	5469 4908
	5469 4900
	5470 4893
	5473 4886
	5478 4881
	5485 4877
	5494 4873
	5504 4872
	5515 4872
	5527 4873
	5540 4874
	5553 4878
	5567 4883
	5579 4889
	5591 4895
	5602 4901
	5613 4907
	5621 4912
	5628 4917
	5634 4921
	5637 4923
	5639 4927
	5639 4927
	5638 4927
	5634 4927
	5630 4924
	5624 4921
	5618 4916
	5611 4910
	5605 4902
	5601 4894
	5598 4887
	5596 4881
	5596 4875
	5598 4869
	5601 4865
	5606 4864
	5612 4865
	5620 4869
	5628 4874
	5636 4881
	5643 4889
	5650 4897
	5657 4905
	5662 4912
	5668 4918
	5673 4926
	5678 4933
	5683 4938
	5688 4942
	5693 4948
	5700 4951
	5706 4953
	5713 4956
	5720 4956
	5726 4955
	5732 4952
	5736 4948
	5740 4941
	5742 4933
	5743 4924
	5743 4914
	5742 4904
	5740 4894
	5738 4885
	5737 4878
	5737 4873
	5737 4869
	5737 4867
	5740 4867
	5745 4869
	5752 4875
	5761 4882
	5769 4892
	5778 4901
	5786 4910
	5793 4918
	5799 4926
	5804 4931
	5808 4934
	5811 4938
	5812 4940
	5813 4938
	5813 4936
	5813 4932
	5813 4927
	5813 4921
	5814 4913
	5816 4905
	5819 4897
	5824 4889
	5829 4883
	5835 4876
	5843 4871
	5851 4869
	5860 4869
	5870 4870
	5881 4873
	5892 4879
	5902 4886
	5913 4894
	5923 4905
	5933 4917
	5942 4932
	5951 4949
	5958 4970
	5966 4991
	5972 5013
	5978 5036
	5984 5058
	5990 5076
	5994 5092
	5999 5104
	6001 5114
	6003 5120
	6005 5126
	6005 5129
	6005 5127
	6003 5124
	6000 5114
	5996 5100
	5992 5083
	5987 5062
	5981 5039
	5975 5017
	5970 4993
	5966 4971
	5963 4952
	5963 4934
	5965 4917
	5971 4903
	5979 4892
	5990 4883
	6004 4878
	6019 4877
.PEN_UP
	6035 4877
	6093 4893
	6094 4895
	6096 4901
	6096 4906
	6096 4912
	6094 4919
	6091 4927
	6086 4937
	6079 4944
	6071 4951
	6060 4958
	6049 4966
	6035 4971
	6021 4978
	6004 4984
	5987 4990
	5970 4996
	5955 5000
.PEN_DOWN
	5900 5012
	5898 5012
	5896 5012
	5896 5013
	5898 5013
	5904 5014
	5914 5015
	5928 5015
	5946 5015
	5968 5015
	5991 5015
	6016 5015
.PEN_UP
	6040 5015
	6129 5016
	6132 5016
	6136 5016
	6142 5013
	6148 5011
	6157 5009
	6171 5007
	6188 5006
	6208 5006
	6228 5006
	6251 5005
	6274 5003
	6296 5002
	6315 5002
	6333 5000
	6349 5000
	6361 4998
	6368 4996
	6371 4993
	6369 4989
	6363 4985
	6353 4980
	6339 4975
	6323 4969
	6305 4963
	6284 4958
	6261 4951
	6236 4944
	6211 4939
	6186 4935
	6163 4931
	6141 4928
	6121 4925
	6103 4922
	6087 4921
	6074 4919
	6061 4918
	6051 4919
	6042 4919
	6035 4919
	6029 4921
	6024 4922
	6021 4923
	6018 4926
	6016 4927
	6014 4930
	6013 4930
	6013 4932
	6013 4934
	6013 4936
	6014 4939
	6014 4939
	6017 4940
	6019 4942
	6021 4943
	6024 4945
	6027 4948
	6030 4950
.PEN_DOWN
	6042 4964
	6042 4962
	6042 4963
	6042 4963
	6042 4961
	6042 4959
	6042 4954
	6042 4949
	6041 4942
	6040 4934
	6037 4924
	6035 4912
	6032 4900
	6029 4890
	6025 4880
	6022 4871
	6019 4865
	6017 4860
	6015 4857
	6014 4855
	6014 4855
	6015 4860
	6019 4864
	6025 4871
	6035 4880
	6048 4891
	6063 4903
	6079 4915
	6096 4926
	6111 4938
	6126 4945
	6138 4954
	6149 4959
	6157 4964
	6163 4969
	6167 4970
	6169 4972
	6170 4971
	6167 4971
	6163 4967
	6158 4963
	6151 4956
	6143 4948
	6136 4941
	6130 4933
	6125 4924
	6121 4917
	6119 4909
	6119 4903
	6119 4899
	6121 4896
	6125 4895
	6130 4895
	6136 4899
	6143 4903
	6150 4909
	6156 4916
	6161 4924
	6166 4933
	6169 4944
	6171 4953
	6172 4960
	6172 4967
	6172 4970
	6172 4974
	6172 4974
	6170 4974
	6169 4970
	6169 4966
	6168 4958
	6168 4951
	6168 4941
	6168 4934
	6168 4926
	6170 4917
	6173 4910
	6178 4902
	6183 4897
	6190 4891
	6199 4888
	6211 4887
	6224 4887
	6239 4890
	6254 4895
	6269 4900
	6284 4909
	6298 4915
	6310 4924
	6322 4934
	6334 4941
	6344 4949
	6353 4955
	6361 4961
	6366 4965
	6371 4969
	6374 4971
	6376 4974
	6376 4975
	6376 4977
	6375 4976
	6372 4975
	6367 4973
	6361 4969
	6355 4962
	6348 4955
	6342 4947
	6337 4939
	6334 4930
	6331 4920
	6331 4912
	6333 4903
	6337 4896
	6343 4889
	6352 4885
	6364 4880
	6376 4879
	6389 4879
	6402 4881
	6416 4883
	6429 4888
	6442 4894
	6456 4903
	6469 4912
	6483 4924
	6495 4938
	6508 4953
	6520 4970
	6531 4988
	6542 5007
	6552 5029
	6561 5051
	6570 5070
	6578 5087
	6585 5102
	6590 5114
	6594 5123
	6597 5130
	6599 5134
	6600 5138
	6600 5140
	6598 5136
	6595 5129
	6589 5117
	6582 5102
	6571 5082
	6560 5061
	6547 5037
	6535 5014
	6523 4990
	6514 4969
	6508 4951
	6504 4934
	6504 4919
	6507 4907
	6513 4898
	6521 4892
	6532 4890
	6545 4892
	6559 4894
.PEN_UP
	6571 4899
	6614 4927
	6614 4929
	6614 4932
	6613 4934
	6612 4938
	6609 4945
	6605 4950
	6600 4954
	6595 4960
	6590 4965
	6584 4973
	6576 4982
	6568 4989
	6559 4998
	6549 5007
	6539 5016
	6528 5024
	6518 5031
	6508 5037
	6500 5039
.PEN_DOWN
	6463 5045
	6462 5045
	6462 5043
	6464 5043
	6470 5042
	6479 5042
	6493 5041
	6511 5040
	6531 5040
	6554 5040
	6576 5042
	6597 5044
.PEN_UP
	6617 5045
	6688 5048
	6689 5048
	6690 5046
	6692 5045
	6696 5044
	6701 5040
	6708 5038
	6718 5033
	6733 5029
	6749 5025
	6766 5023
	6784 5021
	6803 5016
	6821 5014
	6838 5012
	6853 5008
	6865 5004
	6874 4999
	6878 4995
	6878 4989
	6874 4984
	6866 4977
	6855 4972
	6841 4968
	6826 4959
	6809 4955
	6789 4949
	6768 4946
	6747 4941
	6726 4938
	6706 4935
	6687 4935
	6670 4936
	6656 4934
	6643 4934
	6633 4934
	6624 4934
	6617 4934
	6610 4934
	6606 4934
	6602 4934
	6599 4935
	6597 4937
	6596 4935
	6596 4935
	6596 4936
	6596 4936
	6596 4938
	6596 4940
	6597 4942
	6598 4942
	6600 4944
	6603 4944
	6606 4946
	6609 4947
	6613 4950
	6617 4953
	6622 4954
	6627 4955
	6633 4958
	6638 4959
	6642 4961
.PEN_DOWN
	6656 4964
	6656 4964
	6656 4964
	6655 4964
	6654 4965
	6653 4965
	6650 4965
	6647 4965
	6644 4964
	6639 4962
	6634 4961
	6628 4959
	6621 4957
	6615 4952
	6607 4948
	6601 4945
	6594 4939
	6588 4934
	6584 4928
	6580 4922
	6577 4915
	6577 4908
	6577 4901
	6579 4895
	6582 4890
	6585 4887
	6591 4885
	6597 4885
	6603 4886
	6609 4889
	6615 4893
	6619 4900
	6623 4905
	6627 4912
	6629 4918
	6631 4922
	6633 4928
	6634 4933
	6636 4938
	6640 4943
	6644 4946
	6649 4950
	6656 4955
	6664 4958
	6673 4963
	6682 4967
	6691 4969
	6700 4972
	6709 4974
	6718 4976
	6726 4979
	6733 4979
	6739 4979
	6744 4979
	6748 4976
	6751 4974
	6754 4968
	6755 4961
	6755 4953
	6754 4945
	6752 4936
	6749 4927
	6745 4919
	6740 4910
	6737 4902
	6733 4894
	6730 4888
	6728 4885
	6728 4882
	6730 4882
	6733 4884
	6741 4888
	6750 4893
	6761 4901
	6774 4907
	6787 4912
	6800 4918
	6812 4921
	6822 4926
	6831 4929
	6839 4932
	6848 4937
	6855 4941
	6863 4947
	6871 4952
	6879 4957
	6888 4964
	6896 4968
	6904 4972
	6913 4974
	6922 4978
	6930 4979
	6938 4979
	6946 4978
	6952 4975
	6958 4969
	6962 4961
	6963 4952
	6962 4942
	6958 4933
	6952 4922
	6943 4911
	6933 4901
	6921 4892
	6911 4883
	6902 4877
	6895 4874
.PEN_UP
	6889 4872
	6875 4871
	6877 4873
	6878 4875
	6879 4876
	6879 4877
	6880 4880
	6882 4883
	6885 4886
	6889 4890
	6895 4890
	6898 4897
	6900 4900
	6900 4905
.PEN_UP
	607 4470
	601 4469
	593 4464
	582 4456
	570 4448
	556 4436
	542 4425
	526 4412
	509 4396
	494 4382
	482 4368
	472 4357
	464 4348
	456 4341
	449 4335
	445 4332
	440 4331
	436 4331
	434 4331
	432 4331
	430 4332
	428 4334
	427 4336
	425 4338
	423 4339
	422 4341
	420 4343
	418 4343
	416 4344
	414 4346
	414 4347
	414 4350
	415 4352
	416 4354
	419 4356
.PEN_DOWN
	435 4365
	435 4365
	436 4365
	438 4364
	442 4364
	449 4364
	456 4364
	463 4366
	471 4370
	480 4376
	490 4384
	500 4395
	509 4407
	519 4421
	528 4435
	534 4451
	540 4467
	545 4483
	547 4499
	547 4514
	546 4529
	543 4543
	539 4556
	535 4568
	532 4579
	528 4587
	525 4594
	521 4601
	519 4607
	516 4612
	515 4615
	513 4618
	513 4619
	512 4620
	511 4620
	510 4622
	510 4622
	510 4622
	510 4621
	510 4619
	511 4615
	512 4610
	512 4604
	514 4599
	515 4593
	516 4586
	518 4577
	520 4568
	522 4557
	524 4545
	527 4531
	529 4518
	532 4503
	533 4489
	534 4475
	535 4461
	535 4446
	535 4432
	535 4420
	535 4408
	535 4399
	535 4392
	535 4386
	535 4381
	535 4379
	535 4379
	535 4380
	535 4383
	537 4390
	539 4398
	542 4407
	546 4415
	551 4422
	556 4429
	560 4433
	564 4437
	568 4440
	571 4440
	574 4440
	577 4437
	579 4433
	581 4428
	582 4422
	584 4417
	586 4411
	588 4405
	591 4399
	595 4394
	599 4389
	605 4384
	611 4380
	619 4377
	627 4375
	636 4374
	644 4374
	652 4376
	662 4379
	670 4384
	678 4390
	687 4396
	694 4403
	702 4410
	707 4417
	711 4424
	713 4431
	713 4438
	714 4443
	714 4446
	712 4449
	710 4450
	707 4450
	703 4447
	698 4442
	692 4437
	688 4430
	684 4422
	679 4415
	677 4407
	677 4399
	677 4391
	678 4384
	681 4377
	685 4371
	690 4365
	697 4361
	705 4358
	713 4357
	722 4357
	732 4359
	743 4362
	753 4367
	763 4374
	772 4382
	781 4393
	789 4403
	797 4414
	805 4425
	811 4436
	817 4448
	821 4459
	825 4472
	828 4484
	830 4496
	831 4509
	831 4522
	831 4534
	829 4546
	828 4556
	828 4565
	826 4573
	825 4580
	823 4586
	822 4590
	822 4592
	822 4595
	822 4597
	821 4598
	821 4600
	821 4600
	819 4598
	818 4594
	818 4589
	817 4582
	817 4572
	817 4562
	817 4549
	817 4533
	817 4516
	817 4496
	816 4474
	815 4450
	813 4426
	811 4400
	808 4374
	806 4349
	803 4326
	800 4304
	797 4286
	794 4272
	792 4261
	791 4254
	790 4251
	790 4251
	791 4253
	794 4258
	799 4267
	806 4277
	814 4290
	825 4306
	837 4323
	848 4342
	862 4361
	875 4382
	887 4402
	899 4421
	908 4442
	916 4463
	924 4483
	931 4502
	935 4520
	939 4535
	943 4549
	946 4562
	948 4572
	950 4580
	951 4586
	951 4590
	953 4593
	954 4596
	954 4594
	954 4590
	954 4581
	953 4569
	951 4554
	949 4536
	947 4517
	945 4497
	942 4476
	938 4456
	936 4436
	936 4419
	936 4402
	936 4389
	938 4377
	942 4368
	947 4360
	955 4356
	966 4356
	978 4358
	991 4365
.PEN_UP
	1004 4373
	1051 4414
	1051 4416
	1051 4418
	1051 4422
	1050 4425
	1049 4427
	1045 4429
	1039 4432
	1032 4434
	1025 4436
	1017 4438
	1007 4440
	996 4442
	986 4445
	975 4447
	964 4449
	952 4451
	941 4455
	931 4457
	921 4458
	912 4461
	903 4463
	896 4463
	891 4464
.PEN_DOWN
	869 4464
	869 4464
	869 4463
	870 4463
	872 4463
	876 4463
	882 4463
	891 4462
	900 4462
	911 4461
	924 4461
	937 4459
	951 4459
	963 4459
	975 4459
	985 4459
	994 4459
	1001 4459
	1007 4459
	1010 4458
	1014 4456
	1016 4452
	1017 4447
	1018 4440
	1018 4432
	1020 4424
	1021 4415
	1024 4407
	1027 4399
	1032 4394
	1037 4389
	1043 4387
	1049 4387
	1056 4389
	1064 4394
	1070 4401
	1076 4409
	1082 4417
	1086 4423
	1091 4427
	1095 4431
	1097 4434
	1099 4437
	1101 4439
	1104 4439
	1106 4438
	1109 4432
	1113 4424
	1116 4414
	1119 4401
	1121 4385
	1123 4367
	1123 4348
	1122 4328
	1119 4308
	1115 4288
	1110 4268
	1103 4249
	1096 4233
	1088 4219
	1079 4208
	1071 4200
	1065 4197
	1058 4197
	1055 4202
	1054 4211
	1055 4224
	1061 4240
	1069 4259
.PEN_UP
	1081 4278
	1132 4349
	1134 4352
	1136 4357
	1140 4363
	1145 4370
	1151 4376
	1158 4386
	1166 4398
	1176 4409
	1190 4418
	1204 4427
	1217 4430
	1233 4431
.DT 1175                                                        

.PEN_UP
	1064 4598
	1074 4601
	1092 4606
	1121 4609
	1154 4614
	1196 4624
	1237 4630
	1279 4635
	1323 4638
	1364 4640
	1403 4638
	1439 4638
	1470 4640
	1499 4641
	1524 4637
	1546 4631
	1562 4623
	1575 4619
	1586 4613
	1592 4606
	1596 4599
	1598 4591
	1596 4582
	1592 4575
	1586 4569
	1578 4564
	1569 4558
	1556 4549
	1546 4540
	1536 4529
	1527 4520
	1521 4510
	1515 4502
	1510 4492
	1506 4484
	1504 4476
	1501 4469
	1499 4465
	1498 4460
	1496 4456
	1493 4452
	1490 4449
	1485 4445
	1479 4439
	1472 4434
	1465 4428
	1456 4421
	1446 4414
	1436 4409
	1425 4404
	1416 4399
	1406 4395
	1397 4392
	1390 4388
	1382 4385
	1375 4383
	1368 4383
	1363 4383
	1359 4385
	1354 4385
	1351 4384
	1349 4384
	1348 4384
	1348 4382
	1351 4382
.PEN_DOWN
	1357 4376
	1358 4376
	1359 4376
	1362 4376
	1366 4376
	1371 4379
	1379 4382
	1388 4386
	1397 4391
	1406 4397
	1415 4403
	1423 4410
	1431 4417
	1437 4423
	1444 4429
	1448 4434
	1452 4437
	1456 4439
	1457 4441
	1459 4441
	1460 4439
	1460 4434
	1460 4424
	1460 4413
	1459 4398
	1457 4381
	1454 4361
	1452 4340
	1448 4318
	1444 4296
	1439 4275
	1435 4254
	1429 4236
	1425 4220
	1421 4206
	1419 4196
	1416 4188
	1415 4183
	1413 4180
	1413 4180
	1413 4183
	1415 4191
	1417 4202
	1421 4216
	1426 4232
	1432 4249
	1439 4267
	1446 4285
	1453 4304
	1461 4323
	1468 4342
	1477 4360
	1485 4376
	1494 4389
	1502 4401
	1510 4411
	1519 4417
	1526 4421
	1533 4421
	1539 4419
	1543 4412
	1546 4403
	1546 4391
	1543 4378
	1538 4363
	1529 4348
	1521 4334
	1512 4322
	1505 4312
	1498 4306
	1493 4303
.PEN_UP
	1488 4303
	1483 4320
	1484 4323
	1487 4328
	1491 4334
	1496 4342
	1502 4350
	1509 4357
	1515 4365
	1520 4372
	1525 4377
	1528 4381
	1531 4384
	1531 4384
	1531 4385
	1530 4385
	1530 4384
	1530 4384
	1530 4383
	1530 4383
.PEN_DOWN
	1536 4384
	1536 4384
	1537 4384
	1540 4386
	1543 4388
	1546 4390
	1551 4393
	1556 4397
	1561 4402
	1567 4408
	1573 4414
	1579 4418
	1585 4422
	1591 4426
	1596 4429
	1601 4431
	1606 4432
	1610 4432
	1613 4432
	1616 4431
	1620 4429
	1622 4426
	1625 4422
	1627 4417
	1629 4411
	1630 4404
	1631 4397
	1631 4390
	1630 4382
	1629 4373
	1627 4365
	1624 4357
	1621 4350
	1619 4343
	1616 4337
	1613 4333
	1611 4330
	1610 4328
	1609 4328
	1609 4329
	1609 4332
	1611 4335
	1615 4342
	1622 4349
	1628 4356
	1636 4364
	1645 4372
	1653 4379
	1662 4386
	1670 4392
	1678 4398
	1685 4403
	1692 4408
	1698 4412
	1703 4415
	1706 4417
	1710 4419
	1712 4421
	1714 4422
	1716 4423
	1717 4423
	1718 4423
	1718 4421
	1718 4418
	1718 4414
	1719 4408
	1719 4401
	1720 4393
	1722 4384
	1724 4376
	1726 4368
	1729 4361
	1732 4354
	1735 4349
	1738 4346
	1742 4343
	1745 4344
	1748 4348
	1750 4354
	1753 4361
	1753 4370
	1752 4379
	1751 4388
	1749 4397
	1748 4403
	1747 4408
	1747 4411
	1748 4414
	1750 4416
	1754 4417
	1760 4419
	1767 4419
	1775 4420
	1783 4421
	1791 4422
	1800 4425
	1808 4428
	1816 4432
	1825 4437
	1832 4443
	1839 4449
	1845 4458
	1850 4467
	1854 4476
	1858 4487
	1861 4499
	1863 4510
	1864 4522
	1865 4533
	1865 4544
	1865 4554
	1864 4563
	1864 4571
	1863 4579
	1861 4585
	1860 4591
	1858 4597
	1856 4600
	1854 4603
	1853 4605
	1853 4607
	1853 4608
	1852 4608
	1851 4606
	1850 4603
	1850 4597
	1850 4590
	1849 4580
	1849 4567
	1848 4552
	1848 4535
	1848 4515
	1848 4494
	1847 4471
	1845 4447
	1844 4422
	1842 4395
	1839 4368
	1835 4343
	1832 4318
	1828 4296
	1824 4278
	1821 4264
	1819 4254
	1817 4247
	1816 4243
	1816 4243
	1819 4248
	1824 4256
	1831 4268
	1839 4282
	1850 4300
	1861 4318
	1874 4337
	1885 4356
	1896 4374
	1906 4388
	1914 4401
	1920 4411
	1926 4419
	1931 4425
	1934 4429
	1936 4432
	1938 4434
	1938 4434
	1938 4433
	1939 4430
	1939 4426
	1939 4420
	1941 4412
	1943 4405
	1946 4397
	1951 4391
	1957 4386
.PEN_UP
	1961 4383
	1986 4372
	1987 4374
	1987 4377
	1990 4382
	1994 4389
	1997 4397
	2000 4407
	2003 4418
	2004 4431
	2003 4448
	2001 4465
	1999 4484
.PEN_DOWN
	1982 4542
	1981 4542
	1979 4542
	1977 4542
	1977 4542
	1976 4543
.PEN_UP
	1975 4543
	1969 4530
	1969 4528
	1968 4522
	1965 4512
	1962 4501
	1958 4489
	1955 4476
	1952 4464
	1950 4452
	1948 4441
	1946 4429
	1945 4417
	1944 4407
	1944 4397
.PEN_DOWN
	1945 4355
	1945 4354
	1946 4353
	1949 4352
	1953 4352
	1960 4352
	1967 4354
	1975 4358
	1984 4363
	1994 4369
	2004 4378
	2014 4387
	2025 4398
	2034 4408
	2043 4420
	2050 4432
	2057 4444
	2064 4456
	2070 4470
	2076 4484
	2082 4499
	2086 4515
	2089 4529
	2092 4544
	2094 4558
	2096 4569
	2098 4580
	2099 4587
	2100 4592
	2100 4596
	2100 4599
	2100 4599
	2100 4596
	2098 4589
	2095 4578
	2092 4563
	2089 4547
	2085 4529
	2081 4510
	2078 4490
	2074 4470
	2071 4450
	2069 4432
	2068 4416
	2068 4402
	2071 4389
	2075 4379
	2081 4372
	2090 4368
	2100 4366
	2110 4366
.PEN_UP
	2119 4370
	2155 4382
	2155 4384
	2156 4386
	2157 4388
	2157 4394
	2157 4397
	2157 4403
	2156 4406
	2153 4410
	2148 4415
	2143 4418
	2136 4423
	2128 4427
	2118 4432
	2108 4437
	2098 4442
	2086 4447
	2074 4452
	2064 4456
	2053 4461
	2042 4464
	2033 4467
.PEN_DOWN
	1991 4472
	1990 4472
	1990 4472
	1991 4473
	1995 4475
	2002 4477
	2009 4479
	2020 4481
	2032 4482
	2046 4483
	2060 4485
.PEN_UP
	2073 4486
	2122 4482
	2123 4480
	2125 4475
	2125 4468
	2125 4461
	2125 4451
	2125 4441
	2125 4432
	2125 4423
	2125 4415
	2124 4407
	2124 4401
	2124 4397
.PEN_DOWN
	2131 4381
	2131 4381
	2132 4383
	2135 4388
	2140 4396
	2147 4405
	2155 4415
	2165 4425
	2176 4434
	2187 4442
	2199 4447
	2210 4451
	2221 4453
	2231 4453
	2239 4450
	2246 4445
	2251 4439
	2253 4431
	2253 4420
	2250 4408
	2244 4396
	2237 4383
	2228 4371
	2218 4361
	2209 4352
.PEN_UP
	2200 4344
	2163 4332
	2160 4330
	2156 4328
	2150 4328
	2144 4327
	2137 4325
	2131 4322
	2125 4318
.PEN_UP
	2260 4571
	2270 4571
	2288 4571
	2311 4567
	2337 4562
	2364 4559
	2392 4556
	2418 4553
	2446 4547
	2474 4542
	2499 4536
	2523 4529
	2546 4523
	2566 4519
	2586 4516
	2604 4511
	2619 4507
	2632 4502
	2640 4498
	2647 4491
	2653 4485
	2656 4480
	2656 4473
	2656 4467
	2654 4462
	2652 4454
	2649 4449
	2645 4443
	2640 4438
	2636 4432
	2629 4427
	2622 4418
	2615 4414
	2607 4408
	2599 4404
	2591 4397
	2582 4392
	2574 4387
	2565 4382
	2556 4379
	2547 4375
	2539 4373
	2531 4371
	2524 4367
	2517 4365
	2512 4363
	2507 4363
	2501 4361
	2498 4360
	2494 4360
	2492 4362
	2490 4363
	2488 4365
	2488 4367
	2488 4369
	2489 4371
	2491 4375
	2494 4379
	2497 4384
	2500 4389
	2503 4392
	2506 4394
	2510 4396
	2513 4400
	2516 4403
	2521 4405
	2524 4407
	2527 4409
	2532 4411
	2536 4411
	2539 4411
	2543 4414
	2548 4416
	2553 4418
	2559 4419
.PEN_DOWN
	2568 4425
	2568 4425
	2567 4425
	2567 4425
	2566 4425
	2564 4424
	2561 4421
	2558 4418
	2553 4413
	2547 4408
	2541 4400
	2534 4392
	2529 4383
	2524 4373
	2520 4364
	2518 4356
	2517 4351
	2518 4346
	2520 4342
	2524 4340
	2529 4340
	2535 4343
	2542 4348
	2549 4355
	2555 4363
	2560 4372
	2564 4380
	2566 4390
	2568 4397
	2568 4404
	2568 4409
	2567 4413
	2567 4415
	2565 4416
	2564 4416
	2563 4412
	2563 4409
	2563 4404
	2564 4397
	2567 4391
	2570 4384
	2574 4376
	2579 4369
	2584 4363
	2590 4357
	2596 4353
	2604 4351
	2612 4351
	2622 4352
	2633 4357
	2644 4363
	2656 4373
	2668 4385
	2679 4399
	2691 4414
	2701 4430
	2711 4449
	2720 4470
	2728 4492
	2735 4514
	2741 4536
	2746 4556
	2749 4573
	2752 4587
	2754 4597
	2756 4605
	2757 4611
	2757 4615
	2757 4616
	2755 4613
	2752 4605
	2747 4592
	2743 4575
	2737 4555
	2730 4532
	2723 4508
	2717 4483
	2711 4460
	2707 4440
	2705 4421
	2705 4405
	2707 4390
	2710 4378
	2716 4368
	2724 4360
	2735 4357
	2749 4357
	2765 4360
.PEN_UP
	2778 4365
	2838 4400
	2838 4403
	2839 4409
	2839 4414
	2838 4419
	2835 4425
	2830 4432
	2823 4438
	2812 4444
	2799 4450
	2784 4456
	2768 4461
	2751 4465
	2733 4469
	2716 4471
	2701 4472
.PEN_DOWN
	2642 4472
	2639 4472
	2636 4472
	2634 4472
	2635 4473
	2639 4474
	2647 4476
	2659 4477
	2675 4478
	2694 4479
	2716 4481
	2740 4482
	2766 4483
	2794 4485
.PEN_UP
	2820 4485
	2918 4481
	2921 4481
	2924 4479
	2928 4479
	2933 4477
	2940 4476
	2949 4473
	2961 4471
	2976 4469
	2994 4467
	3013 4467
	3032 4466
	3051 4466
	3072 4464
	3097 4463
	3122 4463
	3148 4462
	3174 4463
	3199 4463
	3222 4461
	3245 4460
	3265 4460
	3281 4458
	3299 4456
	3313 4453
	3322 4449
	3333 4444
	3340 4440
	3345 4433
	3348 4430
	3349 4428
	3348 4425
	3344 4425
	3340 4423
	3333 4421
	3324 4418
	3313 4417
	3302 4414
	3288 4413
	3272 4409
	3257 4407
	3240 4403
	3224 4398
	3209 4394
	3196 4391
	3184 4388
	3174 4387
	3166 4386
	3159 4385
	3153 4386
	3148 4387
	3145 4386
	3142 4386
	3140 4384
	3138 4384
	3136 4383
	3134 4382
	3133 4382
	3131 4382
	3129 4381
	3127 4379
	3124 4378
	3121 4376
	3118 4375
	3115 4373
	3113 4371
	3112 4371
	3110 4370
	3109 4369
	3110 4369
	3110 4369
.PEN_DOWN
	3116 4362
	3116 4362
	3116 4362
	3116 4362
	3119 4365
	3124 4369
	3130 4374
	3137 4381
	3145 4390
	3153 4399
	3162 4410
	3170 4421
	3178 4434
	3186 4448
	3193 4462
	3198 4478
	3202 4494
	3205 4510
	3207 4526
	3207 4542
	3206 4558
	3205 4571
	3202 4585
	3199 4596
	3195 4606
	3192 4614
	3188 4620
	3185 4624
	3182 4627
	3178 4627
	3175 4627
	3172 4623
	3169 4616
	3167 4607
	3165 4594
	3162 4578
	3160 4560
	3158 4541
	3156 4520
	3154 4499
	3154 4479
	3154 4460
	3154 4441
	3156 4425
	3159 4411
	3163 4398
	3168 4388
	3175 4380
	3183 4375
	3192 4373
	3203 4373
	3214 4376
	3227 4382
	3239 4390
	3251 4398
	3263 4407
	3274 4415
	3284 4423
	3293 4430
	3299 4436
	3304 4440
	3308 4442
	3311 4444
	3311 4444
	3311 4441
	3310 4437
	3307 4429
	3304 4422
	3301 4414
	3299 4405
	3298 4396
	3298 4389
	3298 4381
	3300 4376
	3303 4371
	3308 4369
	3314 4369
.PEN_UP
	3321 4369
	3355 4389
	3356 4390
	3357 4394
	3360 4401
	3362 4409
	3365 4419
	3368 4433
	3369 4448
	3368 4466
	3367 4486
	3364 4507
	3359 4526
	3353 4543
	3348 4557
.PEN_DOWN
	3309 4597
	3307 4597
	3304 4597
	3304 4599
	3306 4600
.PEN_UP
	3307 4600
	3325 4603
	3327 4603
	3330 4602
	3334 4600
	3339 4599
	3347 4599
	3356 4600
	3366 4600
	3376 4603
	3386 4607
	3396 4612
	3405 4617
	3415 4620
	3424 4624
	3432 4626
.PEN_DOWN
	3460 4632
	3458 4630
	3457 4626
	3455 4621
	3453 4614
	3450 4604
	3447 4592
	3443 4577
	3438 4559
	3432 4540
	3427 4520
	3422 4500
	3418 4481
	3415 4463
	3413 4446
	3413 4431
	3414 4418
	3417 4406
	3422 4397
	3429 4391
	3439 4388
	3451 4389
	3463 4392
.PEN_UP
	3474 4396
	3519 4425
	3520 4427
	3521 4430
	3521 4434
	3520 4439
	3517 4444
	3512 4449
	3504 4453
	3495 4458
	3483 4464
	3470 4468
	3455 4472
.PEN_DOWN
	3392 4486
	3387 4486
	3380 4486
	3372 4485
	3365 4485
	3360 4485
	3357 4485
	3356 4485
	3358 4486
	3365 4486
	3376 4486
	3392 4487
	3410 4487
	3430 4488
	3451 4489
	3473 4491
	3493 4492
	3512 4495
.PEN_UP
	3527 4499
	3585 4518
	3585 4519
	3585 4522
	3585 4527
	3585 4532
	3585 4540
	3585 4547
	3585 4556
	3585 4567
	3585 4577
	3585 4587
.PEN_DOWN
	3589 4621
	3589 4621
	3589 4620
	3588 4620
	3587 4619
	3587 4616
	3585 4609
	3581 4601
	3576 4589
	3570 4574
	3562 4557
	3554 4538
	3546 4519
	3537 4499
	3531 4480
	3526 4462
	3523 4445
	3523 4428
	3526 4414
	3531 4401
	3540 4392
	3551 4386
	3563 4383
	3576 4383
.PEN_UP
	3587 4385
	3634 4398
	3635 4401
	3635 4406
	3635 4410
	3632 4415
	3627 4421
	3619 4426
	3610 4431
	3598 4438
	3585 4443
	3571 4448
	3556 4454
	3540 4459
.PEN_DOWN
	3480 4473
	3478 4472
	3476 4472
	3475 4472
	3476 4473
	3480 4474
	3488 4476
	3498 4478
	3512 4480
	3529 4482
	3548 4483
	3569 4485
	3589 4486
	3610 4488
.PEN_UP
	3627 4492
	3688 4506
	3688 4508
	3688 4511
	3688 4515
	3688 4520
	3689 4526
	3689 4531
	3689 4538
	3689 4546
	3689 4555
	3689 4564
	3689 4574
	3689 4583
	3689 4593
	3689 4603
	3689 4612
	3689 4620
	3689 4625
.PEN_DOWN
	3689 4643
	3689 4642
	3687 4640
	3686 4637
	3684 4633
	3683 4626
	3681 4618
	3679 4607
	3677 4593
	3674 4579
	3671 4561
	3667 4542
	3664 4521
	3660 4501
	3658 4483
	3656 4466
	3655 4450
	3656 4435
	3659 4422
	3664 4412
	3671 4404
	3679 4398
	3690 4395
	3703 4395
	3715 4397
	3728 4401
	3740 4408
	3752 4416
	3762 4425
	3771 4433
	3778 4440
	3783 4448
	3786 4455
	3787 4462
	3786 4467
	3783 4470
	3777 4470
	3768 4469
	3758 4464
	3748 4458
	3738 4450
	3730 4440
	3724 4430
	3720 4419
	3720 4407
	3722 4395
	3727 4383
	3736 4372
	3747 4362
	3762 4355
	3778 4350
	3795 4348
.PEN_UP
	3814 4348
	3882 4358
	3884 4358
	3888 4360
	3891 4365
	3896 4370
	3903 4376
	3910 4384
	3923 4397
	3938 4416
	3959 4439
	3979 4463
	3997 4492
.DT 465                                                         

.PEN_UP
	4194 4482
	4192 4478
	4189 4476
	4188 4475
	4185 4475
	4185 4471
	4181 4467
	4177 4464
	4172 4458
	4167 4454
	4162 4450
	4156 4445
	4151 4441
	4145 4435
	4141 4430
	4135 4428
	4130 4425
	4124 4424
	4118 4424
	4112 4425
	4106 4427
	4100 4429
	4094 4432
	4090 4435
	4086 4438
	4084 4440
	4082 4442
	4080 4444
	4079 4446
	4078 4447
	4077 4449
	4077 4450
	4077 4452
	4077 4453
	4077 4456
	4077 4458
	4078 4461
	4080 4463
	4083 4465
	4085 4467
	4086 4467
	4088 4468
	4089 4468
	4091 4468
	4092 4469
	4094 4470
	4096 4470
	4099 4472
	4102 4473
	4105 4474
	4109 4474
	4113 4474
	4115 4475
	4117 4476
	4119 4477
.PEN_DOWN
	4125 4478
	4125 4478
	4125 4478
	4125 4478
	4125 4478
	4125 4478
	4125 4476
	4125 4476
	4125 4476
	4124 4476
	4122 4476
	4118 4475
	4113 4473
	4107 4470
	4099 4467
	4091 4464
	4082 4460
	4073 4454
	4065 4448
	4057 4439
	4050 4428
	4045 4419
	4041 4410
	4040 4401
	4040 4393
	4043 4387
	4048 4382
	4054 4381
	4062 4381
	4070 4383
	4079 4388
	4088 4394
	4098 4404
	4107 4413
	4116 4422
	4125 4430
	4133 4436
	4140 4442
	4147 4445
	4153 4447
	4159 4446
	4164 4443
	4169 4438
	4173 4431
	4176 4425
	4179 4419
	4181 4412
	4182 4407
	4182 4403
	4182 4401
	4184 4400
	4185 4400
	4187 4403
	4189 4409
	4194 4416
	4199 4425
	4206 4433
	4215 4440
	4225 4448
	4236 4455
	4248 4462
.PEN_UP
	4260 4466
	4308 4486
	4309 4486
	4311 4486
	4314 4486
	4318 4486
	4325 4488
	4334 4488
	4344 4490
	4358 4492
	4372 4493
	4386 4496
	4401 4500
	4421 4504
	4442 4508
	4465 4513
	4491 4517
	4518 4521
	4548 4526
	4578 4529
	4609 4533
	4640 4537
	4671 4539
	4700 4541
	4729 4543
	4756 4543
	4779 4540
	4797 4537
	4812 4534
	4821 4531
	4826 4525
	4826 4520
	4821 4516
	4812 4510
	4799 4503
	4783 4497
	4764 4492
	4742 4486
	4720 4480
	4697 4474
	4674 4470
	4650 4466
	4628 4465
	4608 4464
	4589 4464
	4572 4464
	4558 4465
	4547 4465
	4538 4466
	4531 4466
	4526 4466
	4523 4467
	4520 4468
	4517 4470
	4515 4470
	4512 4470
	4509 4470
	4506 4470
	4502 4471
	4498 4471
	4495 4471
	4492 4471
	4490 4471
	4489 4473
	4487 4473
	4487 4474
	4487 4475
	4487 4476
	4489 4477
	4491 4479
	4494 4481
	4498 4483
.PEN_DOWN
	4510 4488
	4510 4488
	4510 4486
	4510 4484
	4510 4481
	4510 4477
	4508 4470
	4507 4461
	4504 4451
	4501 4440
	4497 4428
	4492 4415
	4486 4402
	4481 4389
	4477 4378
	4474 4370
	4471 4363
	4470 4359
	4470 4357
	4470 4358
	4473 4362
	4478 4369
	4485 4379
	4493 4392
	4502 4407
	4511 4419
	4520 4428
	4527 4437
	4534 4444
	4540 4450
	4544 4453
	4546 4454
	4548 4454
	4550 4451
	4550 4445
	4550 4440
	4550 4432
	4550 4424
	4550 4415
	4550 4406
	4550 4397
	4552 4388
	4555 4380
	4558 4373
	4562 4369
	4567 4365
	4573 4363
	4581 4363
	4590 4365
	4599 4368
	4609 4374
	4620 4381
	4631 4388
	4641 4394
	4650 4402
	4659 4408
	4666 4414
	4672 4418
	4676 4420
	4679 4422
	4680 4422
	4680 4421
	4680 4417
	4679 4412
	4677 4405
	4675 4398
	4675 4391
	4675 4383
	4676 4375
	4679 4369
	4683 4365
	4688 4363
	4694 4364
	4701 4367
	4708 4373
	4714 4379
	4719 4389
	4721 4398
	4721 4408
	4717 4416
	4710 4424
	4702 4429
	4695 4433
	4689 4434
	4686 4435
.PEN_UP
	4687 4435
	4710 4439
	4717 4439
	4728 4439
	4742 4438
	4758 4439
	4777 4438
	4798 4438
	4822 4439
	4845 4439
	4870 4439
	4897 4439
	4924 4439
	4952 4441
	4978 4441
	4999 4441
	5020 4443
	5040 4445
	5059 4446
	5076 4446
	5092 4447
	5106 4447
	5119 4446
	5131 4446
	5139 4446
	5146 4446
	5150 4446
	5150 4445
	5148 4445
	5142 4445
	5134 4446
	5126 4446
	5116 4446
	5106 4446
	5096 4448
	5085 4448
	5074 4448
	5064 4448
	5055 4449
	5046 4450
	5039 4451
	5033 4451
	5028 4451
	5023 4452
	5019 4452
	5015 4452
	5010 4451
	5007 4451
	5003 4450
	4999 4450
	4996 4450
	4993 4450
	4991 4451
	4990 4453
	4988 4453
	4988 4456
	4988 4459
	4988 4461
	4990 4464
	4992 4467
	4995 4469
.PEN_DOWN
	5001 4472
	5001 4472
	5001 4471
	5001 4469
	5002 4466
	5002 4460
	5002 4454
	5001 4445
	4999 4435
	4997 4425
	4993 4415
	4989 4404
	4984 4395
	4980 4388
	4977 4382
	4974 4377
	4972 4374
	4971 4374
	4972 4376
	4975 4381
	4980 4389
	4987 4399
	4997 4409
	5009 4421
	5022 4432
	5036 4442
	5050 4450
	5064 4457
	5077 4463
	5087 4467
	5096 4471
	5102 4472
	5106 4472
	5108 4468
	5108 4463
	5105 4455
	5100 4447
	5094 4438
	5088 4428
	5083 4419
	5080 4411
	5079 4402
	5079 4395
	5081 4389
	5086 4383
	5094 4379
	5103 4377
	5114 4377
	5126 4379
.PEN_UP
	5138 4381
	5186 4399
	5188 4403
	5191 4408
	5194 4415
	5198 4424
	5200 4435
	5203 4446
	5204 4460
	5204 4478
	5204 4495
.PEN_DOWN
	5200 4560
	5198 4563
	5195 4566
	5191 4568
	5189 4570
	5187 4573
	5187 4575
	5187 4576
.PEN_UP
	5186 4575
	5176 4561
	5174 4557
	5172 4552
	5168 4543
	5163 4533
	5158 4522
	5152 4510
	5146 4498
	5141 4487
	5135 4476
	5130 4465
	5124 4453
	5119 4441
.PEN_DOWN
	5099 4406
	5099 4403
	5099 4399
	5100 4395
	5104 4393
	5110 4393
	5118 4393
	5128 4395
	5139 4398
	5152 4405
	5165 4412
	5180 4421
	5194 4430
	5208 4438
	5221 4447
	5234 4455
	5245 4462
	5256 4468
	5266 4472
	5275 4474
	5283 4474
	5290 4473
	5295 4471
	5298 4466
	5299 4462
	5298 4454
	5294 4447
	5288 4439
	5281 4431
	5272 4424
	5262 4417
	5253 4410
	5244 4405
	5238 4402
	5234 4400
	5233 4397
	5235 4396
	5241 4396
	5250 4397
	5263 4399
	5279 4404
	5296 4411
	5314 4419
	5331 4428
	5348 4438
	5364 4450
	5377 4461
	5389 4473
	5399 4488
	5407 4503
	5412 4521
	5415 4539
	5416 4556
	5416 4572
	5416 4586
	5415 4599
	5414 4610
	5412 4619
	5410 4625
	5408 4630
	5406 4633
	5403 4635
	5400 4635
	5398 4635
	5394 4633
	5391 4629
	5389 4623
	5387 4616
	5385 4606
	5383 4595
	5381 4581
	5379 4566
	5376 4549
	5372 4531
	5369 4512
	5365 4494
	5361 4475
	5357 4458
	5354 4443
	5352 4431
	5351 4421
	5351 4412
	5352 4406
	5356 4402
	5363 4401
	5373 4401
	5386 4404
	5400 4410
	5414 4416
	5429 4423
	5443 4429
	5456 4435
	5468 4439
	5478 4444
	5485 4447
	5490 4451
	5494 4454
	5495 4455
	5495 4455
	5491 4453
	5486 4450
	5478 4446
	5468 4440
	5458 4435
	5449 4428
	5441 4420
	5435 4412
	5430 4404
	5428 4395
	5429 4387
	5433 4378
	5438 4371
	5446 4365
	5457 4360
	5469 4358
.PEN_UP
	5481 4355
	5528 4355
	5531 4355
	5536 4356
	5541 4358
	5549 4362
	5557 4366
	5566 4372
	5575 4376
	5583 4380
.PEN_DOWN
	5609 4390
	5608 4390
	5605 4387
	5602 4383
	5599 4379
	5596 4374
	5593 4370
	5591 4365
	5590 4361
	5590 4356
.PEN_UP
	5590 4353
	5596 4340
	5596 4341
	5596 4341
	5596 4341
	5597 4343
	5599 4343
	5599 4345
	5600 4348
	5602 4351
	5604 4356
	5606 4361
	5608 4368
	5610 4378
	5614 4392
	5618 4405
.PEN_UP
