
.WRITER_ID Fern_Anderson
.STYLE PRINTED
.PEN_DOWN
	299	1568
	302	1569
	303	1571
	303	1572
	304	1575
	305	1576
	305	1579
	307	1582
	308	1585
	308	1588
	307	1589
	305	1591
	302	1594
	299	1595
	297	1595
	292	1595
	286	1592
	281	1589
	274	1587
	272	1582
	268	1578
	265	1570
	259	1561
	256	1553
	253	1546
	253	1542
	254	1540
	257	1536
	264	1537
	273	1540
	285	1545
	298	1553
	310	1563
	323	1575
	334	1585
	338	1591
	340	1598
	340	1598
	339	1601
	338	1601
	332	1595
	327	1589
	322	1579
	320	1571
	321	1562
	322	1555
	327	1549
	334	1542
	343	1539
	353	1536
	360	1533
	371	1533
	387	1530
.PEN_UP
.PEN_DOWN
	544	1591
	544	1594
	544	1594
	544	1594
	541	1589
	535	1579
	531	1568
	526	1556
	522	1546
	520	1539
	518	1535
	518	1533
	519	1532
	520	1532
	520	1532
	522	1535
	527	1540
	530	1545
	532	1551
	533	1554
	533	1558
	532	1562
	531	1563
	526	1562
	520	1559
	511	1555
	504	1549
	497	1543
	492	1539
	491	1530
	492	1523
	495	1517
	499	1510
	505	1506
	511	1505
	518	1504
	527	1505
	537	1504
.PEN_UP
.PEN_DOWN
	774	1562
	774	1566
	776	1568
	775	1569
	775	1568
	774	1569
	774	1568
	774	1565
	776	1562
	779	1559
	783	1558
	788	1561
	794	1565
	796	1568
	798	1571
	798	1572
	798	1575
	791	1575
	781	1571
	767	1565
	752	1556
	741	1549
	737	1543
	734	1536
	737	1530
	745	1523
	756	1517
	770	1514
	786	1513
	802	1510
	820	1507
.PEN_UP
.PEN_DOWN
	1017	1601
	1017	1602
	1015	1603
	1015	1604
	1013	1601
	1007	1592
	1004	1581
	1001	1567
	1000	1556
	1000	1547
	1000	1541
	999	1536
	999	1535
	999	1533
	1000	1533
	1000	1532
	1000	1532
	1000	1533
	1000	1535
	1002	1540
	1002	1546
	1002	1555
	1002	1563
	999	1571
	995	1574
	990	1578
	986	1577
	978	1575
	973	1568
	969	1558
	967	1549
	968	1540
	970	1532
	975	1526
	981	1523
	989	1520
	1000	1519
	1014	1519
.PEN_UP
.PEN_DOWN
	1230	1586
	1230	1589
	1230	1589
	1230	1589
	1228	1589
	1224	1588
	1221	1585
	1219	1581
	1216	1579
	1215	1576
	1214	1574
	1215	1569
	1219	1566
	1223	1562
	1227	1556
	1236	1555
	1241	1556
	1245	1558
	1247	1563
	1247	1569
	1247	1576
	1245	1583
	1243	1591
	1239	1598
	1236	1604
	1230	1605
	1221	1604
	1211	1598
	1204	1589
	1197	1579
	1193	1569
	1192	1556
	1195	1545
	1202	1533
	1214	1526
	1229	1523
	1245	1523
	1260	1522
	1274	1520
.PEN_UP
.PEN_DOWN
	1458	1532
	1457	1533
	1456	1536
	1456	1536
	1455	1537
	1455	1536
	1455	1539
	1456	1538
.PEN_UP
.PEN_DOWN
	1457	1526
	1456	1523
	1455	1523
	1451	1526
	1445	1527
	1436	1530
	1429	1542
	1421	1553
	1420	1566
	1423	1579
	1434	1592
	1441	1600
	1447	1604
	1454	1604
	1461	1601
	1469	1588
	1473	1569
	1471	1546
	1462	1523
	1449	1496
	1436	1475
	1423	1464
	1414	1457
	1408	1455
	1403	1458
	1401	1467
	1403	1478
	1409	1490
	1420	1501
	1434	1511
	1448	1516
.PEN_UP
.PEN_DOWN
	1619	1522
	1618	1523
	1620	1526
	1624	1529
	1631	1532
	1640	1536
	1653	1545
	1662	1549
	1668	1553
	1673	1555
	1674	1558
	1677	1559
	1677	1562
	1676	1563
	1672	1563
	1667	1563
	1662	1559
	1657	1556
	1650	1555
	1644	1552
	1638	1548
	1633	1543
	1631	1539
	1631	1533
	1633	1529
	1640	1527
	1650	1526
	1663	1529
	1673	1536
	1683	1543
	1690	1549
	1693	1555
	1694	1556
	1694	1556
	1694	1555
	1692	1545
	1686	1529
	1677	1510
	1663	1487
	1649	1465
	1637	1451
	1626	1444
	1620	1443
	1618	1445
	1618	1454
	1624	1468
	1637	1481
	1655	1494
	1680	1504
	1705	1514
.PEN_UP
.PEN_DOWN
	274	1053
	270	1053
	268	1052
	266	1054
	264	1054
	264	1054
	263	1054
	265	1053
	270	1051
	277	1054
	286	1057
	294	1064
	305	1077
	315	1090
	323	1106
	327	1121
	327	1134
	325	1145
	320	1152
	316	1154
	314	1154
	312	1153
	311	1151
	310	1145
	308	1134
	303	1116
	300	1099
	298	1078
	296	1063
	297	1053
	297	1047
	297	1046
	297	1046
	297	1046
	297	1047
	300	1056
	309	1066
	318	1072
	325	1077
	332	1080
	337	1080
	338	1080
	340	1073
	339	1066
	336	1054
	336	1044
	336	1035
	337	1030
	340	1024
	349	1021
.PEN_UP
.PEN_DOWN
	489	1015
	489	1013
	493	1015
	499	1017
	506	1018
	514	1024
	520	1031
	526	1040
	529	1053
	535	1062
	539	1071
	542	1077
	543	1081
	544	1083
	545	1085
	545	1085
	546	1085
	543	1082
	540	1076
	533	1067
	531	1063
	528	1059
	528	1056
	531	1050
	538	1044
	550	1037
	563	1037
	574	1037
	579	1037
	581	1035
	583	1034
	584	1035
	584	1034
.PEN_UP
.PEN_DOWN
	573	1142
	568	1139
	568	1141
	570	1138
	583	1131
.PEN_UP
.PEN_DOWN
	745	1040
	743	1038
	741	1041
	741	1041
	741	1041
	740	1041
	741	1042
	746	1043
	752	1047
	762	1056
	772	1067
	781	1080
	787	1092
	792	1100
	794	1105
	794	1105
	794	1105
	796	1106
	796	1099
	796	1089
	793	1069
	787	1046
	777	1021
	766	998
	757	984
	749	975
	745	972
	740	972
	737	978
	737	991
	741	1004
	750	1018
	765	1028
	783	1034
.PEN_UP
.PEN_DOWN
	951	1028
	947	1028
	945	1024
	945	1021
	943	1021
	943	1021
	943	1022
	943	1021
	943	1024
	949	1028
	960	1034
	972	1046
	984	1057
	995	1070
	1000	1080
	1004	1092
	1004	1099
	1004	1112
	1000	1115
	999	1116
	997	1118
	993	1115
	991	1112
	987	1108
	982	1099
	975	1083
	970	1069
	963	1053
	957	1041
	956	1031
	955	1027
	955	1024
	955	1024
	957	1028
	961	1040
	965	1050
	972	1060
	978	1067
	985	1072
	991	1073
	996	1073
	997	1072
	1000	1070
	1004	1067
	1008	1060
	1010	1058
	1009	1053
	1007	1045
	1002	1040
	998	1034
	993	1033
	989	1034
	984	1034
	980	1036
	976	1037
	976	1037
	975	1036
	977	1033
	984	1027
	993	1024
	1008	1021
	1024	1020
	1041	1022
.PEN_UP
.PEN_DOWN
	1228	1085
	1228	1085
	1227	1085
.PEN_UP
.PEN_DOWN
	1240	1044
	1241	1046
	1241	1046
	1239	1046
	1238	1046
	1234	1046
	1231	1046
	1227	1047
	1223	1050
	1221	1054
	1215	1060
	1214	1070
	1214	1080
	1216	1090
	1221	1102
	1224	1109
	1227	1112
	1230	1115
	1231	1116
	1234	1115
	1239	1113
	1243	1108
	1247	1095
	1247	1079
	1243	1063
	1236	1047
	1228	1033
	1219	1024
	1213	1020
	1210	1019
	1206	1018
	1203	1020
	1201	1021
	1199	1023
	1199	1020
.PEN_UP
.PEN_DOWN
	1405	1011
	1403	1014
	1401	1017
	1397	1018
	1394	1018
	1392	1018
	1394	1019
	1393	1020
	1392	1021
	1390	1024
	1390	1028
	1390	1031
	1392	1034
	1396	1044
	1403	1050
	1409	1059
	1416	1066
	1419	1070
	1421	1073
	1424	1076
	1425	1077
	1426	1077
	1427	1076
	1427	1072
	1427	1063
	1425	1054
	1423	1044
	1421	1036
	1419	1030
	1416	1025
	1416	1023
	1416	1024
	1416	1024
	1414	1023
	1416	1024
	1419	1027
	1423	1030
	1430	1035
	1437	1041
	1444	1050
	1449	1056
	1454	1060
	1456	1063
	1457	1063
	1459	1065
	1460	1063
	1462	1062
	1465	1059
	1466	1056
	1467	1053
	1467	1050
	1467	1047
	1465	1044
	1462	1040
	1460	1036
	1459	1033
	1458	1031
	1458	1029
	1458	1030
	1458	1028
	1457	1028
	1457	1028
	1457	1028
	1457	1028
	1457	1025
	1458	1028
	1462	1031
	1466	1035
	1471	1041
	1478	1047
	1484	1054
	1488	1059
	1490	1060
	1491	1060
	1491	1060
	1494	1055
	1497	1057
	1501	1054
	1504	1047
	1501	1040
	1497	1030
	1490	1018
	1484	1002
.PEN_UP
.PEN_DOWN
	1639	1020
	1638	1021
	1636	1021
	1633	1024
	1633	1024
	1633	1027
	1637	1030
	1638	1033
	1639	1034
	1640	1040
	1644	1046
	1650	1050
	1657	1056
	1665	1060
	1672	1063
	1677	1065
	1681	1066
	1681	1063
	1682	1063
	1682	1063
	1683	1060
	1682	1057
	1682	1054
	1681	1049
	1678	1043
	1677	1037
	1675	1033
	1675	1028
	1675	1027
	1674	1024
	1674	1021
	1674	1021
	1674	1021
	1677	1022
	1684	1027
	1690	1031
	1697	1037
	1703	1043
	1707	1047
	1712	1051
	1714	1054
	1716	1054
	1716	1054
	1718	1054
	1722	1053
	1727	1048
	1731	1043
	1734	1037
	1734	1030
	1735	1024
	1734	1021
	1734	1018
	1732	1015
	1734	1010
.PEN_UP
.PEN_DOWN
	341	603
	335	600
	331	600
	325	597
	321	595
	314	593
	307	591
	305	590
	304	589
	300	587
	295	586
	292	583
	292	583
	290	581
	289	580
	289	577
	288	574
	289	574
	289	574
	290	573
	294	573
	297	573
	301	573
	305	570
	309	568
	314	564
	322	567
	332	569
	343	574
	351	579
	358	587
	363	596
	364	603
	359	610
	349	613
	334	616
	325	613
	318	609
.PEN_UP
.PEN_DOWN
	533	626
	533	630
	533	630
	533	632
	531	626
	523	613
	517	604
	510	589
	506	580
	505	571
	504	567
	504	566
	504	564
	505	567
	508	571
	513	577
	518	586
	525	596
	531	606
	535	613
	539	620
	542	626
	545	627
	548	630
	550	630
	555	628
	561	623
	568	620
	572	616
	574	613
	573	607
	568	602
	560	596
	548	591
	533	590
	520	587
	512	590
.PEN_UP
.PEN_DOWN
	730	571
	728	573
	728	574
	726	574
	726	575
	724	574
	723	576
	723	576
	723	577
	724	574
	730	577
	746	583
	763	593
	777	603
	785	610
	785	612
	783	617
	779	618
	773	616
	766	613
	759	609
	754	603
	748	597
	746	591
	746	586
	748	583
	755	583
	764	586
	774	591
	784	603
	791	609
	796	613
	796	617
	798	617
	799	609
	798	593
	793	570
	785	543
	776	522
	764	508
	757	499
	752	496
	744	498
	734	505
	730	516
	732	531
	740	545
	763	560
	789	573
.PEN_UP
.PEN_DOWN
	983	607
	983	607
	983	605
	982	597
	980	586
	978	577
	978	573
	976	570
	975	568
	974	568
	971	570
	969	574
	967	583
	967	593
	969	604
	974	613
	980	620
	984	626
	989	630
	993	630
	997	630
	1000	626
	1006	620
	1007	613
	1009	604
	1009	597
	1010	591
	1009	586
	1006	581
	1001	577
	997	577
	991	577
	986	577
	982	583
	979	586
	978	587
	976	587
	976	583
	980	573
	985	564
	993	554
	1004	545
	1015	538
.PEN_UP
.PEN_DOWN
	1181	567
	1181	570
	1182	570
	1184	571
	1190	571
	1198	570
	1208	573
	1219	577
	1228	586
	1235	594
	1241	604
	1245	617
	1245	626
	1244	636
	1243	643
	1241	652
	1237	655
	1230	655
	1225	653
	1221	651
	1217	646
	1215	642
	1216	633
	1219	622
	1226	609
	1232	596
	1239	584
	1243	574
	1243	569
	1241	564
	1234	560
	1224	555
	1215	551
	1208	551
	1202	552
	1199	551
.PEN_UP
.PEN_DOWN
	1401	617
	1401	620
	1399	620
	1399	620
	1401	619
	1405	617
	1411	616
	1416	616
	1423	617
	1430	620
	1436	624
	1443	629
	1447	633
	1449	635
	1449	635
	1449	635
	1450	629
	1450	617
	1449	604
	1444	587
	1442	573
	1438	562
	1431	551
	1424	545
	1419	542
	1412	541
	1405	542
	1398	547
	1394	556
.PEN_UP
.PEN_DOWN
	1629	580
	1621	581
	1616	582
	1613	583
	1611	583
	1611	582
	1611	581
	1611	577
	1611	574
	1616	571
	1624	573
	1635	580
	1646	590
	1657	598
	1666	606
	1670	609
	1671	610
	1671	610
	1668	604
	1662	594
	1657	581
	1651	570
	1650	561
	1651	558
	1653	557
	1661	560
	1669	567
	1678	577
	1684	583
	1688	587
	1692	590
	1694	586
	1697	574
	1696	554
	1686	525
	1674	495
	1663	473
	1655	460
	1653	458
	1648	463
	1645	473
	1644	491
	1644	511
	1650	531
	1663	547
	1682	560
	1703	566
.PEN_UP
.PEN_DOWN
	268	87
	268	87
	263	91
	265	95
	267	104
	270	114
	276	126
	281	134
	286	143
	291	147
	294	148
	296	147
	298	140
	296	130
	294	114
	291	104
	292	95
	292	91
	294	89
	297	91
	305	97
	314	105
	321	114
	327	121
	329	127
	331	131
	332	134
	331	136
	331	136
	332	134
	336	131
	344	127
	355	124
	369	127
.PEN_UP
.PEN_DOWN
	521	141
	522	145
	523	146
	524	146
	526	143
	525	136
	522	127
	516	121
	510	118
	508	117
	505	120
	504	124
	507	133
	509	140
	513	144
	513	144
	515	144
	518	144
	522	140
	525	137
	526	131
	525	120
	522	107
	520	96
	518	88
	520	85
	524	84
	533	88
	541	97
	549	108
	552	120
	557	130
	558	136
	558	137
	558	140
	557	138
	557	137
	555	131
	553	127
	553	118
	553	110
	557	104
	559	97
	563	95
	566	96
	574	105
	581	114
	590	127
	596	138
	598	146
	601	153
	603	153
.PEN_UP
.PEN_DOWN
	723	91
	728	98
	739	107
	752	114
	765	120
	774	121
	783	121
	789	121
.PEN_UP
.PEN_DOWN
	777	162
	774	159
	771	150
	769	140
	769	122
	769	108
	777	94
	790	83
	808	78
.PEN_UP
.PEN_DOWN
	943	107
	938	108
	938	110
	938	111
	938	110
	943	110
	950	108
	959	111
	969	116
	979	127
	989	136
	995	145
	999	149
	999	153
	1000	153
	999	153
	1000	149
	1000	140
	999	130
	997	114
	995	95
	992	78
	989	61
	978	43
	969	29
	960	19
	952	14
	945	13
	940	16
	938	25
	943	38
	958	52
	971	61
	983	65
.PEN_UP
