
.WRITER_ID John_Skirtich
.STYLE PRINTED
.PEN_DOWN
	263	1471
	263	1473
	264	1473
	263	1473
	257	1473
	247	1470
	230	1468
	209	1464
	188	1461
	175	1460
	169	1461
	168	1464
	172	1473
	190	1484
	211	1493
	229	1499
	249	1503
	265	1504
	276	1504
	283	1500
	285	1494
	285	1486
	281	1473
	273	1454
	262	1434
	249	1411
	240	1391
	231	1375
	225	1365
	221	1359
.PEN_UP
.PEN_DOWN
	368	1503
	370	1504
	370	1506
	369	1506
	368	1504
	365	1500
	360	1489
	355	1474
	348	1454
	340	1436
	332	1418
	326	1405
	321	1395
	317	1388
	315	1386
	312	1385
	304	1386
	293	1391
	281	1399
	268	1409
	258	1418
	253	1422
	252	1425
	256	1428
	268	1431
	289	1428
	314	1429
	340	1432
	357	1436
.PEN_UP
.PEN_DOWN
	442	1409
	443	1409
	447	1412
	449	1415
	451	1418
	450	1421
	448	1424
	446	1427
	445	1431
	442	1434
	441	1435
	437	1435
	433	1434
	427	1432
	421	1428
	413	1424
	406	1418
	399	1412
	394	1408
	393	1402
	398	1397
	405	1395
	416	1395
	425	1398
	434	1402
	442	1409
	446	1414
	447	1415
	448	1415
	449	1409
	451	1396
	453	1388
	457	1385
	467	1386
	482	1395
	499	1405
.PEN_UP
.PEN_DOWN
	565	1392
	565	1392
	565	1392
	565	1392
	567	1392
	571	1395
	577	1401
	584	1405
	591	1411
	598	1416
	605	1422
	610	1427
	613	1428
	616	1431
	616	1431
	617	1432
	617	1432
	618	1432
	616	1432
	617	1432
	616	1431
	615	1428
	612	1424
	609	1418
	607	1415
	605	1411
	605	1406
	607	1403
	611	1400
	616	1398
	620	1398
	624	1399
	629	1401
	632	1402
	637	1404
	639	1408
	641	1409
	642	1411
	643	1411
	644	1412
	644	1412
	644	1412
	644	1412
	644	1412
	644	1412
	644	1409
	643	1404
	642	1398
	643	1392
	645	1389
	647	1386
	651	1386
	658	1391
	667	1399
	671	1408
	675	1415
	676	1419
	677	1421
	677	1422
	681	1422
	694	1424
	709	1427
	728	1428
.PEN_UP
.PEN_DOWN
	807	1411
	808	1414
	810	1415
	813	1418
	813	1422
	814	1426
	816	1430
	815	1432
	815	1434
	810	1435
	806	1435
	800	1435
	793	1434
	787	1431
	779	1425
	772	1418
	766	1410
	763	1405
	763	1401
	769	1395
	780	1395
	794	1395
	805	1399
	810	1402
	812	1404
	813	1405
	812	1406
	810	1405
	808	1404
	806	1398
	808	1391
	813	1387
	826	1385
	844	1388
	861	1391
	879	1399
.PEN_UP
.PEN_DOWN
	927	1389
	927	1390
	928	1391
	930	1392
	933	1395
	940	1401
	948	1409
	959	1417
	968	1424
	976	1431
	981	1435
	983	1438
	983	1441
	983	1441
	983	1441
	982	1441
	978	1438
	970	1432
	963	1423
	957	1414
	955	1405
	955	1397
	963	1395
	976	1395
	993	1401
.PEN_UP
.PEN_DOWN
	1001	1490
	1000	1490
	999	1490
	997	1491
	1004	1489
.PEN_UP
.PEN_DOWN
	1057	1403
	1057	1404
	1057	1404
	1058	1404
	1061	1408
	1065	1410
	1073	1415
	1080	1420
	1084	1425
	1089	1429
	1090	1434
	1091	1435
	1091	1437
	1091	1437
	1091	1437
	1090	1435
	1087	1431
	1080	1422
	1076	1413
	1076	1404
	1082	1395
	1097	1392
	1116	1395
	1135	1402
.PEN_UP
.PEN_DOWN
	1147	1517
	1147	1519
	1154	1519
.PEN_UP
.PEN_DOWN
	177	1034
	175	1034
	170	1034
	164	1034
	158	1034
	149	1034
	141	1034
	137	1037
	134	1038
	133	1041
	139	1050
	150	1057
	162	1064
	173	1066
	184	1067
	191	1067
	196	1066
	199	1061
	199	1057
	198	1050
	196	1040
	190	1028
	181	1015
	171	998
	161	984
	155	971
	150	961
	148	954
	145	949
	144	946
	143	944
	143	944
	143	945
	143	943
	142	943
	143	945
	145	946
	149	952
	153	956
	157	961
	163	971
	171	981
	179	994
	188	1007
	202	1024
	217	1041
	233	1057
	242	1066
	247	1070
	249	1069
	250	1067
	247	1059
	239	1043
	226	1020
	213	992
	206	968
	210	952
	223	942
	249	938
	276	943
.PEN_UP
.PEN_DOWN
	336	973
	336	975
	337	977
	338	977
	337	981
	336	982
	332	984
	330	982
	326	979
	321	975
	317	969
	313	962
	311	956
	309	948
	310	942
	314	937
	323	935
	332	936
	340	939
	350	948
	357	958
	359	968
	358	978
	353	985
	348	988
	341	991
	338	991
	336	988
	336	985
	338	981
	341	979
	346	975
	353	975
	363	975
	376	981
	390	985
	400	984
.PEN_UP
.PEN_DOWN
	432	924
	430	923
	431	925
	431	925
	433	929
	434	933
	436	936
	441	943
	446	948
	454	956
	461	962
	469	968
	474	971
	476	970
	478	969
	478	965
	474	956
	469	945
	467	938
	469	932
	482	929
	500	929
	517	933
	538	940
.PEN_UP
.PEN_DOWN
	580	923
	582	923
	586	926
	592	931
	597	942
	605	955
	615	971
	622	984
	628	994
	631	1002
	634	1004
	636	1005
	637	1005
	637	1005
	635	1004
	634	1001
	629	995
	622	985
	614	971
	607	955
	608	938
	616	925
	633	919
	656	922
	678	936
.PEN_UP
.PEN_DOWN
	596	966
	592	968
	592	968
	593	968
	601	972
	617	978
	639	981
	663	984
.PEN_UP
.PEN_DOWN
	738	930
	739	929
	743	929
	752	929
	765	936
	781	952
	802	968
	819	985
	832	1002
	839	1016
	844	1028
	845	1037
	846	1040
	844	1041
	839	1040
	830	1033
	815	1018
	800	1002
	787	985
	773	969
	762	956
	753	943
	749	936
	747	935
	747	935
	750	939
	757	948
	764	956
	770	961
	775	961
	781	952
	789	941
	800	930
	815	924
	830	925
	847	935
.PEN_UP
.PEN_DOWN
	1013	1024
	1012	1018
	1010	1011
	1008	1004
	1006	998
	1004	994
	1006	994
	1012	998
	1021	1003
	1031	1016
	1036	1025
	1040	1032
	1041	1040
	1037	1043
	1029	1043
	1018	1040
	1005	1030
	989	1014
	972	988
	957	962
	953	939
	961	919
	978	903
	1001	899
	1025	903
	1046	912
	1063	924
.PEN_UP
.PEN_DOWN
	1108	932
	1109	931
	1110	933
	1114	934
	1120	942
	1120	945
	1124	947
	1125	948
	1125	952
	1123	955
	1120	956
	1118	959
	1112	958
	1105	952
	1098	945
	1090	935
	1084	925
	1082	922
	1084	920
	1092	920
	1103	923
	1111	929
	1118	935
	1120	942
	1122	943
	1122	943
	1122	943
	1120	939
	1122	933
	1125	926
	1133	922
	1143	921
	1160	925
.PEN_UP
.PEN_DOWN
	1197	929
	1198	926
	1199	926
	1199	926
	1199	929
	1200	932
	1203	934
	1207	936
	1212	943
	1215	945
	1217	952
	1222	956
	1226	960
	1229	962
	1230	962
	1231	962
	1232	962
	1233	961
	1234	961
	1234	958
	1234	954
	1233	950
	1231	945
	1228	936
	1229	932
	1233	926
	1244	924
	1261	926
	1277	929
	1292	936
.PEN_UP
.PEN_DOWN
	1342	948
	1344	953
	1349	959
	1354	966
	1355	968
	1355	968
	1355	968
	1351	966
	1345	961
	1339	952
	1334	939
	1332	929
	1336	919
	1339	916
	1347	916
	1357	922
	1366	939
	1370	956
	1370	969
	1368	978
	1367	981
	1366	981
	1362	978
	1362	971
	1362	966
	1368	964
	1383	966
	1401	971
.PEN_UP
.PEN_DOWN
	1460	923
	1463	924
	1468	926
	1480	938
	1495	953
	1510	972
	1525	988
	1535	1007
	1542	1021
	1544	1034
	1544	1044
	1543	1047
	1536	1044
	1525	1038
	1514	1028
	1502	1015
	1491	995
	1482	975
	1478	953
	1481	936
	1493	926
	1513	929
	1531	935
	1543	943
	1551	952
.PEN_UP
.PEN_DOWN
	1575	913
	1580	913
	1585	916
	1590	922
	1596	932
	1602	939
	1608	946
	1610	949
	1610	949
	1610	949
	1610	950
	1610	949
	1605	946
	1602	939
	1599	933
	1597	926
	1598	922
	1601	919
	1607	916
	1619	919
.PEN_UP
.PEN_DOWN
	1669	915
	1669	915
	1671	916
	1676	922
	1679	929
	1684	935
	1688	938
	1691	942
	1694	943
	1697	946
	1699	947
	1699	948
	1701	947
	1703	945
	1701	939
	1701	934
	1699	929
	1698	929
	1698	927
	1697	926
	1701	932
	1708	937
	1712	943
	1716	946
	1718	948
	1720	946
	1722	943
	1723	938
	1727	933
	1731	929
	1739	926
	1749	929
	1760	938
.PEN_UP
.PEN_DOWN
	1833	943
	1836	946
	1840	949
	1843	955
	1843	961
	1845	967
	1847	971
	1845	972
	1841	972
	1835	971
	1830	970
	1824	962
	1815	952
	1807	940
	1804	929
	1803	922
	1806	919
	1813	919
	1824	924
	1835	934
	1843	946
	1847	952
	1847	955
	1847	954
	1845	946
	1843	936
	1843	928
	1847	922
	1856	915
	1873	922
	1892	933
.PEN_UP
.PEN_DOWN
	196	568
	195	568
	190	568
	181	565
	171	561
	160	559
	150	558
	141	558
	134	559
	131	559
	128	561
	132	566
	140	570
	153	577
	166	584
	177	587
	184	588
	188	588
	189	588
	191	585
	191	582
	189	575
	186	568
	182	558
	176	548
	171	535
	166	522
	160	512
	159	504
	158	502
	158	500
	160	500
	167	505
	176	510
	185	518
	191	522
	194	526
	194	526
	194	525
	192	516
	188	506
	186	495
	188	485
	192	479
	202	480
	219	489
	240	509
	263	535
	280	558
	290	571
	296	578
.PEN_UP
.PEN_DOWN
	276	467
	276	469
	276	468
	278	470
	281	472
	287	476
	296	485
	306	493
	317	503
	328	515
	334	522
	335	524
	335	522
	329	518
	321	506
	312	495
	310	486
	316	480
	331	477
	349	480
	368	490
.PEN_UP
.PEN_DOWN
	405	482
	405	479
	406	479
	409	478
	414	483
	419	489
	423	495
	428	500
	434	509
	438	512
	442	515
	446	514
	448	515
	449	513
	451	512
	452	509
	453	509
	454	502
	454	502
	453	496
	449	490
	445	483
	440	479
	433	476
	423	473
	417	476
	415	479
	417	481
	427	482
	442	480
	461	477
	479	479
	497	486
.PEN_UP
.PEN_DOWN
	559	472
	559	472
	560	477
	567	486
	575	499
	585	511
	597	525
	610	541
	623	555
	635	571
	645	580
	648	584
	648	585
	648	585
	644	582
	637	575
	628	566
	618	554
	609	539
	603	522
	601	506
	605	496
	619	492
	637	496
	651	509
.PEN_UP
.PEN_DOWN
	613	541
	596	541
	586	545
	582	545
	585	545
	610	551
	644	555
	677	564
.PEN_UP
.PEN_DOWN
	834	547
	836	548
	838	549
	838	549
	836	549
	828	548
	812	541
	791	541
	777	540
	769	545
	766	549
	772	558
	786	571
	805	581
	824	587
	835	591
	839	591
	842	591
	844	585
	844	575
	839	561
	832	541
	821	514
	812	486
	806	463
	805	456
	811	454
	832	468
	862	493
	895	528
	921	559
	938	582
	947	595
	948	598
.PEN_UP
.PEN_DOWN
	908	462
	908	459
	908	459
	908	466
	916	476
	925	486
	934	496
	940	503
	943	509
	946	513
	946	515
	946	513
	946	511
	943	509
	940	504
	935	499
	930	490
	927	482
	928	476
	937	471
	955	470
	972	475
.PEN_UP
.PEN_DOWN
	1022	477
	1023	476
	1023	476
	1025	477
	1025	477
	1027	479
	1029	482
	1032	486
	1039	490
	1046	500
	1053	509
	1058	518
	1063	522
	1065	522
	1067	522
	1069	522
	1069	521
	1070	516
	1066	509
	1061	496
	1058	486
	1058	479
	1065	476
	1078	477
	1094	486
	1111	502
.PEN_UP
.PEN_DOWN
	1203	484
	1205	486
	1207	489
	1213	492
	1220	498
	1224	503
	1226	509
	1226	515
	1224	518
	1217	518
	1209	515
	1198	506
	1188	496
	1182	486
	1181	477
	1183	472
	1190	472
	1203	477
	1213	483
	1217	489
	1218	490
	1219	492
	1219	492
	1218	490
	1215	473
	1213	450
	1206	420
	1190	387
	1173	367
	1161	358
	1150	361
	1140	374
	1137	391
	1144	413
	1162	431
	1183	443
	1200	448
.PEN_UP
.PEN_DOWN
	1278	467
	1279	466
	1279	467
	1284	473
	1289	480
	1296	488
	1302	492
	1309	500
	1313	503
	1314	509
	1315	509
	1317	509
	1316	509
	1315	509
	1313	503
	1308	493
	1305	483
	1304	473
	1307	467
	1318	463
	1337	466
	1358	476
	1380	489
.PEN_UP
.PEN_DOWN
	1415	466
	1416	463
	1417	463
	1419	467
	1421	472
	1428	482
	1436	490
	1444	495
	1449	500
	1455	502
	1457	502
	1459	500
	1461	498
	1461	492
	1460	486
	1457	479
	1457	477
	1456	477
	1455	477
	1457	479
	1462	486
	1470	492
	1474	493
	1474	492
	1475	493
	1478	492
	1480	486
	1484	480
	1491	476
	1500	476
	1512	479
	1525	486
	1540	490
.PEN_UP
.PEN_DOWN
	1595	482
	1599	486
	1608	493
	1614	502
	1621	509
	1623	513
	1624	513
	1624	515
	1624	514
	1621	509
	1614	502
	1607	493
	1601	483
	1599	473
	1604	466
	1614	463
	1629	466
	1648	473
	1663	486
.PEN_UP
.PEN_DOWN
	1711	634
	1711	637
.PEN_UP
.PEN_DOWN
	1727	493
	1729	496
	1729	499
	1730	499
	1730	500
	1731	503
	1734	506
	1734	509
	1734	509
	1731	509
	1724	500
	1718	499
	1710	492
	1703	483
	1701	477
	1699	473
	1701	470
	1705	470
	1713	474
	1720	480
	1727	490
	1730	495
	1731	496
	1731	496
	1730	493
	1729	486
	1730	480
	1735	472
	1745	463
	1760	463
	1778	469
	1796	483
.PEN_UP
.PEN_DOWN
	290	148
	290	148
	290	145
	287	140
	285	132
	281	122
	277	113
	277	109
	277	109
	280	111
	287	121
	300	134
	310	148
	315	154
	316	157
	315	161
	312	161
	302	155
	283	141
	260	119
	237	94
	221	72
	218	60
	229	53
	255	51
	286	56
	314	65
	338	74
.PEN_UP
.PEN_DOWN
	399	77
	402	79
	406	81
	407	82
	406	82
	406	81
	402	79
	397	76
	389	69
	383	59
	376	47
	376	37
	383	29
	395	30
	406	37
	411	49
	411	63
	406	75
	402	83
	401	88
	401	88
	404	88
	417	85
	436	85
	454	89
	471	96
.PEN_UP
.PEN_DOWN
	550	26
	552	24
	552	24
	554	27
	561	34
	575	45
	590	56
	609	73
	626	92
	641	108
	656	125
	665	135
	671	144
	671	146
	669	148
	662	145
	651	139
	637	129
	624	118
	612	102
	599	86
	591	69
	586	53
	588	44
	595	34
	605	36
	618	36
	628	37
	632	39
	634	40
	635	40
	637	38
	637	38
	638	40
	644	43
.PEN_UP
.PEN_DOWN
	740	53
	744	56
	745	56
	747	59
	747	59
	747	59
	745	56
	738	53
	732	47
	723	40
	717	36
	712	29
	710	23
	711	14
	718	7
	728	6
	738	10
	745	17
	751	27
	752	37
	751	47
	751	56
	749	62
	747	62
	747	62
	747	60
	746	60
	751	56
	763	56
	779	59
	796	65
	813	73
.PEN_UP
.PEN_DOWN
	872	19
	871	17
	872	17
	876	24
	880	33
	887	43
	897	56
	906	64
	917	70
	925	75
	931	75
	931	75
	934	73
	934	69
	932	60
	929	49
	923	36
	921	24
	921	17
	928	14
	947	20
	965	29
	984	43
.PEN_UP
.PEN_DOWN
	1087	25
	1091	30
	1093	36
	1097	43
	1098	49
	1097	53
	1097	56
	1094	59
	1090	59
	1084	56
	1078	52
	1069	43
	1063	34
	1061	26
	1061	20
	1062	16
	1067	14
	1074	17
	1082	23
	1088	30
	1094	37
	1097	38
	1099	40
	1101	36
	1103	27
	1105	20
	1108	14
	1116	13
	1131	20
.PEN_UP
.PEN_DOWN
	1252	33
	1254	30
	1260	36
	1264	46
	1269	56
	1275	70
	1277	76
	1277	82
	1273	85
	1267	86
	1258	85
	1249	82
	1237	73
	1226	62
	1215	48
	1208	36
	1209	27
	1217	24
	1235	29
	1256	43
	1277	63
	1295	83
	1311	102
	1323	120
	1333	132
	1336	135
	1336	135
	1336	135
	1330	129
	1321	116
	1307	99
	1292	82
	1279	62
	1270	43
	1269	29
	1277	19
	1295	17
	1315	24
	1332	36
	1347	49
.PEN_UP
.PEN_DOWN
	1411	50
	1413	49
	1413	49
	1413	47
	1411	47
	1406	39
	1400	30
	1394	21
	1389	11
	1385	3
	1385	1
	1384	1
	1394	11
	1405	23
	1415	36
	1419	48
	1419	52
	1415	56
	1412	56
	1411	56
	1410	56
	1411	56
	1417	53
	1429	53
	1443	56
	1459	62
	1476	69
	1487	79
.PEN_UP
