
.WRITER_ID GregThomas
.STYLE PRINTED
.PEN_DOWN
	85	477
	86	476
	86	477
	85	477
	85	476
	85	477
	85	478
	85	479
	84	479
	83	478
	82	478
	81	477
	81	476
	80	476
	80	475
	80	474
	80	473
	80	472
	80	471
	80	470
	81	469
	82	469
	82	468
	83	468
	84	468
	85	468
	85	469
	86	469
	87	470
	88	470
	88	469
.PEN_UP
.PEN_DOWN
	88	477
	88	478
	88	479
	87	479
	87	478
	86	477
	86	476
	86	475
	86	474
	86	473
	86	472
	86	471
	86	469
	86	468
	86	467
	86	466
	86	465
	87	464
	87	463
	87	462
	87	461
	88	461
	88	460
	88	459
	89	459
	89	460
	90	460
	90	461
	91	462
	91	463
	91	464
	91	465
	91	466
	91	467
	90	468
	90	469
	89	469
	89	470
	88	470
	87	470
	86	470
	86	469
.PEN_UP
.PEN_DOWN
	97	478
	97	479
	97	478
	96	478
	96	477
	96	476
	97	476
	97	475
	97	474
	97	473
	98	473
	98	472
	99	471
	100	471
	101	471
	102	471
	103	472
	104	473
	105	473
	105	474
	106	474
	106	475
	106	476
	106	477
	106	478
	105	479
	105	480
	104	480
	104	479
	104	478
	105	478
	105	477
	105	476
	105	475
	105	474
	106	474
	106	473
	106	472
	107	472
	108	471
	109	471
	110	471
	110	472
	111	472
	111	473
	112	473
.PEN_UP
.PEN_DOWN
	118	481
	118	480
	118	479
	118	478
	118	477
	118	476
	118	475
	118	474
	119	473
	119	472
	119	471
	120	471
	120	472
	121	472
.PEN_UP
.PEN_DOWN
	131	482
	131	481
	131	482
	130	483
	130	484
	129	484
	129	483
	128	483
	128	482
	127	481
	127	480
	126	479
	126	478
	126	477
	126	476
	126	475
	127	475
	127	474
	128	474
	129	474
	130	474
	131	474
	132	475
	133	475
	134	475
	134	476
	135	476
	135	475
.PEN_UP
.PEN_DOWN
	139	487
	138	487
	138	486
	138	485
	139	484
	139	483
	139	482
	139	481
	139	480
	140	479
	140	478
	140	477
	140	476
	141	475
	141	474
	141	473
	141	472
.PEN_UP
.PEN_DOWN
	140	476
	140	477
	140	478
	141	478
	142	478
	143	477
	143	476
	144	476
	144	475
	145	475
	146	475
	146	474
	147	474
	146	474
.PEN_UP
.PEN_DOWN
	145	484
	144	484
	144	483
	143	483
	143	482
	142	482
	142	481
	141	480
	141	479
	141	478
	142	478
.PEN_UP
.PEN_DOWN
	182	479
	182	480
	183	480
	184	480
	185	480
	186	480
	186	481
	187	481
	188	481
	189	481
	189	480
	189	479
	189	478
	188	478
	188	477
	187	476
	187	475
	186	475
	186	474
	185	474
	185	473
	185	472
	184	472
	184	471
	184	470
	184	469
	184	470
	185	470
	186	470
	187	470
	187	471
	188	471
	189	471
	190	471
	191	471
	192	471
	193	471
	193	470
.PEN_UP
.PEN_DOWN
	197	481
	196	481
	197	481
	198	481
	198	482
	199	482
	200	482
	200	483
	201	483
	201	484
	201	485
	200	485
	199	485
	198	485
	197	485
	197	484
	196	484
	196	483
	195	483
	195	482
	195	481
	195	480
	195	479
	196	479
	196	478
	197	478
	197	477
	198	477
	199	477
	199	476
	200	476
	201	476
	202	477
	203	477
	203	478
	204	478
	204	477
.PEN_UP
.PEN_DOWN
	209	484
	209	485
	209	486
	210	486
	209	486
	209	485
	209	484
	209	483
	209	482
	209	481
	209	479
	209	478
	210	477
	210	476
	210	475
	210	474
	210	473
	210	472
	210	471
	210	470
	210	471
	210	472
.PEN_UP
.PEN_DOWN
	210	485
	210	486
	211	486
	212	487
	213	487
	214	487
	215	487
	216	486
	216	485
	216	484
	216	483
	216	482
	215	481
	215	480
	214	480
	213	480
	212	480
	212	481
	212	480
.PEN_UP
.PEN_DOWN
	220	495
	220	494
	220	493
	220	492
	220	491
	220	490
	220	489
	220	488
	220	487
	220	486
	220	485
	220	484
	220	483
	220	482
	220	483
	220	484
	220	485
	220	486
	221	486
	221	487
	222	488
	223	488
	223	489
	224	489
	224	488
	225	488
	225	487
	225	486
	226	486
	226	485
	226	484
	226	483
	226	482
	226	481
	226	482
	225	482
	226	482
	225	482
	226	482
.PEN_UP
.PEN_DOWN
	234	488
	233	488
	233	489
	233	488
	233	487
	234	487
	234	486
	234	485
	235	484
	235	483
	235	482
	236	482
	236	481
	237	481
	237	480
.PEN_UP
.PEN_DOWN
	241	491
	240	491
	240	490
	240	489
	239	489
	239	488
	239	487
	238	487
	238	486
	238	485
	237	485
	237	484
	237	482
	237	481
	236	481
	236	480
	236	479
	236	478
	235	478
	235	477
	235	476
	235	475
	235	474
	234	474
	234	473
	234	472
	233	471
	234	471
	234	470
.PEN_UP
.PEN_DOWN
	246	490
	246	491
	245	491
	245	490
	245	489
	246	489
	246	488
	246	487
	246	486
	246	485
	246	484
	246	483
	246	484
	246	485
	246	486
	246	487
	246	488
	246	489
	246	490
	247	490
	247	491
	247	492
	248	492
	248	493
	249	493
	250	493
	251	493
	251	492
.PEN_UP
.PEN_DOWN
	263	495
	262	495
	262	496
	261	496
	261	495
	260	495
	259	495
	258	494
	257	494
	257	493
	256	493
	256	492
	256	491
	257	491
	258	491
	259	491
	260	491
	261	491
	262	491
	263	491
	263	490
	264	489
	264	488
	264	487
	264	486
	264	485
	263	485
	263	484
	262	484
	261	484
	260	484
	259	484
	258	484
	258	485
	257	485
	257	484
	258	484
	259	483
.PEN_UP
.PEN_DOWN
	295	493
	294	493
	294	494
	293	494
	293	493
	293	492
	293	491
	293	490
	293	489
	293	488
	293	487
	293	486
	293	485
	293	484
	293	483
	293	484
	293	485
	293	486
	293	487
	293	488
	294	488
	294	489
	295	489
	295	490
	296	490
	297	490
	298	490
	299	490
	300	490
	300	489
	301	489
	301	488
	301	487
	301	486
	301	485
	300	485
	300	484
	299	484
	299	483
	298	483
	298	482
	297	482
	296	482
	295	483
	294	483
	294	484
	295	484
.PEN_UP
.PEN_DOWN
	305	496
	305	497
	304	497
	304	496
	304	495
	305	495
	305	494
	305	493
	305	492
	305	491
	305	490
	305	489
	305	488
	305	487
	305	486
	305	485
	305	484
	305	483
	305	482
	306	482
	306	483
.PEN_UP
.PEN_DOWN
	314	490
	313	491
	312	491
	312	490
	311	490
	311	489
	310	488
	310	487
	310	486
	310	485
	310	484
	311	484
	312	483
	313	483
	314	483
	315	483
	316	483
	316	484
	317	484
	317	485
	317	486
	317	487
	317	488
	317	489
	316	489
	316	490
	315	490
	314	490
	314	489
.PEN_UP
.PEN_DOWN
	322	490
	323	490
	323	489
	322	489
	322	488
	322	487
	322	486
	322	485
	322	484
	322	483
	323	483
	324	483
	325	483
	326	483
	326	484
	327	484
	327	485
	327	486
	328	487
	328	488
	328	487
	328	486
	328	485
	329	484
	330	484
	331	484
	332	484
	333	484
	334	485
	335	486
	335	487
	335	488
	335	489
	335	490
	334	491
.PEN_UP
