
.WRITER_ID David_Navi
.STYLE PRINTED
.PEN_DOWN
	203	1629
	203	1629
	206	1632
	214	1635
	223	1638
	236	1645
	246	1649
	254	1655
	261	1660
	265	1668
	271	1682
	278	1695
	287	1707
	289	1714
	289	1718
	285	1722
	274	1727
	263	1726
	251	1727
	239	1723
	225	1717
	208	1704
	187	1687
	173	1664
	164	1642
	165	1628
	175	1619
	196	1619
	221	1628
	246	1641
	259	1652
	263	1661
	263	1668
	253	1665
.PEN_UP
.PEN_DOWN
	353	1698
	355	1703
	357	1708
	364	1716
	374	1724
	383	1732
	398	1742
	413	1747
	428	1754
	440	1759
	451	1759
	458	1757
	464	1747
	463	1736
	456	1719
	445	1700
	431	1681
	415	1662
	401	1649
	393	1641
	391	1639
	391	1639
	398	1646
	411	1659
	426	1672
	436	1682
	445	1695
	453	1704
	464	1714
	477	1723
	495	1736
	514	1742
	535	1749
	548	1750
	554	1748
	558	1744
	557	1734
	547	1721
	531	1708
	516	1691
	507	1680
	503	1668
	503	1658
.PEN_UP
.PEN_DOWN
	587	1670
	593	1672
	602	1672
	613	1672
	626	1674
	641	1681
	655	1691
	668	1707
	677	1722
	685	1744
	686	1763
	679	1776
	668	1778
	653	1769
	634	1747
	614	1720
	599	1694
	595	1674
	610	1661
	643	1659
	682	1672
	713	1687
.PEN_UP
.PEN_DOWN
	876	1733
	876	1736
	876	1736
	877	1733
	881	1730
	882	1720
	887	1707
	892	1688
	900	1665
	906	1646
	912	1629
	913	1616
	913	1612
	912	1610
	911	1611
.PEN_UP
.PEN_DOWN
	897	1733
	894	1737
	893	1740
	893	1740
	897	1744
	909	1746
	930	1747
	954	1746
	980	1747
	1007	1743
	1031	1730
	1052	1713
	1067	1692
	1073	1672
	1061	1651
	1024	1632
	975	1617
	921	1610
	876	1609
	854	1619
	850	1626
	868	1629
.PEN_UP
.PEN_DOWN
	1184	1708
	1184	1707
	1180	1713
	1174	1711
	1172	1707
	1172	1700
	1172	1691
	1173	1674
	1179	1656
	1189	1636
	1198	1621
	1204	1612
	1212	1609
	1223	1610
	1238	1622
	1253	1639
	1264	1664
	1268	1694
	1266	1724
	1262	1736
	1262	1737
	1257	1729
	1255	1707
	1257	1681
	1262	1655
	1273	1632
	1292	1610
	1307	1600
	1311	1600
	1317	1609
.PEN_UP
.PEN_DOWN
	1361	1733
	1365	1734
	1365	1736
	1366	1736
	1367	1730
	1373	1708
	1382	1684
	1392	1656
	1405	1629
	1414	1615
	1419	1610
	1428	1616
	1440	1639
	1453	1668
	1461	1707
	1464	1746
	1460	1769
	1456	1770
.PEN_UP
.PEN_DOWN
	1603	1707
	1604	1711
	1604	1714
	1605	1720
	1605	1723
	1602	1730
	1592	1735
	1584	1738
	1574	1740
	1567	1737
	1562	1723
	1560	1698
	1559	1671
	1566	1648
	1575	1629
	1587	1622
	1601	1626
	1615	1645
	1626	1668
	1632	1700
	1636	1727
	1637	1734
	1632	1730
	1629	1708
	1628	1682
	1630	1655
	1637	1629
	1652	1610
.PEN_UP
.PEN_DOWN
	1743	1749
	1742	1749
	1742	1744
	1742	1730
	1742	1708
	1742	1686
	1746	1664
	1757	1649
	1771	1640
	1791	1639
	1815	1646
	1841	1658
	1862	1671
.PEN_UP
.PEN_DOWN
	139	1488
	131	1492
	126	1496
	123	1498
	122	1498
	125	1493
	132	1479
	141	1452
	150	1423
	160	1397
	166	1377
	166	1366
	165	1364
	165	1364
	161	1374
	156	1391
	151	1412
	143	1440
	130	1469
	121	1491
	120	1499
	124	1505
	137	1508
	158	1508
	183	1506
	214	1501
	238	1494
	248	1488
	250	1481
	235	1470
	201	1461
	165	1458
	131	1458
	105	1459
	96	1461
	96	1461
.PEN_UP
.PEN_DOWN
	316	1396
	310	1393
	310	1393
	311	1393
	317	1387
	325	1386
	332	1387
	341	1389
	353	1402
	366	1420
	379	1444
	386	1472
	385	1501
	374	1531
	364	1547
	356	1551
	344	1543
	334	1517
	327	1484
	328	1452
	334	1421
	350	1396
	374	1375
	390	1367
	398	1367
	400	1374
.PEN_UP
.PEN_DOWN
	531	1456
	529	1469
	523	1480
	516	1485
	503	1490
	487	1488
	473	1479
	464	1462
	463	1445
	471	1425
	490	1409
	510	1400
	524	1399
	538	1409
	546	1429
	550	1452
	552	1479
	551	1491
	551	1491
	553	1472
	557	1448
	568	1423
	585	1400
	604	1383
	614	1379
.PEN_UP
.PEN_DOWN
	707	1514
	705	1518
	696	1520
	683	1507
	670	1488
	661	1463
	657	1439
	664	1418
	683	1403
	704	1399
	726	1407
	742	1419
	752	1433
.PEN_UP
.PEN_DOWN
	847	1419
	856	1427
	864	1434
	873	1443
	883	1455
	889	1468
	884	1491
	873	1511
	857	1527
	842	1528
	824	1524
	809	1503
	807	1472
	816	1442
	837	1414
	868	1389
	890	1380
	904	1380
.PEN_UP
.PEN_DOWN
	166	1253
	165	1256
	165	1255
	165	1256
	165	1254
	164	1252
	163	1245
	162	1233
	164	1216
	170	1194
	179	1174
	186	1157
	191	1144
	193	1138
	193	1138
	193	1138
	191	1141
	188	1151
	188	1164
	190	1171
	193	1171
.PEN_UP
.PEN_DOWN
	315	1281
	311	1285
	310	1285
	308	1281
	311	1268
	315	1256
	321	1236
	331	1216
	346	1194
	355	1177
	356	1168
	353	1164
	345	1164
	334	1174
	325	1193
	320	1222
	317	1256
	315	1285
	319	1296
	323	1299
	332	1294
	341	1291
	346	1282
	351	1276
	357	1272
	366	1263
	381	1257
	392	1251
	398	1246
	401	1242
	400	1233
	392	1223
	373	1219
	353	1216
	337	1213
	336	1213
	341	1216
	364	1217
	393	1217
	420	1213
	439	1207
	456	1200
	465	1187
	467	1177
	458	1162
	430	1154
	400	1155
	372	1159
	357	1171
	351	1184
	358	1191
.PEN_UP
.PEN_DOWN
	542	1155
	546	1158
	551	1160
	563	1158
	580	1159
	601	1159
	619	1159
	633	1168
	641	1177
	647	1191
	651	1210
	651	1232
	645	1255
	634	1265
	621	1267
	604	1258
	588	1239
	581	1213
	583	1185
	597	1160
	625	1140
	649	1128
	662	1127
	672	1136
.PEN_UP
.PEN_DOWN
	810	1246
	805	1256
	801	1264
	793	1269
	782	1272
	771	1272
	762	1263
	754	1248
	752	1226
	758	1203
	773	1186
	792	1177
	814	1177
	831	1187
	842	1207
	844	1229
	838	1249
	835	1254
	832	1246
	841	1220
	855	1192
	872	1164
	891	1139
.PEN_UP
.PEN_DOWN
	1014	1288
	1005	1291
	992	1287
	974	1267
	961	1236
	955	1200
	964	1171
	990	1148
	1020	1135
	1044	1134
	1060	1145
.PEN_UP
.PEN_DOWN
	1088	1326
	1093	1326
	1097	1324
	1100	1315
	1108	1299
	1114	1276
	1122	1243
	1133	1209
	1142	1177
	1147	1150
	1150	1137
	1151	1133
	1155	1135
	1164	1148
	1174	1164
	1183	1183
	1193	1209
	1198	1232
	1202	1240
	1210	1236
	1225	1216
	1244	1187
	1269	1161
	1295	1141
	1319	1125
	1335	1119
	1345	1124
.PEN_UP
.PEN_DOWN
	1433	1276
	1436	1276
	1436	1276
	1437	1278
	1438	1278
	1439	1276
	1446	1263
	1453	1246
	1464	1223
	1481	1196
	1502	1167
	1515	1141
	1519	1128
	1519	1121
	1519	1121
	1517	1121
	1514	1128
	1511	1132
	1510	1135
	1509	1138
	1508	1141
	1506	1145
	1504	1147
	1502	1155
	1499	1161
.PEN_UP
.PEN_DOWN
	1482	1299
	1493	1305
	1506	1308
	1519	1308
	1532	1305
	1549	1289
	1564	1265
	1575	1243
	1575	1226
	1559	1213
	1528	1214
	1497	1222
	1476	1228
.PEN_UP
.PEN_DOWN
	1648	1160
	1658	1158
	1667	1158
	1674	1158
	1681	1161
	1689	1168
	1694	1182
	1701	1203
	1707	1227
	1708	1256
	1707	1282
	1704	1290
	1690	1294
	1674	1287
	1661	1272
	1660	1245
	1665	1216
	1678	1186
	1695	1161
	1716	1141
	1729	1132
	1734	1128
	1737	1127
	1744	1119
.PEN_UP
.PEN_DOWN
	1810	1168
	1811	1171
	1813	1171
	1816	1164
	1817	1154
	1817	1144
	1816	1141
	1817	1141
	1819	1140
	1825	1144
.PEN_UP
.PEN_DOWN
	115	1033
	115	1036
	113	1037
	113	1037
	113	1036
	113	1033
	113	1020
	118	997
	124	974
	134	951
	141	934
	147	925
	151	917
	156	911
.PEN_UP
.PEN_DOWN
	289	1001
	289	1010
	287	1022
	278	1033
	263	1039
	244	1038
	229	1030
	216	1010
	214	983
	227	954
	250	934
	275	928
	300	931
	318	942
	319	964
	311	990
.PEN_UP
.PEN_DOWN
	454	1028
	454	1033
	454	1033
	451	1033
	441	1030
	422	1027
	402	1027
	386	1027
	381	1029
	381	1027
	383	1016
	391	999
	400	981
	404	965
	403	952
	402	948
	402	948
	402	954
	415	970
	432	983
	456	988
	484	981
	506	967
	522	948
	522	931
	507	911
	476	902
.PEN_UP
.PEN_DOWN
	782	1033
	782	1036
	782	1037
	782	1037
	782	1036
	769	1033
	748	1033
	726	1033
	705	1035
	694	1037
	690	1037
	689	1037
	689	1037
	688	1036
	688	1029
	687	1026
	688	1017
	687	1010
	687	1000
	687	990
	685	980
	677	967
	668	952
	663	942
	663	934
	668	928
	682	922
	705	919
	728	921
	750	921
	768	922
	777	923
	779	924
	782	931
.PEN_UP
.PEN_DOWN
	780	989
	782	992
	782	994
	779	994
	761	994
	728	992
	694	988
	670	980
.PEN_UP
.PEN_DOWN
	926	931
	930	929
	934	925
	936	922
	935	919
	934	918
	934	916
	929	918
.PEN_UP
.PEN_DOWN
	1182	1046
	1182	1046
	1183	1046
	1183	1046
	1180	1045
	1179	1042
	1167	1039
	1151	1036
	1131	1036
	1116	1033
	1112	1033
	1109	1030
	1109	1027
	1112	1020
	1116	1010
	1122	997
	1123	986
	1123	974
	1118	964
	1116	957
	1114	955
	1112	955
	1112	961
	1116	974
	1133	983
	1157	988
	1184	988
	1204	980
	1219	967
	1230	952
	1234	938
	1230	925
	1217	915
	1190	906
	1158	905
	1131	902
	1123	902
.PEN_UP
.PEN_DOWN
	1314	1021
	1314	1023
	1314	1023
	1315	1024
	1315	1023
	1315	1025
	1314	1023
	1307	1019
	1297	1017
	1288	1017
	1283	1019
	1278	1026
	1281	1037
	1292	1046
	1309	1050
	1330	1047
	1348	1042
	1365	1036
	1375	1027
	1379	1023
	1378	1014
	1371	1010
	1356	1001
	1341	990
	1328	974
	1322	957
	1325	938
	1341	922
	1361	916
	1378	912
	1392	915
	1403	918
	1410	920
	1416	921
	1419	922
	1422	922
.PEN_UP
.PEN_DOWN
	1491	1040
	1493	1043
	1493	1043
	1494	1042
	1495	1040
	1502	1029
	1510	1016
	1517	997
	1525	979
	1531	961
	1536	947
	1538	934
	1538	929
	1538	929
	1536	935
	1539	954
	1549	980
	1558	1014
	1564	1039
	1569	1046
	1581	1036
	1594	1010
	1606	974
	1618	942
	1626	916
	1631	900
	1633	895
	1634	896
	1637	906
.PEN_UP
.PEN_DOWN
	1735	1070
	1736	1073
	1737	1073
	1738	1066
	1740	1047
	1744	1023
	1752	997
	1763	968
	1772	945
	1778	929
	1780	925
	1780	925
	1778	938
	1771	964
	1759	991
	1748	1007
	1738	1006
	1724	994
	1709	970
	1701	938
	1704	915
	1718	895
	1745	884
	1778	893
	1803	912
.PEN_UP
.PEN_DOWN
	179	581
	177	584
	176	584
	176	584
	176	584
	181	578
	191	562
	205	542
	220	520
	233	499
	240	486
	242	483
	241	483
	235	486
	227	490
.PEN_UP
.PEN_DOWN
	131	650
	133	650
	134	649
	134	649
	133	647
	132	650
	133	647
.PEN_UP
.PEN_DOWN
	289	618
	289	618
	289	618
	288	618
	289	618
	287	620
	287	618
	289	617
	293	614
	294	614
	297	612
	302	607
	308	600
	319	591
	328	581
	336	565
	347	549
	356	535
	362	522
	371	510
	376	503
	378	500
	378	500
	377	502
	370	516
	360	541
	355	569
	349	594
	350	606
	353	611
	364	613
	376	605
	394	587
	413	568
	439	536
	464	509
	479	487
	486	476
	488	473
	490	479
.PEN_UP
.PEN_DOWN
	608	525
	608	523
	619	516
	628	512
	636	510
	642	509
	644	510
	647	510
	649	516
	646	529
	641	546
	635	561
	628	577
	623	594
	615	610
	606	621
	602	630
	594	632
	589	637
	580	637
	568	640
	559	639
	557	639
	554	637
	555	632
	561	623
	567	614
	575	598
	585	584
	597	564
	617	538
	642	509
	670	470
	700	434
	722	402
	735	378
	743	362
	746	348
	743	339
	732	335
	709	342
	683	362
	665	394
	658	425
	662	442
	676	447
.PEN_UP
.PEN_DOWN
	718	654
	722	654
	726	654
	727	653
	730	650
	728	643
.PEN_UP
.PEN_DOWN
	771	580
	771	581
	770	582
	775	578
	788	565
	799	551
	812	533
	824	513
	836	493
	840	483
.PEN_UP
.PEN_DOWN
	838	601
	840	604
	842	604
	854	594
	871	574
	891	548
	917	516
	940	492
	947	476
	951	468
	951	467
	949	469
	942	483
	936	506
	930	537
	922	569
	919	597
	923	609
	932	611
	952	598
	972	574
	996	542
	1026	506
	1051	476
	1061	464
	1063	460
	1056	470
.PEN_UP
.PEN_DOWN
	1123	582
	1124	584
	1124	584
	1124	584
	1129	578
	1139	564
	1152	546
	1173	524
	1196	500
	1218	477
.PEN_UP
.PEN_DOWN
	1134	658
	1131	666
	1131	669
	1132	669
	1132	669
	1134	663
	1136	652
.PEN_UP
.PEN_DOWN
	1322	640
	1322	641
	1324	641
	1326	641
	1331	640
	1335	636
	1336	636
	1337	633
	1341	627
	1346	617
	1361	598
	1379	574
	1403	542
	1427	506
	1442	476
	1448	461
	1450	453
	1449	452
.PEN_UP
.PEN_DOWN
	1453	616
	1457	617
	1459	617
	1459	617
	1455	617
	1438	617
	1412	618
	1379	620
	1351	620
	1332	618
	1326	613
	1324	610
.PEN_UP
.PEN_DOWN
	1526	492
	1534	493
	1545	496
	1558	497
	1575	496
	1596	497
	1620	503
	1639	523
	1648	552
	1645	588
	1630	623
	1606	656
	1588	663
	1575	659
	1562	638
	1559	598
	1572	554
	1603	506
	1641	471
	1664	466
	1682	480
.PEN_UP
.PEN_DOWN
	246	181
	247	182
	248	182
	248	183
	253	181
	257	175
	261	166
	263	156
	263	145
	263	130
	261	113
	261	93
	262	73
	269	54
	282	37
	300	22
	319	15
	344	15
	366	15
	390	19
	413	28
	430	37
	436	45
	436	50
	430	51
.PEN_UP
.PEN_DOWN
	619	51
	625	57
	632	61
	642	64
	653	71
	664	78
	670	91
	670	107
	662	127
	649	148
	632	165
	617	179
	602	185
	587	186
	572	185
	558	179
	547	169
	539	156
	533	143
	530	130
	527	119
	526	112
	527	104
	527	96
	529	90
	531	81
	538	71
	546	61
	555	53
	561	47
	563	43
	567	41
	572	38
	584	37
	598	34
	610	31
	617	28
	623	28
	630	31
	640	40
	648	58
	648	84
	644	120
.PEN_UP
.PEN_DOWN
	885	91
	895	100
	902	114
	905	123
	902	133
	889	144
	869	156
	846	166
	827	172
	810	176
	795	172
	782	154
	776	127
	776	97
	781	64
	793	38
	803	28
	820	28
	842	35
	867	55
	887	83
	897	106
	896	133
	874	159
	828	182
.PEN_UP
.PEN_DOWN
	1037	172
	1037	172
	1037	168
	1048	143
	1061	110
	1079	64
	1107	5
	1139	-64
	1164	-129
	1166	-158
	1163	-162
	1154	-155
	1134	-123
	1116	-80
	1104	-21
	1090	48
	1077	114
	1069	166
	1077	190
	1103	193
	1140	176
	1185	143
	1227	110
	1249	87
	1251	72
	1234	67
	1196	73
	1147	93
	1095	117
	1050	142
.PEN_UP
