.WRITER_ID 1050
.STYLE PRINTED
.DATE 10 11 90
.COUNTRY japan

		 Native language: Japanese

.PEN_UP
124 144
124 144
124 144
125 144
125 140
125 135
125 135
125 130
125 125
125 120
123 116
123 109
123 108
123 103
123 103
123 103
123 103
123 105
124 108
125 108
126 108
128 108
128 108
128 108
128 108
126 106
125 106
125 106
123 106
121 106
121 106
120 106
118 106
116 106
116 109
116 109
113 109
113 112
111 114
111 114
110 116
109 117
108 119
108 119
107 119
106 119
106 119
104 119
103 119
102 119
102 119
102 119
101 119
101 119
101 119
101 119
101 119
101 119
101 119
101 119
101 119
101 119
101 119
101 119
101 119
101 119
101 119
101 119
101 119
101 118
101 118
101 118
101 118
100 115
100 115
100 115
100 115
100 115
100 115
100 115
100 116
100 116
100 116
100 117
100 117
100 117
100 118
100 118
100 118
99 118
99 119
99 119
99 119
99 119
99 120
99 120
98 120
98 120
98 121
98 121
98 121
98 121
98 121
98 121
98 121
98 124
98 124
99 124
99 124
99 124
99 124
99 125
99 125
99 125
99 127
99 127
99 127
99 127
99 127
99 127
.PEN_DOWN
99 127
99 127
99 127
97 127
97 125
97 125
97 125
96 125
96 125
96 125
96 125
96 125
96 125
97 125
98 121
99 121
99 118
99 116
99 114
99 113
99 112
100 110
100 108
100 106
100 106
100 106
100 104
100 104
100 104
.PEN_UP
100 104
100 104
100 104
100 104
101 104
101 104
102 106
103 107
103 108
103 108
103 111
103 111
104 111
104 114
104 116
106 118
106 118
107 120
108 121
108 121
108 123
110 126
110 126
110 126
110 126
110 126
110 126
110 126
112 128
112 128
112 128
112 128
.PEN_DOWN
112 128
112 128
112 128
112 127
112 125
112 125
112 123
113 121
113 121
114 120
114 119
114 117
114 116
114 116
114 114
114 114
114 114
116 110
116 109
116 109
116 105
116 105
.PEN_UP
116 105
116 105
116 105
116 105
119 105
119 105
119 105
119 105
120 106
120 106
120 106
120 106
121 106
122 110
122 113
124 113
124 113
124 113
124 115
126 119
126 119
.PEN_UP
.DT 160
.PEN_UP
0 0
.PEN_DOWN
0 0
.PEN_UP
0 0
.PEN_DOWN
0 0
.PEN_UP
0 0
.PEN_DOWN
0 0
.PEN_UP
0 0
.PEN_DOWN
0 0
.PEN_UP
0 0
.PEN_UP
.DT 220
.PEN_UP
149 138
149 138
149 138
147 138
145 138
145 138
145 138
141 138
138 138
137 138
134 138
133 135
129 135
129 135
129 135
129 135
129 135
129 134
125 134
125 134
125 134
124 134
123 134
122 134
122 134
121 133
121 132
119 130
117 130
117 128
116 128
116 128
116 126
116 125
116 124
116 124
116 124
116 124
116 124
116 124
116 124
116 124
116 124
115 124
115 125
115 125
115 125
115 125
115 127
115 127
115 127
115 128
115 129
117 129
117 129
117 129
117 129
117 129
117 129
117 129
116 132
116 132
116 132
116 133
115 133
113 133
112 133
112 133
112 134
112 134
111 135
111 135
111 138
111 138
109 139
109 139
109 139
109 139
109 139
109 138
109 137
109 136
107 136
107 136
107 136
107 136
107 136
109 136
109 136
112 135
112 135
113 135
113 135
116 135
116 135
120 135
120 135
120 134
120 134
120 134
120 134
124 134
125 134
125 134
125 134
125 133
125 133
126 133
126 133
126 133
126 133
.PEN_DOWN
126 133
126 133
126 133
126 132
126 132
126 132
124 132
124 132
121 131
121 131
121 131
120 131
120 131
120 131
118 131
118 131
118 131
116 131
115 131
115 130
115 128
113 128
112 128
112 127
111 126
111 126
111 124
111 122
111 122
111 122
111 122
111 122
111 121
111 120
111 120
111 119
113 117
114 117
114 114
117 114
117 110
117 109
117 109
119 109
120 106
120 106
120 106
120 104
123 104
124 102
125 101
125 101
127 101
127 100
127 98
127 98
127 97
128 97
128 95
130 95
130 95
130 95
130 92
130 92
130 91
129 91
129 89
129 88
128 88
126 87
126 86
123 86
123 86
122 86
120 84
120 84
120 84
116 84
113 84
112 84
112 84
112 84
111 84
111 84
110 84
110 84
110 86
110 86
110 87
107 87
107 90
107 90
107 90
107 92
107 92
.PEN_UP
107 92
107 92
107 92
107 98
108 98
108 98
108 98
108 98
108 98
108 98
108 101
108 102
108 103
108 103
110 105
111 105
111 110
111 110
111 112
112 116
112 118
115 119
115 121
117 121
117 125
117 126
117 130
117 131
117 131
117 135
117 138
117 140
117 140
117 141
117 141
117 141
117 141
117 143
117 143
117 143
117 145
117 146
117 146
117 146
116 146
116 146
116 146
116 146
116 146
116 145
116 145
.PEN_DOWN
118 145
119 144
119 144
119 140
119 139
119 139
119 137
119 136
120 136
120 133
120 133
.PEN_UP
120 133
120 133
120 130
120 130
120 129
120 127
120 123
120 121
120 118
120 114
120 114
120 111
120 111
120 105
120 104
120 104
120 102
122 100
122 100
122 100
122 98
123 97
123 95
123 95
125 91
125 90
125 90
125 87
125 87
125 87
125 84
125 82
125 81
125 80
125 79
125 79
125 79
125 78
125 78
125 78
125 78
125 78
125 77
125 77
125 77
125 77
125 77
125 77
125 77
125 77
125 77
125 77
124 77
124 77
124 77
124 77
124 78
124 78
124 79
124 79
124 79
124 79
124 79
126 81
126 81
126 81
126 81
126 82
126 82
126 82
126 82
126 82
126 82
126 82
126 79
126 79
126 78
126 76
126 76
126 76
126 73
126 71
126 71
126 69
126 68
126 68
126 68
126 66
126 66
126 66
126 66
126 66
126 66
126 66
126 67
126 69
126 73
128 76
.PEN_UP
.DT 330
.PEN_UP
103 126
103 126
103 126
103 126
104 128
104 128
104 129
104 129
104 129
105 129
105 129
105 128
105 126
105 126
105 122
105 122
105 122
105 122
105 122
107 122
109 122
109 122
110 122
110 122
111 122
113 122
113 125
115 125
117 126
118 126
118 126
118 126
118 126
120 126
120 126
121 130
121 130
121 130
121 130
121 130
121 130
123 134
123 134
125 134
125 137
125 137
126 138
126 141
127 141
127 141
127 141
127 143
128 143
128 143
128 143
128 143
128 143
128 143
126 143
125 143
125 143
125 140
125 140
125 139
121 139
119 137
119 135
116 135
116 135
113 134
112 131
111 131
111 131
109 129
109 129
106 129
105 129
103 129
102 129
101 129
101 129
100 129
98 131
98 131
98 131
97 132
97 133
97 133
97 133
97 133
.PEN_DOWN
97 133
97 133
93 133
93 133
91 133
91 133
91 133
89 133
89 132
88 130
88 130
88 130
87 128
87 125
87 125
87 123
88 123
88 123
88 120
88 120
91 118
91 118
92 118
93 118
93 118
95 118
96 118
98 118
98 118
99 121
99 121
99 123
99 123
99 126
99 126
99 126
99 126
99 126
99 128
99 128
99 129
96 129
95 130
95 132
94 132
94 132
94 132
94 132
94 132
.PEN_UP
94 132
94 133
94 133
95 133
95 133
95 133
97 135
97 135
97 135
98 135
100 135
100 135
104 135
106 135
107 135
108 133
110 133
112 133
114 133
115 133
118 133
119 133
119 132
124 132
124 132
124 132
127 132
129 132
129 132
130 133
132 134
133 134
133 136
133 136
134 138
134 138
134 138
134 138
134 138
134 138
133 138
.PEN_DOWN
133 138
131 138
131 138
129 137
126 132
125 128
122 127
122 123
120 121
118 117
116 115
115 111
113 106
109 100
106 95
101 90
101 84
101 79
94 72
93 70
90 67
90 65
89 64
89 64
89 63
.PEN_UP
89 63
89 63
89 63
92 63
92 63
92 63
95 63
96 64
96 64
99 68
99 69
103 69
103 70
103 72
104 72
104 72
108 72
111 74
111 76
113 77
118 77
118 79
122 81
125 83
127 83
130 83
132 85
132 85
136 88
138 88
138 90
140 92
141 92
142 92
142 92
142 92
142 92
.PEN_DOWN
142 92
140 92
140 88
139 87
136 82
136 79
136 78
136 76
136 74
136 74
136 74
137 73
137 73
139 73
139 73
140 73
142 73
144 73
144 73
145 74
146 77
147 78
147 82
147 82
147 83
145 84
145 87
145 87
144 87
142 88
142 88
140 88
139 88
139 88
137 88
137 88
.PEN_UP
135 88
135 87
135 85
132 84
130 83
129 82
128 81
128 81
128 81
128 81
128 81
128 81
129 81
131 81
131 83
136 84
.PEN_UP
.DT 220
.PEN_UP
111 107
111 107
111 107
111 105
110 104
110 103
110 101
110 101
110 100
110 98
110 98
111 98
112 97
113 96
113 95
113 95
113 95
113 92
116 92
116 92
119 89
120 89
122 88
125 88
125 85
127 84
127 84
131 84
132 82
134 81
136 80
136 80
136 77
137 76
137 76
137 75
137 74
137 72
138 71
138 71
138 69
138 69
138 69
138 69
138 69
141 70
141 70
141 71
141 71
141 71
141 71
.PEN_DOWN
141 71
141 71
141 71
140 71
140 71
139 71
139 71
139 71
138 71
138 71
138 73
135 76
134 77
134 77
133 79
133 79
133 83
133 83
130 86
128 91
126 91
126 91
123 92
121 95
121 97
118 97
115 100
115 100
110 100
110 104
108 104
107 104
105 105
105 106
105 108
104 108
104 108
104 114
103 114
103 114
103 116
103 118
103 122
103 122
104 123
104 126
104 126
104 128
106 131
106 131
106 131
108 134
108 134
109 135
110 135
111 136
112 136
114 136
114 136
115 136
116 134
116 134
121 133
122 132
124 130
124 130
124 128
124 127
124 126
124 122
124 120
124 119
124 118
124 116
124 115
123 111
121 110
118 108
118 108
116 108
115 106
113 106
110 104
110 101
107 101
107 100
107 99
107 97
106 97
106 96
106 96
106 96
106 95
106 95
107 94
109 91
109 91
111 91
112 90
113 88
114 88
115 88
115 88
118 88
118 88
118 88
118 88
122 88
123 89
124 89
126 91
127 92
128 94
129 96
133 96
134 98
137 101
137 101
138 102
142 102
142 102
144 102
145 102
145 102
145 102
148 102
148 101
148 100
153 100
154 98
154 95
154 94
154 94
154 90
154 90
158 90
.PEN_UP
158 90
158 90
160 90
160 90
162 91
162 92
162 94
162 95
161 97
.PEN_UP
.DT 880
.PEN_UP
116 106
116 106
116 106
116 107
113 107
113 107
113 107
112 107
109 107
109 107
108 107
106 107
106 107
106 107
106 107
106 107
106 108
106 108
106 108
106 108
106 108
106 108
106 108
105 107
105 107
105 107
105 106
105 106
105 106
105 106
105 106
105 106
105 106
105 108
105 108
105 108
106 108
106 108
106 109
106 109
107 109
107 109
107 109
107 109
107 109
107 110
107 112
107 112
107 112
107 112
107 112
107 112
107 113
108 113
108 113
108 114
108 114
108 114
108 115
108 115
108 115
.PEN_DOWN
108 115
108 115
108 115
107 115
107 114
107 114
107 114
107 114
107 114
107 113
107 113
107 113
107 113
107 113
107 113
107 113
107 113
107 113
107 113
107 113
107 113
107 113
107 113
107 113
107 113
108 113
108 113
108 113
108 113
108 113
108 113
108 113
108 112
109 112
109 112
109 112
110 112
110 112
110 112
110 112
110 111
110 110
110 110
111 110
111 109
111 109
111 108
111 107
111 106
111 106
111 104
111 104
111 103
111 103
111 102
111 102
109 101
109 99
109 99
109 99
109 98
109 96
108 94
108 94
108 92
108 90
108 90
105 89
105 88
105 87
104 86
103 86
103 86
103 85
103 85
.PEN_UP
101 85
101 85
101 85
101 91
100 92
99 97
.PEN_UP
.DT 550
.PEN_UP
93 107
93 107
93 107
93 107
91 107
91 111
91 111
91 111
91 118
91 120
92 123
92 124
95 125
95 129
96 129
98 131
100 131
101 132
104 132
104 134
105 136
108 136
110 137
110 137
112 139
113 139
115 141
117 141
117 141
117 141
.PEN_DOWN
117 141
117 141
117 141
116 139
115 139
115 139
114 139
114 139
113 139
112 139
111 138
110 136
108 135
108 132
106 130
104 127
104 123
104 121
103 116
103 113
103 110
103 110
103 108
103 103
104 100
105 96
108 94
108 92
110 90
111 88
113 84
116 84
.PEN_UP
116 84
118 82
123 82
127 82
135 82
138 82
139 82
139 82
.PEN_UP
.DT 210
.PEN_UP
0 0
.PEN_DOWN
0 0
.PEN_UP
0 0
.PEN_UP
.DT 330
.PEN_UP
124 118
124 118
124 118
122 116
117 112
117 110
114 109
114 106
114 102
113 102
112 98
112 98
112 95
111 95
111 94
111 94
110 94
110 94
110 94
110 94
108 94
108 94
108 95
108 95
108 95
108 97
108 98
108 98
108 99
106 101
106 101
106 101
105 101
105 101
105 101
104 101
104 101
104 101
101 101
101 101
101 101
100 101
99 100
99 100
.PEN_DOWN
99 100
99 99
99 99
99 99
99 99
99 99
98 99
98 99
98 99
98 99
98 99
98 99
98 99
98 99
98 99
98 99
98 99
98 99
98 99
98 99
98 99
98 99
98 99
98 99
98 99
98 99
98 98
98 98
98 98
98 98
98 98
98 98
98 98
99 98
100 98
102 98
103 100
104 100
106 100
107 100
108 101
113 101
114 101
116 101
118 101
121 101
121 101
124 101
125 101
125 101
127 101
128 101
128 101
129 101
129 101
.PEN_UP
129 101
129 101
129 102
129 102
129 102
129 105
129 105
126 107
123 107
123 109
120 110
119 110
119 110
116 112
115 112
114 113
114 114
114 114
114 115
114 115
114 115
.PEN_DOWN
114 115
112 115
109 115
109 115
108 115
108 115
108 115
108 115
108 115
108 114
108 114
108 114
108 114
111 110
111 106
111 103
112 100
112 96
112 92
112 88
112 87
114 83
114 79
114 78
114 76
114 75
115 74
117 73
117 73
117 73
.PEN_UP
117 73
117 73
117 73
120 77
120 79
120 82
120 85
120 88
120 92
120 95
120 95
121 99
121 101
122 107
123 109
123 111
.PEN_DOWN
123 111
123 113
123 113
123 113
123 113
122 113
122 112
120 112
120 112
120 109
115 106
115 103
112 102
110 99
110 96
107 94
106 91
106 89
105 89
105 87
105 87
105 87
.PEN_UP
105 87
105 87
105 87
105 87
105 91
105 91
105 93
105 95
105 97
104 100
104 102
104 105
104 107
104 108
103 108
103 108
103 111
103 111
.PEN_DOWN
100 111
100 111
100 111
99 111
99 111
99 111
99 111
102 109
103 108
106 106
106 106
106 106
110 104
112 102
114 99
117 99
119 96
122 94
125 93
127 93
.PEN_UP
127 93
130 92
133 92
133 92
140 92
140 92
140 92
140 92
.PEN_UP
.DT 160
.PEN_UP
96 108
96 108
96 108
96 109
96 109
96 110
94 110
90 110
89 110
86 110
84 110
80 110
80 110
80 110
80 110
79 111
79 111
79 111
79 111
79 111
79 111
81 111
81 111
81 111
81 110
81 110
82 109
85 109
85 109
85 109
87 109
87 109
88 109
89 109
89 108
89 108
90 108
90 106
90 106
.PEN_DOWN
90 106
90 106
.PEN_UP
90 105
90 105
.PEN_DOWN
88 105
88 103
88 102
88 102
88 102
88 102
88 102
88 102
89 102
92 102
93 102
94 102
97 102
99 102
102 102
104 102
107 102
109 102
110 102
113 102
115 102
116 102
.PEN_UP
116 102
116 102
117 102
118 102
118 104
118 104
118 104
118 104
118 105
115 105
113 107
112 107
110 108
110 108
109 112
109 113
109 116
108 117
108 120
108 120
.PEN_DOWN
108 120
108 120
106 120
104 120
103 120
103 120
103 119
103 119
103 119
103 113
103 112
103 106
103 103
103 98
104 92
105 91
105 88
105 84
105 82
105 82
.PEN_UP
107 78
108 76
108 76
111 76
114 76
115 76
115 78
.PEN_UP
.DT 270
.PEN_UP
0 0
.PEN_DOWN
0 0
.PEN_UP
0 0
.PEN_UP
.DT 1160
.PEN_UP
0 0
.PEN_DOWN
0 0
.PEN_UP
0 0
.PEN_UP
.DT 270
.PEN_UP
160 124
160 124
160 124
156 122
155 120
148 120
147 118
147 117
142 116
138 115
138 115
138 112
138 112
138 110
135 110
135 110
135 110
134 108
134 107
130 107
130 106
128 106
126 106
126 104
125 103
124 102
124 101
124 101
124 101
123 101
123 101
123 101
122 101
122 99
121 99
121 97
121 96
121 95
118 95
118 95
117 95
117 95
117 95
115 95
114 95
114 95
114 95
113 95
113 95
113 93
112 93
112 93
111 93
111 93
111 93
111 93
111 93
110 93
109 93
108 93
108 93
108 93
108 92
108 92
107 92
107 92
107 92
107 92
107 92
107 92
107 92
107 92
107 92
107 92
107 92
107 92
107 92
107 92
107 92
107 92
107 92
107 92
107 92
.PEN_DOWN
107 92
107 92
107 92
107 90
106 89
106 89
105 89
105 89
105 88
105 88
104 88
104 88
104 88
104 88
104 88
104 88
104 88
104 88
104 88
104 88
104 88
104 88
104 88
104 88
104 88
104 88
103 88
103 88
102 88
102 88
102 88
102 88
102 89
102 89
102 89
102 89
102 89
102 89
102 89
102 89
102 89
102 89
102 89
103 89
103 89
103 89
103 89
103 90
103 90
103 90
103 90
103 90
103 90
103 90
103 90
103 90
103 90
103 90
103 90
103 90
103 90
103 90
104 90
104 90
104 90
104 90
104 90
104 90
104 90
104 90
104 90
104 90
104 90
104 90
104 90
104 90
104 90
104 90
104 90
104 90
104 90
104 90
104 90
103 90
103 90
103 90
103 90
103 90
103 90
103 90
103 90
103 90
103 91
103 91
103 91
103 91
103 91
103 91
103 91
103 91
103 91
103 91
103 91
103 91
103 91
103 91
103 91
103 91
103 91
103 91
103 91
103 91
103 91
103 91
103 91
102 91
102 91
102 91
102 91
102 89
102 89
101 89
101 89
101 89
101 89
101 89
101 89
101 89
101 89
101 89
101 89
101 89
101 89
101 89
101 89
101 89
.PEN_UP
101 89
101 89
101 89
102 91
102 92
102 93
102 93
102 94
102 96
102 96
103 96
104 99
104 103
.PEN_UP
.DT 220
.PEN_UP
102 119
100 112
100 111
100 111
100 110
97 109
97 109
95 107
93 105
93 105
93 105
93 105
93 105
93 104
93 104
93 104
93 104
93 105
93 105
94 105
94 106
95 109
97 109
98 110
101 110
101 110
102 111
104 111
104 111
106 111
106 111
106 111
106 111
108 111
109 111
109 111
110 111
110 111
111 111
111 111
111 111
112 111
112 111
112 111
112 111
112 110
112 110
112 110
112 110
112 110
112 110
112 110
113 110
114 110
114 110
115 110
115 111
116 111
116 111
116 112
116 112
117 112
117 112
117 112
117 114
117 114
117 114
117 114
118 114
118 114
118 115
118 115
118 115
118 115
118 115
118 115
118 116
118 116
118 116
118 116
118 116
118 116
118 116
118 116
118 116
118 116
118 116
117 116
117 116
117 116
116 116
116 116
116 116
116 116
116 116
116 116
116 116
117 116
117 116
117 116
117 116
117 117
118 118
120 119
120 119
120 119
120 119
120 121
120 122
120 122
121 122
121 122
122 122
122 122
122 122
123 122
123 122
123 122
123 122
123 122
123 123
123 123
123 123
123 123
123 123
123 123
123 123
123 123
123 123
123 123
123 123
.PEN_DOWN
123 123
123 123
123 123
121 121
121 121
121 121
121 121
121 121
121 121
121 121
121 121
120 121
120 121
120 121
120 121
120 121
120 121
120 121
120 121
120 121
120 121
120 121
120 121
120 121
120 121
120 121
120 121
120 121
119 121
119 121
119 121
119 121
119 120
116 119
115 117
115 115
114 114
112 111
111 110
111 109
109 106
107 105
107 105
105 100
103 97
102 95
100 91
98 90
96 86
94 84
94 81
93 80
90 77
90 76
90 75
90 73
88 73
88 71
88 71
88 71
.PEN_UP
88 71
88 71
88 71
90 73
91 73
91 75
91 76
91 78
92 80
93 80
93 80
94 84
94 85
95 87
95 89
96 93
98 95
.PEN_UP
.DT 330
.PEN_UP
86 113
86 113
86 113
88 113
92 113
92 112
92 112
92 112
92 112
92 108
92 107
91 104
91 100
91 100
91 100
91 99
91 98
92 97
92 96
93 96
93 94
94 93
94 91
94 89
94 88
94 86
94 86
94 86
94 84
94 84
94 82
94 81
94 81
94 81
94 81
94 81
95 81
95 81
95 81
95 81
95 81
95 81
94 81
94 81
93 81
91 81
91 81
91 81
89 81
88 81
87 81
87 81
87 81
86 81
84 82
84 82
82 84
82 84
82 84
81 85
81 85
79 86
78 86
78 87
78 87
78 87
78 89
78 89
78 89
78 89
79 90
79 91
79 92
80 92
81 92
81 94
82 95
82 95
83 95
83 96
84 96
84 96
85 96
85 96
85 96
86 96
86 96
87 96
87 96
87 98
88 98
88 98
88 98
89 98
89 98
89 98
89 99
90 99
90 99
90 99
90 100
90 100
90 100
90 100
90 100
90 100
90 100
90 100
90 100
92 100
92 100
92 100
92 100
92 100
92 100
92 100
92 100
92 100
92 100
92 100
92 100
92 101
92 101
92 101
92 101
92 101
92 101
92 101
92 101
92 101
.PEN_DOWN
92 101
92 100
90 99
90 99
90 99
90 99
90 99
90 99
90 99
90 99
90 99
90 99
90 99
90 99
90 99
90 99
90 99
90 99
90 99
90 99
90 99
90 99
90 99
90 99
90 99
90 99
90 99
90 99
90 99
90 99
90 99
90 99
.PEN_UP
90 99
90 99
90 99
91 99
92 99
92 99
92 99
93 99
93 99
93 99
95 99
95 99
96 99
96 101
96 101
96 101
96 103
97 104
98 104
98 104
98 104
101 104
101 104
101 104
101 104
101 104
101 102
99 101
99 101
99 100
99 96
99 94
98 94
98 92
97 90
95 90
95 90
95 89
95 89
94 87
94 87
94 86
94 86
94 86
94 84
94 84
94 84
94 84
94 83
94 83
94 83
93 83
93 83
93 82
93 81
93 81
93 81
93 80
93 80
93 79
93 79
93 78
93 78
93 78
93 78
93 78
93 78
93 77
.PEN_DOWN
93 77
91 77
91 77
89 77
89 74
88 74
88 74
87 74
86 74
85 74
85 74
85 74
84 74
84 74
84 74
84 74
84 74
84 74
84 74
84 74
84 74
84 74
84 74
84 74
84 74
84 74
.PEN_UP
84 74
84 74
84 74
89 74
89 76
89 76
89 76
88 77
85 77
.PEN_UP
.DT 650
.PEN_UP
104 96
104 96
104 96
107 96
107 96
109 96
110 97
110 99
112 99
112 99
112 99
113 101
114 101
114 102
114 102
114 106
116 106
117 106
118 108
119 109
119 109
119 109
119 109
119 111
118 111
118 111
118 111
116 111
114 111
114 111
112 111
112 111
112 111
110 110
110 110
109 109
109 107
109 107
109 105
109 105
109 104
109 104
109 103
109 102
109 102
109 101
109 101
108 101
108 99
108 99
108 99
108 99
108 99
108 99
108 99
108 99
108 99
108 99
108 99
108 99
108 99
108 99
108 99
108 99
108 99
108 99
108 99
108 101
108 101
108 101
108 101
108 102
108 102
108 102
108 102
108 102
108 102
108 102
108 102
108 102
108 102
108 102
108 102
108 102
108 102
107 102
107 102
107 103
107 103
108 103
108 103
108 103
108 104
108 104
108 104
108 104
108 104
108 104
108 105
108 105
108 105
109 105
109 106
109 106
109 106
109 106
110 106
110 106
111 106
111 106
111 106
111 106
111 106
110 106
110 106
110 106
110 106
110 106
110 106
110 106
110 106
110 106
110 106
110 106
110 106
110 106
110 106
.PEN_DOWN
110 106
109 105
109 105
109 104
109 104
109 104
109 104
109 104
109 104
109 104
109 104
109 104
109 104
109 104
109 104
108 104
108 104
108 104
108 104
108 104
108 104
108 104
108 104
108 104
108 104
108 104
108 104
108 104
108 104
108 104
108 104
108 104
108 104
108 104
108 104
108 104
108 104
108 104
108 104
108 104
108 104
108 104
108 104
.PEN_UP
108 104
108 104
108 104
111 104
111 104
111 104
111 104
110 103
109 102
109 100
109 100
109 100
109 99
109 97
109 96
109 96
109 96
109 94
109 94
109 94
109 92
109 92
109 92
109 92
108 90
107 90
107 88
107 88
107 86
107 85
107 85
107 83
107 82
107 82
107 80
107 78
106 78
106 78
106 78
106 77
106 77
106 77
106 77
106 77
106 77
106 77
106 77
106 76
106 76
106 76
106 76
106 76
106 75
106 75
106 75
106 73
106 73
107 73
107 73
107 73
108 73
108 73
108 71
108 71
109 71
109 71
109 71
109 70
110 70
110 70
110 68
110 68
110 68
110 68
110 68
110 67
110 66
110 66
110 66
110 66
110 66
110 65
110 65
110 65
110 64
110 64
110 64
110 64
110 64
110 64
110 64
110 64
110 64
110 64
110 64
110 64
110 64
110 64
110 64
109 64
109 65
109 65
109 65
109 65
109 65
109 67
109 67
109 67
108 67
108 67
108 67
108 67
108 67
108 67
108 67
108 67
109 67
109 67
109 67
109 67
110 67
110 67
110 68
110 68
110 68
110 68
111 68
111 68
112 68
112 68
112 68
112 68
112 68
112 69
112 69
112 69
112 69
112 69
112 69
112 69
112 69
112 69
112 69
112 69
112 69
112 70
112 70
112 70
112 70
112 71
112 71
113 71
113 71
113 71
113 71
113 71
113 71
113 71
112 71
112 71
112 71
112 71
113 71
113 71
113 71
113 71
113 71
113 73
113 73
113 73
113 73
113 73
113 73
114 73
114 73
114 73
114 73
114 73
114 73
114 73
114 72
114 72
114 72
114 72
114 72
114 70
114 70
114 70
114 70
114 70
114 70
114 70
114 70
114 70
114 70
114 70
113 70
113 70
113 70
113 71
113 71
113 71
113 71
113 71
113 71
113 71
113 71
113 71
113 71
114 71
114 71
114 71
114 71
114 71
114 71
114 71
114 71
115 74
115 76
115 76
115 76
115 76
115 77
115 77
115 77
115 78
115 78
115 78
115 78
115 79
115 79
115 82
115 82
115 83
116 83
116 83
116 85
116 87
116 88
116 90
116 91
116 91
116 93
116 93
116 95
117 95
117 95
117 97
117 97
117 98
117 98
116 98
116 101
116 101
116 101
116 101
116 103
116 103
116 103
116 103
116 104
116 104
116 104
116 104
116 104
116 104
116 104
116 104
116 104
116 104
116 104
116 105
116 105
116 105
116 105
116 105
116 105
116 105
116 105
116 105
116 105
116 105
116 105
116 105
116 105
115 105
115 105
.PEN_DOWN
115 105
114 105
114 105
114 105
114 102
114 102
114 102
114 102
114 101
114 101
114 101
114 101
114 101
114 101
114 101
114 101
.PEN_UP
114 101
114 101
114 101
116 101
118 102
118 102
118 102
118 103
118 104
118 104
118 105
118 106
118 106
120 107
120 107
120 107
120 107
120 107
121 107
122 107
123 107
123 107
123 107
123 106
123 105
123 103
123 100
123 98
123 96
123 95
123 95
123 93
123 90
123 89
123 85
123 84
122 83
122 83
122 80
120 77
120 77
119 77
119 76
119 74
119 74
119 74
119 74
119 74
119 74
119 74
119 74
119 74
119 74
119 76
119 77
119 77
121 77
121 77
121 79
121 79
121 79
121 79
121 79
121 79
.PEN_DOWN
121 79
119 79
119 79
119 77
118 77
118 77
118 77
118 77
118 75
118 75
118 73
118 70
118 68
118 67
117 63
115 60
115 58
115 54
115 54
.PEN_UP
112 54
112 54
112 54
110 54
110 54
110 54
106 54
103 60
.PEN_UP
.DT 490
.PEN_UP
128 129
128 129
128 129
128 130
128 130
128 131
128 131
128 135
128 135
.PEN_UP
.DT 320
.PEN_UP
124 119
124 119
124 119
124 116
123 114
123 114
123 114
122 112
119 110
119 110
119 110
119 106
119 106
120 106
120 105
122 105
124 105
124 105
124 105
125 105
125 106
126 106
126 107
126 107
126 107
126 107
126 109
126 110
126 111
124 111
124 111
124 111
124 111
124 111
124 111
124 111
124 111
124 109
124 109
124 109
124 109
122 109
122 108
122 108
122 108
123 108
124 108
124 108
124 108
124 108
124 108
124 108
124 108
125 108
125 108
125 108
127 108
127 108
128 108
128 109
128 109
128 109
128 109
129 109
129 110
130 111
131 111
131 111
131 111
131 111
131 111
131 111
.PEN_DOWN
131 111
131 111
131 111
131 111
127 111
127 111
127 111
126 111
126 111
126 111
124 111
123 109
121 108
120 106
118 102
117 99
114 97
113 95
113 95
113 93
111 90
111 89
108 89
108 87
108 86
108 86
108 86
108 86
108 86
108 86
108 86
108 86
109 86
110 86
111 86
113 86
114 84
117 84
120 83
123 81
125 81
127 79
128 77
132 77
134 75
136 74
136 74
.PEN_UP
136 74
139 74
140 71
142 71
147 71
147 71
147 71
147 72
147 73
.PEN_UP
.DT 220
.PEN_UP
0 0
.PEN_DOWN
0 0
.PEN_UP
0 0
.PEN_DOWN
0 0
.PEN_UP
0 0
.PEN_UP
.DT 220
.PEN_UP
0 0
.PEN_DOWN
0 0
.PEN_UP
0 0
.PEN_UP
.DT 220
.PEN_UP
115 110
115 110
115 110
115 110
115 110
114 110
114 110
113 110
109 110
108 110
105 110
102 109
102 109
100 109
100 109
98 109
98 109
97 111
97 111
97 111
97 111
97 113
97 113
96 113
96 115
96 115
96 115
96 116
95 116
95 116
95 117
94 118
94 118
94 118
94 118
93 118
93 118
93 118
93 118
93 118
93 118
91 119
91 119
91 119
90 119
90 119
90 119
90 119
90 119
90 119
90 119
91 119
91 122
92 123
95 123
95 124
95 124
95 124
.PEN_DOWN
95 124
97 124
99 124
100 124
102 124
102 122
103 122
104 122
106 120
106 120
106 120
106 117
106 116
106 116
106 112
106 112
106 108
104 104
104 103
104 101
103 98
103 96
103 95
103 94
103 91
103 90
103 89
103 89
103 88
103 86
103 86
105 85
105 84
105 83
106 82
106 82
.PEN_UP
106 82
106 82
108 82
108 82
112 82
113 82
113 82
113 82
113 82
113 82
113 83
112 83
112 83
110 83
110 83
110 80
109 80
109 80
109 79
109 78
109 75
109 75
108 75
108 75
108 75
108 73
110 72
110 70
110 70
.PEN_DOWN
110 69
110 68
110 68
109 67
108 65
108 65
108 65
108 65
108 65
108 64
108 63
108 62
.PEN_UP
108 62
108 62
109 62
110 62
115 64
116 64
116 64
117 66
117 69
.PEN_UP
.DT 330
.PEN_UP
0 0
.PEN_DOWN
0 0
.PEN_UP
0 0
.PEN_UP
.DT 220
.PEN_UP
0 0
.PEN_DOWN
0 0
.PEN_UP
0 0
.PEN_UP
.DT 160
.PEN_UP
0 0
.PEN_DOWN
0 0
.PEN_UP
0 0
.PEN_UP
.DT 170
.PEN_UP
0 0
.PEN_DOWN
0 0
.PEN_UP
0 0
.PEN_UP
.DT 770
.PEN_UP
0 0
.PEN_DOWN
0 0
.PEN_UP
0 0
.PEN_UP
.DT 6270
.PEN_UP
0 0
.PEN_DOWN
0 0
.PEN_UP
0 0
.PEN_UP
.DT 720
.PEN_UP
0 0
.PEN_DOWN
0 0
.PEN_UP
0 0
.PEN_UP
.DT 160
.PEN_UP
86 133
86 129
86 124
94 122
97 122
100 122
101 119
101 119
105 119
105 119
107 119
109 119
110 119
110 120
110 120
110 121
110 121
108 121
108 121
108 121
106 121
106 121
106 121
106 121
106 121
106 120
106 120
106 120
106 120
106 119
106 119
106 117
104 117
104 117
104 116
104 115
104 113
104 113
104 113
104 112
104 112
104 112
104 112
104 112
104 112
104 112
104 112
104 112
104 112
104 112
104 112
104 112
104 112
104 112
104 114
104 114
104 114
104 114
105 114
105 114
105 114
105 114
105 114
105 114
105 114
105 115
105 115
105 115
105 115
105 116
105 116
105 117
105 117
105 117
105 117
105 118
105 118
105 119
105 119
105 119
105 119
105 119
105 119
105 119
105 119
105 120
105 120
105 120
105 120
105 120
105 120
105 120
105 120
105 120
105 120
105 120
105 120
105 120
105 120
105 120
104 120
104 120
104 120
104 120
104 121
104 121
104 121
104 121
104 122
104 122
104 122
104 122
104 122
104 122
104 122
104 122
104 122
104 122
104 122
104 122
104 122
104 122
104 122
104 122
104 122
104 122
104 122
104 122
104 122
104 122
104 122
104 122
104 122
104 122
104 122
104 122
105 122
105 122
105 122
105 124
105 124
105 124
105 124
105 124
105 124
105 124
105 124
105 124
105 124
105 124
105 124
105 124
105 124
105 124
105 125
105 125
105 125
105 125
105 125
105 125
105 125
105 125
105 125
105 125
105 125
105 125
105 125
105 125
105 125
105 125
105 125
106 125
106 125
106 125
106 125
106 125
106 125
106 125
106 125
106 125
106 125
106 125
106 125
106 125
106 125
106 125
106 125
106 125
106 125
106 125
106 125
106 125
106 125
106 125
106 125
106 125
106 125
106 125
106 125
106 125
106 125
106 125
106 125
106 125
106 125
106 125
107 125
107 125
107 125
107 125
107 125
107 125
107 125
107 125
107 125
107 125
107 125
107 125
107 126
107 126
107 126
.PEN_DOWN
107 126
107 126
106 126
104 126
104 126
103 126
103 125
103 125
103 125
103 125
103 125
103 125
103 125
103 125
104 125
104 125
104 125
104 125
104 125
104 125
104 124
104 123
104 123
104 122
104 121
104 119
105 118
105 117
105 117
105 117
106 115
106 114
106 114
106 111
106 110
106 110
106 108
106 108
106 106
106 106
106 106
106 105
.PEN_UP
106 105
107 103
107 103
107 103
111 103
111 103
111 103
111 103
111 103
111 103
111 103
111 103
111 102
111 102
111 102
113 101
113 101
113 101
113 101
113 100
113 98
113 96
113 96
113 93
113 92
113 89
113 87
113 86
113 86
113 85
113 85
113 84
112 83
112 82
112 82
112 82
112 81
112 81
112 81
112 78
112 78
112 78
112 78
112 77
112 77
112 77
112 77
112 77
112 77
112 77
112 78
112 78
112 78
112 78
112 78
112 78
112 78
112 80
112 80
112 80
112 80
112 80
112 82
112 82
113 82
113 82
113 82
113 82
113 82
113 83
114 84
114 84
114 84
114 84
114 84
114 84
114 84
114 85
.PEN_DOWN
114 85
113 85
113 85
113 85
112 83
112 83
112 83
112 83
112 81
112 79
112 77
112 75
112 73
112 69
112 68
112 67
112 64
112 64
112 62
112 62
.PEN_UP
112 61
112 61
113 61
113 61
116 61
116 61
116 61
116 63
116 65
116 67
116 70
116 72
116 76
.PEN_UP
.DT 330
.PEN_UP
104 122
104 122
104 122
104 122
104 122
104 121
102 121
100 120
100 120
100 120
100 120
98 119
97 119
97 116
97 116
97 116
97 116
97 115
97 115
97 114
97 114
97 113
94 113
94 112
94 111
92 111
91 110
91 110
90 110
90 110
90 112
90 112
90 112
90 112
90 114
90 115
90 115
90 115
90 115
90 118
90 118
90 120
90 121
90 122
90 123
90 123
90 125
91 126
92 126
92 126
92 126
92 126
92 128
92 128
92 128
92 128
.PEN_DOWN
94 128
94 128
94 128
94 128
95 128
95 128
98 128
98 128
98 128
100 129
100 129
100 129
101 129
103 129
103 129
103 128
105 126
105 126
105 126
105 124
105 121
105 120
105 118
105 115
105 113
105 111
105 108
105 106
105 104
105 102
105 100
105 100
106 96
106 96
108 95
108 93
109 92
111 92
111 92
111 92
112 92
113 92
113 92
113 92
114 92
115 92
116 92
116 92
117 94
117 94
117 95
117 95
117 95
117 95
117 95
117 95
117 95
117 95
117 95
117 95
117 95
117 95
117 95
117 95
115 95
115 95
115 95
115 95
114 95
113 95
112 93
111 93
110 93
110 92
110 91
110 91
109 89
109 89
109 86
109 85
109 85
109 82
110 81
110 79
111 79
112 78
112 75
113 75
113 73
115 70
115 70
115 70
115 67
116 67
116 67
116 67
116 64
116 62
115 62
115 59
114 59
113 57
112 55
110 55
109 55
108 53
108 52
.PEN_UP
108 52
104 52
104 52
102 52
101 54
101 55
101 56
100 58
100 60
100 64
100 67
.PEN_UP
.DT 5160
.PEN_UP
0 0
.PEN_DOWN
0 0
.PEN_UP
0 0
.PEN_UP
.DT 440
.PEN_UP
0 0
.PEN_DOWN
0 0
.PEN_UP
0 0
.PEN_UP
.DT 170
.PEN_UP
127 111
127 111
127 111
125 111
125 111
122 111
118 111
113 110
109 110
108 110
105 108
104 108
102 108
102 108
102 108
102 108
102 108
102 108
102 111
102 111
102 113
102 115
102 117
102 118
101 118
101 119
101 119
.PEN_DOWN
101 120
101 120
101 120
101 120
101 120
101 120
101 120
101 120
101 120
102 119
102 117
104 113
106 105
106 99
106 91
107 85
109 80
109 72
110 69
111 64
111 59
113 57
114 53
114 53
.PEN_UP
117 52
118 49
121 48
122 48
122 48
122 48
122 49
122 51
122 52
123 54
123 54
.PEN_UP
.DT 110
.PEN_UP
87 126
87 126
96 126
99 126
108 122
112 122
117 120
119 117
122 115
125 114
127 112
127 112
127 112
127 111
126 111
123 111
122 111
121 111
118 108
116 108
114 107
114 107
111 107
109 107
106 107
105 107
104 107
103 107
103 107
98 107
98 107
97 107
97 107
95 108
95 109
93 109
92 111
92 112
92 113
92 113
91 113
91 113
90 113
89 113
89 113
87 113
87 113
87 113
86 113
86 113
86 113
86 113
.PEN_DOWN
83 112
81 112
81 112
80 111
80 111
80 111
80 111
80 111
80 111
80 111
80 111
80 111
80 111
80 111
81 113
82 113
84 113
86 115
88 116
90 116
92 116
92 116
94 116
97 114
99 113
100 111
102 107
102 104
102 101
102 98
102 94
102 90
101 88
99 83
97 80
97 80
96 79
95 76
92 74
92 73
88 70
85 70
85 70
83 70
82 70
82 70
82 70
82 70
82 70
82 70
82 70
81 70
81 70
81 70
81 70
83 70
83 70
85 70
87 70
90 70
93 71
97 71
100 71
100 71
104 71
108 71
114 71
116 73
119 73
123 73
128 74
131 74
134 74
.PEN_UP
134 74
136 74
137 74
143 77
143 79
144 79
144 80
144 82
144 82
146 82
146 85
152 85
.PEN_UP
.DT 110
.PEN_UP
0 0
.PEN_DOWN
0 0
.PEN_UP
0 0
.PEN_UP
.DT 710
.PEN_UP
0 0
.PEN_DOWN
0 0
.PEN_UP
0 0
.PEN_DOWN
0 0
.PEN_UP
0 0
.PEN_UP
.DT 170
.PEN_UP
117 130
124 130
129 127
131 127
138 122
141 120
143 119
144 119
144 118
144 118
144 118
144 118
143 118
142 118
139 118
136 118
133 119
131 119
126 119
123 119
123 119
122 119
120 119
120 120
117 120
117 121
115 123
113 123
112 123
112 125
111 125
111 125
111 127
111 127
111 128
111 128
111 128
111 128
111 129
111 130
111 130
.PEN_DOWN
110 130
109 130
108 130
108 130
108 130
108 130
108 130
108 130
108 130
108 129
108 128
108 126
109 120
109 114
109 108
110 101
110 98
110 92
110 86
110 86
110 81
110 81
110 81
110 81
110 81
110 81
110 81
111 81
113 82
113 83
116 84
117 84
119 84
124 85
125 85
129 85
129 85
132 85
132 84
136 84
136 82
139 80
142 79
142 78
142 77
143 75
143 75
143 73
143 73
141 71
140 71
137 67
133 65
130 62
127 62
124 59
122 58
120 57
118 57
118 57
118 57
118 57
118 57
118 57
.PEN_UP
118 57
118 57
118 57
118 59
118 65
117 67
117 70
117 74
117 76
116 80
116 83
115 86
115 89
113 91
113 95
113 98
113 101
113 104
113 106
113 106
113 106
.PEN_DOWN
115 109
115 109
115 109
115 109
115 109
117 109
118 109
121 109
121 109
123 109
126 109
129 109
133 109
135 111
140 111
144 111
148 113
151 113
154 116
157 116
.PEN_UP
157 116
159 116
161 116
161 116
161 116
161 114
161 112
157 111
.PEN_UP
.DT 380
.PEN_UP
0 0
.PEN_DOWN
0 0
.PEN_UP
0 0
.PEN_UP
.DT 110
.PEN_UP
0 0
.PEN_DOWN
0 0
.PEN_UP
0 0
.PEN_DOWN
0 0
.PEN_UP
0 0
.PEN_UP
.DT 110
.PEN_UP
0 0
.PEN_DOWN
0 0
.PEN_UP
0 0
.PEN_UP
.DT 110
.PEN_UP
65 142
70 142
78 142
83 141
92 141
94 140
101 138
106 138
110 137
114 134
118 134
119 132
125 131
126 128
127 125
128 124
128 121
128 119
128 118
128 118
126 116
126 116
126 114
124 114
124 113
123 113
123 113
123 112
123 112
122 112
122 112
122 112
122 112
123 112
123 113
123 114
123 114
123 115
123 115
123 117
123 117
123 118
123 118
123 118
122 119
122 119
122 119
.PEN_DOWN
122 119
121 120
120 120
119 120
116 120
115 120
114 123
113 124
112 124
109 125
109 127
106 128
104 128
102 128
100 128
97 128
96 124
95 123
92 122
92 117
89 115
89 112
89 110
89 106
89 105
90 104
90 101
91 100
93 96
93 96
95 96
97 93
99 93
103 93
106 93
107 95
110 97
114 101
118 102
119 103
119 108
121 111
121 115
121 115
121 118
121 118
121 118
121 118
121 118
121 118
121 118
121 118
121 116
121 114
121 106
121 99
121 93
121 93
121 87
121 81
121 75
121 68
121 62
121 58
121 55
123 52
123 49
124 46
124 44
125 42
.PEN_UP
125 42
126 42
126 42
130 42
132 42
132 42
132 45
132 50
132 56
132 61
132 65
.PEN_UP
.DT 160
.PEN_UP
85 98
89 93
97 90
103 88
104 87
108 85
108 85
108 80
108 77
108 74
109 73
109 68
109 65
109 64
109 62
107 59
105 59
101 58
101 56
100 56
100 54
94 54
92 54
91 53
90 53
90 52
88 52
86 52
86 52
86 51
86 49
86 49
85 49
85 49
85 49
85 49
85 49
.PEN_DOWN
85 49
85 49
83 49
83 49
83 48
82 48
82 48
82 48
82 47
82 47
82 47
82 47
82 48
82 50
83 55
85 59
86 63
88 67
89 71
90 78
92 85
94 94
96 104
99 110
102 115
103 122
103 122
106 128
110 132
110 135
111 138
114 141
115 142
116 142
116 142
117 142
118 142
118 139
121 136
123 132
124 125
125 117
125 109
128 104
128 97
128 90
130 84
130 78
130 73
133 69
133 65
134 61
134 58
136 56
136 56
136 54
136 51
136 51
136 51
136 51
136 51
.PEN_UP
136 51
136 49
136 49
136 49
135 49
134 55
132 58
130 59
127 63
124 65
119 67
115 70
112 74
108 78
106 79
101 83
95 84
95 84
92 84
92 84
.PEN_DOWN
91 86
91 86
91 86
89 86
86 86
86 84
86 84
86 84
87 84
88 84
92 84
96 84
99 84
103 84
107 84
111 87
115 87
121 87
126 89
130 89
130 89
.PEN_UP
134 89
139 90
151 90
153 94
156 95
157 95
158 95
159 96
159 97
159 97
.PEN_UP
.DT 160
.PEN_UP
0 0
.PEN_DOWN
0 0
.PEN_UP
0 0
.PEN_DOWN
0 0
.PEN_UP
0 0
.PEN_UP
.DT 160
.PEN_UP
0 0
.PEN_DOWN
0 0
.PEN_UP
0 0
.PEN_UP
.DT 110
.PEN_UP
116 105
118 102
119 100
121 98
121 97
123 97
124 94
124 91
124 91
124 88
124 88
124 88
124 87
123 87
119 87
115 87
115 87
110 87
107 87
104 87
99 88
99 90
96 91
93 91
91 91
90 91
89 96
89 96
87 97
85 98
85 98
85 102
85 104
85 105
85 105
85 109
85 111
85 111
85 111
85 111
.PEN_DOWN
85 111
85 113
85 113
85 113
85 113
85 113
85 113
85 110
85 108
85 105
84 100
84 94
84 90
84 84
84 79
84 74
84 70
84 66
84 62
84 59
84 56
84 56
.PEN_UP
84 52
84 51
85 51
85 51
85 51
85 51
85 51
85 52
83 53
83 57
83 61
83 64
80 69
80 73
80 76
80 82
80 85
80 90
81 94
81 97
83 99
83 101
83 102
84 104
84 104
.PEN_DOWN
84 106
85 106
86 110
91 111
91 112
93 114
96 114
100 114
102 114
102 114
108 114
111 113
115 111
117 109
119 105
123 102
125 99
126 93
126 90
126 85
126 82
125 78
124 73
122 69
117 66
116 63
110 60
107 56
100 54
96 52
91 52
87 51
84 51
84 51
.PEN_UP
80 51
79 51
79 53
79 53
79 63
79 67
79 72
78 80
78 85
.PEN_UP
.DT 500
.PEN_UP
0 0
.PEN_DOWN
0 0
.PEN_UP
0 0
.PEN_DOWN
0 0
.PEN_UP
0 0
.PEN_UP
.DT 170
.PEN_UP
142 132
145 132
145 132
145 132
148 130
148 130
148 130
148 126
148 126
148 126
144 122
143 121
142 119
138 117
136 117
135 117
131 117
130 117
124 117
121 117
118 119
114 121
112 121
110 123
106 126
103 128
100 128
99 129
96 129
96 129
96 132
96 135
96 135
94 137
94 137
.PEN_DOWN
92 137
92 137
92 137
91 137
91 137
91 137
91 137
91 137
92 137
94 137
97 137
99 137
104 137
107 137
112 137
117 137
121 137
122 137
128 137
129 137
133 137
136 138
136 138
.PEN_UP
138 138
138 138
141 138
141 138
141 138
141 138
139 138
139 138
139 138
134 138
128 138
122 138
122 139
118 139
115 139
112 139
112 139
112 139
108 138
107 138
.PEN_DOWN
107 138
105 138
105 136
105 133
105 120
105 116
105 110
105 106
105 98
105 91
107 86
107 79
107 76
108 69
108 66
108 66
108 61
109 59
.PEN_UP
109 59
109 59
110 59
111 59
111 59
111 59
111 62
111 64
110 68
109 69
106 75
105 77
103 81
101 84
101 88
101 91
101 92
101 92
.PEN_DOWN
101 92
101 92
101 92
101 92
102 92
103 91
106 90
106 90
109 90
113 90
117 90
119 90
122 90
125 90
130 91
136 91
141 92
.PEN_UP
141 92
142 93
146 93
150 94
157 96
159 96
159 96
159 96
159 96
159 96
159 96
.PEN_UP
.DT 110
.PEN_UP
0 0
.PEN_DOWN
0 0
.PEN_UP
0 0
.PEN_DOWN
0 0
.PEN_UP
0 0
.PEN_UP
.DT 220
.PEN_UP
0 0
.PEN_DOWN
0 0
.PEN_UP
0 0
.PEN_DOWN
0 0
.PEN_UP
0 0
.PEN_DOWN
0 0
.PEN_UP
0 0
.PEN_UP
.DT 110
.PEN_UP
0 0
.PEN_DOWN
0 0
.PEN_UP
0 0
.PEN_UP
.DT 1210
.PEN_UP
0 0
.PEN_DOWN
0 0
.PEN_UP
0 0
.PEN_DOWN
0 0
.PEN_UP
0 0
.PEN_UP
.DT 880
.PEN_UP
0 0
.PEN_DOWN
0 0
.PEN_UP
0 0
.PEN_DOWN
0 0
.PEN_UP
0 0
.PEN_UP
.DT 220
.PEN_UP
0 0
.PEN_DOWN
0 0
.PEN_UP
0 0
.PEN_DOWN
0 0
.PEN_UP
0 0
.PEN_UP
.DT 220
.PEN_UP
121 121
121 121
121 121
123 121
123 121
123 121
123 121
120 121
117 121
116 121
115 121
112 122
112 122
110 124
110 126
110 126
.PEN_DOWN
110 127
110 129
108 132
107 133
107 133
105 136
105 137
105 141
104 141
104 142
103 142
103 142
102 142
102 142
102 142
102 140
102 139
102 132
102 127
102 121
103 115
103 108
103 105
105 100
105 95
105 91
105 90
107 88
108 87
108 85
108 85
110 83
111 83
111 83
112 82
114 82
116 82
119 82
124 82
127 82
129 82
132 82
136 82
139 82
141 83
143 83
148 83
149 83
151 83
151 83
.PEN_UP
153 83
154 83
155 83
155 83
155 83
155 83
153 83
153 83
149 83
.PEN_UP
.DT 110
.PEN_UP
97 133
105 132
105 132
109 132
116 129
118 128
118 128
119 124
122 124
122 122
122 120
122 116
122 115
120 111
119 109
118 106
118 104
115 102
113 101
112 101
109 100
108 97
106 97
104 93
102 91
102 91
100 89
100 89
100 88
99 87
99 85
98 85
97 84
97 84
.PEN_DOWN
97 84
95 83
93 83
93 81
90 81
89 81
89 81
89 81
89 81
88 81
88 82
88 83
88 87
88 91
88 94
88 97
88 104
88 108
88 114
88 120
90 125
91 129
91 134
91 136
91 138
91 140
91 140
92 140
92 140
92 140
95 140
96 137
99 133
100 128
101 121
104 115
104 113
105 106
108 106
108 100
108 98
109 98
110 96
110 96
110 96
110 96
110 96
112 97
113 101
114 103
114 108
116 113
116 118
118 124
120 130
123 134
123 134
123 138
124 142
127 142
127 142
129 142
129 142
131 141
131 136
134 129
134 122
135 117
135 109
137 102
137 96
138 91
139 86
139 83
139 81
139 81
141 76
141 75
141 75
141 75
.PEN_UP
144 75
144 75
146 75
146 76
146 76
146 78
146 82
146 85
142 90
.PEN_UP
.DT 170
.PEN_UP
0 0
.PEN_DOWN
0 0
.PEN_UP
0 0
.PEN_UP
.DT 160
.PEN_UP
83 133
84 133
89 130
93 130
97 129
103 129
109 129
109 129
111 126
114 123
116 123
116 123
116 120
116 119
116 119
115 119
112 119
111 119
108 119
107 119
102 119
101 119
98 119
98 120
97 121
97 121
97 124
97 125
97 126
97 126
.PEN_DOWN
97 128
97 130
97 130
96 130
96 130
96 130
96 131
96 131
94 131
94 131
94 131
92 131
91 131
90 131
89 129
87 127
87 121
87 114
87 109
87 103
87 97
88 92
88 86
90 82
93 80
95 76
98 75
100 73
103 73
106 73
110 73
114 73
116 76
116 76
124 79
125 84
128 89
131 94
132 97
132 104
132 108
132 111
132 114
130 120
127 124
124 129
120 132
114 135
112 136
107 136
103 136
101 136
98 135
98 135
.PEN_UP
95 133
95 131
95 131
95 131
96 131
98 131
101 131
101 131
101 131
103 131
105 132
109 132
.PEN_UP
.DT 110
.PEN_UP
65 122
65 122
74 122
82 119
89 119
97 119
98 118
104 117
111 117
111 115
115 115
118 112
118 112
119 111
119 111
119 111
119 111
116 111
116 111
113 111
110 111
109 111
109 111
109 113
107 114
105 115
104 115
104 120
101 122
101 122
99 123
97 124
95 126
.PEN_DOWN
95 126
93 128
93 130
93 130
91 130
91 130
91 130
91 130
91 130
91 127
92 122
93 117
93 110
93 103
93 96
93 91
94 84
94 77
95 73
95 69
96 66
96 63
96 59
97 59
97 59
97 56
.PEN_UP
97 56
97 56
97 56
98 56
98 61
98 65
98 68
98 73
95 78
95 83
92 89
92 94
91 101
91 106
91 110
91 114
91 118
93 120
93 122
93 122
93 125
96 126
96 126
.PEN_DOWN
96 126
98 128
100 128
105 128
105 128
107 128
110 128
113 128
117 128
121 125
125 124
127 122
127 119
127 116
127 113
126 109
126 107
124 103
122 103
118 97
115 94
110 92
108 90
105 89
100 89
96 89
95 89
95 89
.PEN_UP
95 89
95 89
95 91
95 104
95 104
95 108
95 113
99 117
101 121
105 125
110 129
112 133
.PEN_UP
.DT 160
.PEN_UP
105 125
110 125
112 122
114 120
117 120
117 120
120 117
120 117
120 116
120 116
120 116
120 116
118 118
115 118
113 118
111 120
107 120
106 121
104 121
101 121
100 124
100 124
100 124
100 126
100 128
99 130
99 130
99 134
99 135
99 137
99 137
.PEN_DOWN
99 137
99 139
96 139
95 139
95 139
93 140
93 140
92 140
92 140
91 140
89 140
89 139
89 134
88 131
88 125
88 119
88 111
88 104
88 104
88 99
90 94
91 90
91 87
95 84
98 81
100 79
100 79
106 79
108 79
111 79
113 79
116 81
118 82
121 86
122 90
124 94
124 96
124 103
124 108
124 113
123 119
121 125
118 131
115 137
111 141
109 143
109 143
107 143
105 143
100 143
98 143
97 143
96 143
95 141
93 140
93 139
.PEN_UP
93 139
93 139
93 136
93 135
96 135
96 132
96 132
96 129
98 129
98 127
98 127
98 125
98 124
99 122
99 121
100 121
100 119
101 118
101 116
101 116
102 114
.PEN_DOWN
102 114
103 114
103 112
103 108
103 108
104 106
104 106
104 105
108 103
108 101
109 98
111 97
114 94
114 94
117 93
119 91
121 89
123 87
126 84
130 83
130 83
.PEN_UP
133 82
136 82
141 82
147 82
148 82
148 82
150 83
150 83
150 85
.PEN_UP
.DT 110
.PEN_UP
0 0
.PEN_DOWN
0 0
.PEN_UP
0 0
.PEN_DOWN
0 0
.PEN_UP
0 0
.PEN_UP
.DT 60
.PEN_UP
77 116
82 116
87 116
94 116
95 116
100 116
103 116
103 116
106 116
109 116
111 116
112 116
113 114
115 114
115 113
116 113
118 113
118 112
118 112
120 111
120 111
120 109
120 109
120 109
.PEN_DOWN
120 109
120 109
119 109
119 109
119 109
117 110
117 112
117 112
115 115
115 115
111 118
111 118
110 120
107 120
106 122
102 122
99 122
98 122
97 122
94 122
93 122
93 122
92 121
92 118
92 117
92 114
92 111
92 110
93 107
95 104
96 103
98 99
101 98
101 96
103 93
106 92
106 90
107 88
107 85
107 83
107 83
107 80
107 78
107 75
107 72
103 71
99 67
95 65
94 62
90 62
86 62
85 62
82 62
78 62
77 62
76 64
76 64
.PEN_UP
73 65
73 67
73 69
73 78
73 83
72 85
.PEN_UP
.DT 490
.PEN_UP
0 0
.PEN_DOWN
0 0
.PEN_UP
0 0
.PEN_DOWN
0 0
.PEN_UP
0 0
.PEN_UP
.DT 170
.PEN_UP
95 97
95 97
95 97
97 97
99 99
102 102
102 103
103 104
103 109
103 109
103 112
103 112
101 114
101 115
101 115
101 117
101 117
101 117
101 121
101 123
101 123
101 126
101 126
101 128
101 128
101 128
101 129
101 130
101 130
101 130
.PEN_DOWN
101 130
99 130
99 130
99 130
99 130
99 130
98 130
98 130
98 130
98 130
98 130
99 130
100 130
100 126
100 125
100 119
102 114
103 109
104 102
104 96
105 91
106 86
107 82
108 78
108 74
110 71
112 68
114 68
117 66
119 66
122 66
124 66
126 66
130 66
133 70
137 72
140 77
141 82
141 82
141 89
144 94
144 100
144 105
144 110
143 114
141 119
141 122
137 124
136 125
135 128
131 129
130 129
128 130
128 130
128 130
128 130
.PEN_UP
128 131
128 131
132 131
134 136
135 139
137 139
139 140
140 140
140 140
142 140
142 140
.PEN_UP
.DT 3240
.PEN_UP
0 0
.PEN_DOWN
0 0
.PEN_UP
0 0
.PEN_UP
.DT 270
.PEN_UP
94 120
94 120
94 120
90 120
87 118
83 118
76 114
71 114
71 111
69 111
66 111
66 111
66 111
66 111
66 112
66 114
66 114
66 119
66 121
66 122
66 122
66 124
.PEN_DOWN
66 124
65 126
64 128
63 128
63 128
63 128
63 128
63 128
63 128
64 126
66 124
69 119
69 111
72 104
74 98
76 91
76 84
78 76
79 72
79 72
82 67
82 64
83 60
84 60
84 59
84 59
84 59
84 59
85 59
86 59
86 59
87 59
87 64
87 66
87 72
89 76
90 84
92 91
92 98
93 105
94 112
98 119
98 126
98 126
101 130
101 132
102 133
102 133
102 133
102 134
102 134
102 134
102 134
103 133
104 130
106 130
106 123
107 116
108 109
110 103
111 95
112 89
115 84
117 80
119 76
120 72
122 69
124 68
124 68
126 66
126 66
127 66
128 66
128 67
130 68
131 73
131 73
131 77
133 80
133 87
135 93
136 100
136 106
136 112
138 117
139 125
139 128
139 133
.PEN_UP
139 133
140 134
141 136
141 136
141 141
141 141
140 141
138 142
138 142
.PEN_UP
.DT 170
.PEN_UP
129 127
129 127
129 127
125 127
123 127
120 127
114 127
110 127
106 127
104 127
100 130
99 132
98 135
98 137
98 137
.PEN_DOWN
98 137
98 139
98 139
94 139
94 139
94 139
94 139
94 139
94 139
94 139
94 138
96 136
98 134
102 129
105 125
109 119
111 113
114 106
116 101
119 94
123 88
125 81
130 76
131 72
133 67
133 66
138 64
139 59
142 59
143 59
144 59
144 59
.PEN_UP
145 59
146 59
146 61
146 61
147 72
147 77
147 85
147 91
147 99
147 105
147 115
147 119
147 126
148 132
.PEN_DOWN
148 132
148 136
148 141
148 145
148 145
148 145
148 145
148 143
148 143
142 140
139 133
137 129
131 123
127 114
123 106
118 96
113 89
113 89
107 80
104 72
100 65
99 62
94 56
93 52
93 51
93 48
93 47
.PEN_UP
93 47
94 47
94 47
98 47
105 57
108 61
109 66
114 72
116 76
121 81
.PEN_UP
.DT 170
.PEN_UP
0 0
.PEN_DOWN
0 0
.PEN_UP
0 0
.PEN_DOWN
0 0
.PEN_UP
0 0
.PEN_UP
.DT 170
.PEN_UP
0 0
.PEN_DOWN
0 0
.PEN_UP
0 0
.PEN_UP
.DT 220
.PEN_UP
0 0
.PEN_DOWN
0 0
.PEN_UP
0 0
.PEN_UP
.DT 170
.PEN_UP
0 0
.PEN_DOWN
0 0
.PEN_UP
0 0
.PEN_UP
.DT 110
.PEN_UP
58 124
64 124
64 124
65 121
74 118
76 114
79 113
83 110
85 107
88 107
89 107
89 105
89 105
89 104
89 102
87 101
87 100
87 100
87 99
87 98
87 98
88 97
88 97
88 96
88 96
90 96
90 96
90 96
90 96
90 97
90 97
90 98
91 99
93 99
93 99
93 99
.PEN_DOWN
93 99
93 99
93 99
93 99
93 99
93 100
93 100
93 100
93 100
93 101
93 101
93 101
93 101
93 101
93 101
93 101
89 101
89 101
86 101
86 99
84 99
83 98
83 98
82 95
82 95
80 93
79 93
79 90
79 87
79 87
79 86
79 84
79 82
79 82
79 82
80 78
80 78
80 77
83 73
83 73
84 73
86 71
87 71
88 70
90 70
93 68
95 68
98 68
101 68
107 68
109 68
109 68
.PEN_UP
109 68
112 69
115 69
120 71
122 76
122 78
122 78
.PEN_UP
.DT 600
.PEN_UP
0 0
.PEN_DOWN
0 0
.PEN_UP
0 0
.PEN_DOWN
0 0
.PEN_UP
0 0
.PEN_UP
.DT 220
.PEN_UP
149 94
149 94
149 94
149 94
149 94
149 94
148 94
146 94
146 93
142 92
140 92
136 92
133 91
130 89
126 88
125 88
122 86
120 86
117 85
117 85
117 85
115 83
113 82
113 82
111 82
111 82
110 82
110 82
109 82
109 82
109 82
109 82
109 82
109 82
.PEN_DOWN
107 82
107 82
105 82
103 82
103 82
103 82
103 81
103 81
103 81
103 81
103 81
105 81
106 80
106 80
108 80
111 79
113 79
116 79
116 79
120 79
122 79
124 79
126 81
127 83
128 83
129 83
129 83
130 83
130 84
130 85
130 85
129 87
129 87
127 87
124 90
122 90
120 91
117 92
115 94
112 94
110 94
109 94
109 94
105 94
104 94
103 94
103 94
101 94
101 91
100 91
100 88
100 84
100 82
100 78
100 77
101 75
102 71
103 70
104 66
106 64
108 62
110 60
112 59
113 57
115 57
119 57
119 57
123 57
126 59
126 59
130 59
.PEN_UP
130 59
134 62
140 65
144 69
149 73
149 75
151 78
154 78
155 81
157 81
.PEN_UP
.DT 160
.PEN_UP
0 0
.PEN_DOWN
0 0
.PEN_UP
0 0
.PEN_DOWN
0 0
.PEN_UP
0 0
.PEN_UP
.DT 170
.PEN_UP
62 124
66 124
71 124
83 124
85 124
91 124
95 124
96 124
98 124
100 122
100 122
100 122
100 122
100 122
100 120
100 119
96 117
95 115
93 113
93 112
93 111
93 110
93 106
92 106
92 106
92 104
92 104
92 104
92 102
92 100
92 100
92 100
92 100
92 100
92 100
92 98
92 98
92 98
93 98
93 98
94 96
94 96
94 96
95 96
95 96
95 96
96 95
96 95
97 95
97 95
97 95
97 95
97 95
97 95
98 95
98 95
101 95
101 95
101 95
103 95
104 95
104 95
106 95
106 95
107 95
107 95
107 95
107 95
108 95
108 95
.PEN_DOWN
108 95
108 96
108 96
108 96
108 96
108 96
108 96
108 96
108 96
107 98
107 98
107 98
105 98
104 99
104 99
104 99
104 99
103 99
100 99
99 99
97 99
96 98
95 97
95 97
95 95
91 95
91 94
89 94
89 94
89 94
89 91
88 91
87 91
87 91
87 89
87 89
87 85
87 85
87 85
86 85
86 83
86 82
86 82
86 82
86 82
86 82
86 82
86 82
86 82
86 79
86 79
86 79
86 79
86 76
86 76
86 76
86 76
86 76
86 76
86 76
86 75
87 75
87 75
87 75
87 73
87 73
88 73
88 73
91 71
92 71
93 71
93 69
94 69
96 69
96 69
97 69
99 69
99 69
99 69
100 69
100 69
100 71
102 71
103 71
103 71
103 73
104 73
104 73
104 73
104 77
104 79
104 79
104 81
104 81
104 83
104 83
104 83
104 86
104 87
104 89
104 90
103 91
103 91
102 92
102 92
102 93
102 93
102 93
102 93
102 93
102 93
102 93
.PEN_UP
103 93
103 93
103 93
104 93
104 93
104 93
104 90
104 89
104 87
104 87
104 87
104 85
104 85
104 83
106 83
106 83
106 79
106 78
106 78
106 76
106 75
106 75
106 75
106 75
107 75
107 75
107 75
107 75
107 75
107 75
107 75
107 75
107 75
107 73
107 73
107 73
107 73
107 73
107 73
107 73
107 73
107 73
107 73
107 73
107 73
107 73
107 73
107 73
107 73
.PEN_DOWN
105 73
105 73
104 73
104 73
104 73
104 73
104 71
104 71
104 71
104 71
104 71
104 71
104 71
104 71
104 71
104 71
104 71
104 71
104 71
103 71
103 71
103 71
103 71
103 71
103 71
103 71
103 71
103 71
103 71
103 71
103 71
103 71
103 71
103 71
103 71
103 71
103 71
103 71
103 71
103 71
103 71
103 71
103 71
103 71
103 71
103 71
103 71
103 71
103 71
103 71
103 71
103 71
103 71
103 71
103 71
103 71
103 71
103 71
103 71
103 71
103 71
103 71
103 71
103 71
103 71
103 71
103 71
103 71
103 71
103 71
103 71
103 71
103 71
103 71
103 71
103 71
103 71
103 71
103 71
103 71
103 71
103 71
103 71
103 71
103 71
103 71
103 71
103 71
103 71
103 71
103 71
103 71
103 71
103 71
103 71
103 71
102 71
102 71
102 71
102 71
102 71
102 71
102 71
102 71
102 71
102 70
102 69
100 67
100 67
100 67
100 67
99 65
99 64
99 64
99 63
99 63
99 62
99 62
99 62
99 62
99 62
99 62
99 62
99 62
99 62
99 62
99 62
99 62
99 62
95 62
95 62
95 62
92 62
92 61
92 61
92 61
90 61
90 61
89 61
87 61
87 61
86 59
84 59
84 59
83 59
83 59
83 57
81 57
81 57
81 56
81 56
81 56
79 56
79 55
79 55
79 53
79 53
79 53
79 50
79 49
79 47
79 46
79 43
80 43
81 41
81 40
82 39
84 38
84 38
85 37
87 36
87 35
89 35
90 35
91 35
92 35
93 35
95 35
95 35
97 35
100 35
100 35
102 35
103 36
105 38
105 38
105 40
105 41
107 42
107 44
109 44
109 46
109 46
109 49
109 50
109 52
108 54
108 54
108 55
108 56
106 57
104 58
104 59
104 59
101 59
99 60
98 60
98 60
95 61
92 61
92 61
89 61
89 61
87 61
87 61
.PEN_UP
87 61
87 61
87 62
88 62
88 64
89 64
91 66
92 68
94 70
.PEN_UP
.DT 330
.PEN_UP
124 113
124 113
124 113
124 115
124 115
124 116
121 117
121 117
118 117
117 117
115 117
115 118
115 119
115 121
115 121
115 123
115 125
115 125
115 126
115 126
115 127
114 127
114 127
114 127
111 127
111 127
111 127
.PEN_DOWN
111 127
111 127
111 127
108 127
105 127
105 127
105 128
105 128
105 128
105 128
105 128
105 128
105 127
105 124
106 119
106 114
106 106
106 100
106 94
106 87
106 80
106 73
106 70
106 66
106 61
106 61
106 58
106 57
106 57
106 56
106 56
106 56
106 56
106 56
106 56
106 56
106 56
105 57
105 59
105 64
105 66
105 68
105 72
105 75
105 77
107 80
109 82
110 84
110 86
113 89
116 90
117 90
119 90
119 90
121 90
124 89
126 88
127 88
129 85
132 82
133 80
135 79
135 74
135 73
135 71
135 67
135 65
136 64
137 64
137 60
137 60
.PEN_UP
137 58
138 58
141 58
145 58
147 61
147 62
149 65
149 68
152 70
.PEN_UP
.DT 170
.PEN_UP
0 0
.PEN_DOWN
0 0
.PEN_UP
0 0
.PEN_DOWN
0 0
.PEN_UP
0 0
.PEN_UP
.DT 110
.PEN_UP
47 95
51 93
55 88
60 84
60 84
65 81
72 81
75 76
81 76
85 76
89 76
95 74
97 71
98 71
103 69
103 69
105 69
105 69
105 68
105 68
105 67
105 67
105 67
105 67
105 67
105 67
106 67
106 67
106 67
106 67
106 67
106 67
106 67
106 69
106 70
106 70
106 71
105 72
105 73
105 73
105 74
105 76
105 77
105 77
105 77
105 77
105 77
105 77
.PEN_DOWN
105 77
105 77
105 77
103 77
103 77
103 77
103 77
103 77
103 77
101 77
101 77
101 75
101 75
101 74
103 72
104 71
104 68
104 65
105 63
106 62
108 59
108 57
108 55
108 53
108 50
108 47
107 44
107 40
106 36
106 34
106 29
102 28
102 28
102 22
100 22
99 20
96 18
96 18
94 18
92 18
92 18
92 18
91 18
88 18
88 18
86 18
86 20
.PEN_UP
86 20
86 21
86 22
86 27
82 37
82 41
82 43
82 48
82 51
82 53
82 58
82 62
82 66
84 69
84 74
86 74
87 78
88 83
88 83
90 89
92 92
92 92
93 94
96 95
.PEN_DOWN
96 95
96 97
96 97
96 97
95 97
95 97
95 97
95 97
96 97
96 97
98 97
98 97
99 97
101 95
102 94
102 94
102 94
106 91
108 91
108 91
108 91
.PEN_UP
110 91
111 91
114 91
114 97
114 98
114 98
114 99
114 99
111 100
111 102
107 104
106 104
106 107
.PEN_UP
.DT 380
.PEN_UP
125 112
125 112
125 112
122 112
121 112
117 113
116 115
114 115
113 115
112 117
111 117
109 118
108 118
106 118
105 120
104 121
104 123
103 125
103 125
103 125
103 127
103 127
103 129
103 131
103 131
103 131
103 131
103 131
103 131
.PEN_DOWN
103 131
103 131
103 131
102 130
102 130
102 130
102 125
102 122
102 115
102 108
101 101
101 94
101 87
101 80
101 73
101 68
101 62
101 59
101 57
101 57
102 55
102 53
102 49
102 49
103 48
.PEN_UP
103 48
104 48
104 48
105 48
105 53
105 56
105 59
105 63
105 66
105 72
105 75
105 79
109 82
110 84
112 87
112 89
115 92
115 94
115 94
115 94
.PEN_DOWN
117 95
117 96
117 96
117 96
117 96
117 96
116 96
116 96
116 95
113 92
112 91
110 89
108 86
106 83
106 83
103 82
103 80
101 80
101 80
101 80
101 80
101 80
101 80
101 79
102 79
103 79
105 79
108 77
110 77
114 77
114 77
116 77
118 77
120 77
123 77
126 77
129 77
130 76
.PEN_UP
130 76
132 76
135 75
135 74
133 72
130 72
130 72
132 72
133 72
134 72
134 76
134 76
138 76
151 82
151 82
.PEN_UP
.DT 170
.PEN_UP
0 0
.PEN_DOWN
0 0
.PEN_UP
0 0
.PEN_UP
.DT 160
.PEN_UP
0 0
.PEN_DOWN
0 0
.PEN_UP
0 0
.PEN_UP
.DT 500
.PEN_UP
77 100
77 100
77 100
75 99
75 99
75 99
75 96
75 96
75 96
75 96
78 96
80 95
84 95
87 95
89 95
89 92
91 92
91 88
91 86
91 86
91 86
91 84
91 84
91 84
90 82
90 82
90 82
90 82
90 81
90 78
.PEN_DOWN
90 78
90 77
89 77
83 76
80 72
80 72
78 72
78 72
78 72
76 72
76 73
76 73
76 74
76 74
76 76
76 76
77 79
77 80
78 83
81 85
81 85
81 89
83 89
84 91
86 92
89 92
89 92
90 92
93 92
93 90
93 86
96 85
96 81
98 75
98 74
98 70
98 66
98 63
98 61
98 57
98 55
98 53
98 52
98 52
98 52
98 52
98 52
98 52
98 52
98 52
98 53
98 56
98 58
98 60
98 64
99 65
99 69
99 72
101 77
101 77
101 81
104 84
106 86
106 87
108 87
109 87
112 87
113 86
116 85
117 80
120 77
121 74
122 70
123 68
124 66
125 63
127 62
127 62
.PEN_UP
127 62
127 59
128 59
131 59
131 59
132 60
132 63
132 65
132 68
.PEN_UP
.DT 220
.PEN_UP
153 97
153 97
153 97
153 97
152 97
152 97
152 97
149 97
146 97
145 95
145 95
141 95
139 95
139 95
139 95
139 95
135 95
135 95
132 93
132 92
131 92
130 92
130 92
127 92
126 92
124 90
122 90
122 89
122 89
122 87
121 86
120 86
118 85
117 84
117 83
117 83
113 83
112 81
110 81
109 81
107 81
104 81
103 81
102 81
100 81
99 81
98 81
97 82
97 83
96 83
96 85
96 86
96 87
96 87
96 89
96 89
96 89
96 90
96 90
.PEN_DOWN
96 91
96 91
96 91
96 91
96 91
96 91
94 91
94 91
94 91
94 90
94 90
94 89
94 87
94 86
94 83
94 78
94 75
94 71
94 68
95 66
96 65
97 63
98 62
99 60
99 60
101 60
103 60
103 60
105 60
108 60
109 62
110 63
110 63
112 66
113 67
114 70
114 74
114 77
114 80
114 82
112 85
111 86
109 89
109 90
106 90
104 91
104 91
104 91
100 91
98 91
98 91
98 91
98 91
.PEN_UP
98 91
98 90
98 90
98 90
98 90
98 89
98 89
98 88
98 88
98 88
99 87
100 87
.PEN_UP
.DT 270
.PEN_UP
0 0
.PEN_DOWN
0 0
.PEN_UP
0 0
.PEN_DOWN
0 0
.PEN_UP
0 0
.PEN_UP
.DT 160
.PEN_UP
0 0
.PEN_DOWN
0 0
.PEN_UP
0 0
.PEN_UP
.DT 160
.PEN_UP
0 0
.PEN_DOWN
0 0
.PEN_UP
0 0
.PEN_UP
.DT 160
.PEN_UP
101 105
105 103
111 103
113 102
118 100
123 100
123 100
124 96
129 95
130 95
131 90
133 90
133 90
133 87
133 87
132 85
131 85
129 85
129 84
127 83
123 83
122 83
118 83
118 83
118 84
116 86
115 86
114 86
112 86
110 86
110 89
109 89
109 89
108 89
108 89
108 89
108 89
108 89
109 89
109 90
111 90
113 91
114 92
117 92
117 92
117 94
117 94
.PEN_DOWN
117 94
117 94
117 94
117 94
117 94
117 94
117 94
117 93
112 93
111 92
108 92
106 90
102 88
100 86
98 84
94 84
94 84
94 83
94 81
94 80
94 80
94 80
94 80
94 78
95 77
97 76
101 75
101 75
104 75
106 75
108 74
111 73
112 73
112 71
113 71
113 69
113 67
113 67
113 65
113 63
113 61
111 59
111 57
108 56
108 56
108 56
105 56
103 56
103 56
101 54
99 54
.PEN_UP
99 54
98 54
98 54
97 56
97 58
97 59
97 62
97 64
98 65
99 66
99 68
100 71
100 73
102 76
.PEN_UP
.DT 170
.PEN_UP
0 0
.PEN_DOWN
0 0
.PEN_UP
0 0
.PEN_DOWN
0 0
.PEN_UP
0 0
.PEN_DOWN
0 0
.PEN_UP
0 0
.PEN_UP
.DT 160
.PEN_UP
0 0
.PEN_DOWN
0 0
.PEN_UP
0 0
.PEN_UP
.DT 220
.PEN_UP
0 0
.PEN_DOWN
0 0
.PEN_UP
0 0
.PEN_UP
.DT 160
.PEN_UP
70 101
71 101
77 95
79 91
81 88
82 86
83 81
85 78
88 75
89 73
89 69
89 66
89 66
86 63
84 60
84 58
82 58
81 58
80 58
79 58
78 58
76 58
76 61
76 62
76 63
76 63
74 63
74 64
74 66
74 70
74 70
73 70
73 70
73 73
73 75
73 76
73 77
74 79
74 79
74 80
74 80
74 80
.PEN_DOWN
74 80
74 80
73 79
72 79
72 78
72 78
72 77
72 77
73 75
73 73
73 72
73 70
73 70
75 68
75 66
76 65
77 63
78 63
78 61
78 61
78 58
79 58
79 58
80 58
80 58
80 58
80 58
80 58
80 58
80 58
81 58
81 58
81 58
81 60
81 64
83 65
83 67
83 69
84 72
84 72
84 72
84 74
84 76
87 76
87 78
87 79
87 79
87 79
87 79
87 79
87 79
87 80
87 80
88 80
88 80
89 79
89 79
89 79
89 78
92 78
92 76
93 75
94 74
95 72
95 71
95 70
96 68
97 68
97 68
97 65
97 64
98 64
98 62
98 61
98 61
98 61
98 61
99 61
99 61
99 61
100 61
100 61
100 61
100 61
101 61
103 63
104 65
104 67
105 69
105 72
107 73
107 76
109 79
109 81
109 81
.PEN_UP
109 85
109 85
109 87
109 90
109 95
109 98
109 100
107 101
107 102
105 103
105 105
.PEN_UP
.DT 770
.PEN_UP
106 89
106 89
106 89
109 90
112 90
115 90
118 92
119 92
120 92
120 92
120 92
120 92
120 92
120 92
119 91
116 89
116 89
116 89
116 89
114 89
114 89
114 89
113 89
110 89
110 89
110 89
110 89
109 89
109 89
109 90
109 90
109 91
.PEN_DOWN
109 91
109 91
108 91
108 91
103 91
103 91
102 91
101 91
101 91
101 91
101 91
101 91
102 91
104 91
105 89
107 89
109 85
113 84
114 83
118 81
119 78
120 75
120 75
122 72
122 72
125 70
.PEN_UP
125 70
125 67
127 66
127 66
132 66
132 66
132 66
134 67
134 72
134 75
134 77
134 81
134 86
134 90
135 92
135 95
137 97
137 99
137 99
137 99
.PEN_DOWN
137 99
136 99
136 97
135 95
135 94
135 94
135 93
130 91
128 87
126 82
122 79
119 70
115 66
113 61
110 56
110 51
.PEN_UP
110 51
110 46
110 41
110 40
110 39
110 39
113 39
113 39
113 39
114 40
116 44
119 50
121 53
.PEN_UP
.DT 110
.PEN_UP
0 0
.PEN_DOWN
0 0
.PEN_UP
0 0
.PEN_DOWN
0 0
.PEN_UP
0 0
.PEN_UP
.DT 160
.PEN_UP
0 0
.PEN_DOWN
0 0
.PEN_UP
0 0
.PEN_UP
.DT 220
