.WRITER_ID 1053
.STYLE PRINTED
.DATE 11 15 90
.COUNTRY japan

.WRITER_INFO
		 Native language: Japanese

.PEN_UP
119 125
117 124
117 124
117 124
112 120
109 120
103 118
101 115
100 113
100 113
97 113
97 112
97 112
97 112
97 112
97 112
97 113
97 113
99 113
99 115
101 115
103 117
107 117
107 117
108 117
110 119
112 119
113 120
114 120
117 123
117 123
118 123
118 123
119 123
119 123
120 123
120 123
120 123
120 123
120 123
120 123
120 123
120 123
120 123
120 123
120 124
120 125
120 125
119 125
119 125
119 125
119 125
119 125
119 127
119 127
119 127
119 127
119 127
119 127
117 127
117 127
117 127
117 128
116 128
116 128
116 129
116 129
116 129
116 130
116 130
116 130
116 130
116 132
116 132
116 132
116 133
116 133
117 134
117 135
117 135
117 135
117 136
117 136
117 137
117 137
117 137
117 137
117 137
118 137
118 138
118 138
118 138
118 138
118 138
118 140
118 140
118 140
118 140
118 141
118 141
118 141
118 141
120 142
120 142
120 142
120 143
120 143
121 143
122 143
122 143
122 143
122 143
122 144
122 144
122 145
122 145
122 146
122 146
122 146
.PEN_DOWN
122 146
122 146
122 146
122 145
122 143
122 143
122 143
122 143
122 143
122 143
122 143
122 143
122 143
122 143
122 143
122 142
121 141
121 141
121 141
121 141
121 141
121 139
121 138
121 136
121 136
121 136
120 133
120 132
120 130
120 128
120 128
119 126
119 123
119 123
119 119
118 119
118 119
118 117
117 117
117 116
117 115
117 115
117 115
117 113
117 113
117 113
117 113
117 112
117 112
116 111
116 111
116 111
116 111
116 111
116 111
116 111
116 111
116 111
116 111
116 111
116 111
116 111
116 111
116 111
116 111
116 111
116 111
116 111
116 111
116 111
116 110
116 110
116 110
116 109
116 109
116 109
116 109
116 107
116 107
116 106
115 106
115 106
114 106
114 106
114 106
114 106
114 105
114 105
114 105
114 105
.PEN_UP
114 105
114 105
114 107
114 107
114 113
114 113
113 115
113 115
113 115
113 115
113 114
113 114
113 114
113 111
113 110
113 109
113 107
113 105
113 101
113 101
113 99
113 99
113 97
113 96
112 94
112 94
112 92
111 90
110 90
110 89
110 88
110 88
110 86
110 86
108 86
108 85
108 84
108 84
108 84
108 84
108 84
108 84
108 84
108 84
108 84
109 84
109 84
109 84
109 84
109 84
109 84
109 84
109 84
110 84
.PEN_DOWN
110 84
110 84
110 84
110 84
109 80
109 80
109 80
109 80
107 79
107 79
107 79
107 79
107 79
107 79
107 79
107 79
107 79
107 79
107 79
107 79
107 79
107 79
107 79
107 79
107 79
107 79
.PEN_UP
107 79
107 79
107 80
107 80
107 86
106 86
105 87
.PEN_UP
.DT 330
.PEN_UP
111 86
111 86
111 86
110 83
108 82
108 81
108 81
108 81
108 81
108 80
108 80
108 80
108 80
108 80
108 80
108 80
108 80
108 80
108 81
109 81
109 82
110 82
110 82
110 82
110 83
110 83
110 83
110 83
110 84
110 84
110 84
110 84
110 84
110 84
110 84
110 84
110 84
110 84
110 84
110 85
110 85
110 86
110 86
110 86
110 86
110 86
111 86
111 86
111 86
111 87
111 87
112 87
112 87
112 87
113 88
113 88
113 88
113 88
113 88
113 88
.PEN_DOWN
113 88
113 88
110 88
110 85
110 85
110 85
110 85
110 85
110 85
110 85
110 85
110 85
110 84
110 84
111 84
111 84
111 83
111 83
111 83
111 81
111 81
111 81
111 80
111 79
111 78
111 78
109 78
109 76
109 76
109 76
108 75
108 75
108 75
108 75
108 75
108 75
108 75
108 75
108 75
108 75
108 75
108 75
108 75
108 75
108 75
108 75
108 75
108 75
108 75
108 75
108 75
109 76
109 77
109 77
109 77
110 77
110 77
110 77
110 77
110 77
110 77
110 77
110 77
110 78
110 78
110 78
110 78
.PEN_UP
110 78
110 78
110 78
110 78
108 81
107 81
104 81
104 81
.PEN_UP
.DT 1100
.PEN_UP
91 145
91 145
91 145
91 147
93 148
93 150
94 150
94 150
94 150
94 151
96 151
96 151
96 151
96 151
98 151
98 148
100 148
100 145
101 144
101 143
101 143
103 143
103 140
103 140
103 140
103 140
103 139
103 139
103 138
103 136
102 134
100 132
100 132
100 130
100 129
98 127
97 126
97 126
96 126
96 126
96 125
96 125
96 125
96 125
95 125
95 124
95 124
95 122
95 122
93 121
93 120
93 120
93 120
93 120
93 120
93 121
93 121
93 121
93 122
93 123
94 124
94 124
94 126
94 126
94 126
94 126
94 126
94 128
94 128
94 129
94 129
96 129
96 129
96 129
97 129
97 129
97 129
97 129
98 129
98 129
98 129
98 129
98 129
98 129
.PEN_DOWN
98 129
98 129
98 128
97 128
97 126
97 126
97 126
97 125
97 125
97 125
97 125
97 125
97 125
97 125
97 125
96 124
96 123
96 122
96 122
95 119
95 117
95 117
95 114
95 112
95 112
95 110
93 110
93 110
93 110
93 110
93 110
93 110
.PEN_UP
93 110
94 110
95 110
99 116
99 117
100 120
101 122
101 123
103 124
106 125
106 125
107 126
109 127
109 129
110 129
114 130
115 132
115 133
116 133
116 133
116 133
118 133
118 133
118 133
118 133
118 133
118 133
118 133
118 133
.PEN_DOWN
118 133
118 133
117 133
117 130
117 130
117 130
117 130
117 130
117 130
117 130
117 130
117 130
117 130
117 130
117 130
117 130
116 130
116 129
116 126
116 126
116 124
116 122
116 121
115 121
114 119
113 117
113 117
113 117
.PEN_UP
113 117
113 117
113 117
113 119
113 120
113 120
113 123
113 125
.PEN_UP
.DT 270
.PEN_UP
0 0
.PEN_DOWN
0 0
.PEN_UP
0 0
.PEN_DOWN
0 0
.PEN_UP
0 0
.PEN_DOWN
0 0
.PEN_UP
0 0
.PEN_DOWN
0 0
.PEN_UP
0 0
.PEN_UP
.DT 5550
.PEN_UP
97 128
97 128
97 129
97 131
97 131
97 132
99 134
100 134
100 135
100 135
101 135
101 138
102 138
102 138
105 138
106 139
106 139
109 139
111 139
111 139
111 139
111 142
111 142
111 142
111 142
113 142
114 142
115 142
115 142
115 142
117 142
118 142
118 142
121 142
122 142
124 144
124 144
124 144
124 144
124 144
124 144
124 144
124 142
124 142
124 141
124 141
124 141
122 141
122 141
122 141
122 141
122 141
122 141
122 141
122 139
121 138
121 138
120 138
120 138
120 138
120 136
120 136
120 136
120 136
120 136
120 136
120 136
120 136
120 136
120 136
120 136
120 136
120 136
120 136
120 136
120 137
120 137
120 137
120 137
120 137
120 137
120 137
120 136
121 136
121 136
121 136
121 136
123 136
123 136
.PEN_DOWN
123 136
123 136
123 136
123 136
123 135
123 135
123 135
123 135
123 135
123 135
123 135
123 137
123 137
123 138
123 138
123 139
123 139
123 139
122 139
122 139
120 141
120 141
120 141
120 141
119 141
119 141
117 141
115 141
115 143
115 143
113 143
111 143
109 143
107 143
105 143
105 143
103 143
102 143
102 143
102 142
100 142
99 142
98 142
97 139
97 139
96 138
96 138
96 135
96 135
96 135
95 134
95 134
95 134
95 132
95 132
95 132
95 132
95 129
95 129
96 129
97 128
97 128
97 126
99 125
100 125
101 124
102 123
102 122
106 122
107 121
109 121
111 118
111 118
111 118
112 118
112 117
115 117
115 117
116 117
116 115
116 115
116 115
119 115
119 112
119 112
119 111
120 110
120 109
120 109
120 106
120 106
120 104
120 104
120 102
120 101
120 99
120 98
118 98
118 95
118 95
118 95
118 95
117 95
117 93
116 93
116 93
116 93
114 92
113 92
112 92
110 92
108 93
108 93
105 93
105 93
105 94
103 95
102 95
100 97
97 97
97 97
95 99
94 99
94 99
93 102
93 102
93 103
93 103
91 104
91 104
91 104
91 104
91 104
91 104
91 106
91 106
91 106
91 106
.PEN_UP
91 106
91 106
92 107
93 108
97 114
98 116
99 116
100 119
102 120
103 122
107 127
111 128
115 130
118 134
119 134
121 138
121 140
121 140
121 142
121 142
121 142
121 142
121 143
121 143
120 143
120 145
120 145
120 145
118 147
118 147
118 148
118 149
118 150
118 152
118 152
118 152
118 152
118 153
118 153
118 154
118 154
118 154
118 154
117 154
117 154
117 154
117 154
117 154
117 154
118 155
118 155
119 155
120 157
120 157
120 159
122 160
122 160
122 160
122 161
122 161
122 161
122 161
122 161
122 161
122 161
122 161
122 161
122 161
122 161
121 161
121 161
121 161
121 161
121 161
121 161
121 161
121 162
121 162
121 162
121 162
121 162
121 163
121 163
122 163
122 164
122 164
122 165
.PEN_DOWN
122 165
122 165
122 165
122 165
122 162
120 162
120 162
120 162
120 162
120 162
120 162
120 162
120 162
120 162
120 162
120 162
120 162
120 162
120 162
120 162
120 160
119 160
119 159
119 159
119 157
118 157
118 155
118 154
118 153
118 153
118 152
117 149
116 146
116 146
116 146
116 145
116 143
116 141
115 141
115 139
115 138
113 137
113 135
113 135
113 134
113 134
113 132
111 132
111 130
111 129
111 127
110 126
110 124
110 124
110 122
108 122
108 119
108 119
108 119
107 117
107 117
105 114
105 112
105 112
105 110
105 109
104 109
104 106
104 105
104 105
104 105
104 105
104 102
104 101
101 99
101 98
101 96
100 95
100 94
99 91
99 91
98 89
98 89
98 85
98 85
98 83
96 83
96 83
96 80
96 79
96 79
96 79
96 78
96 78
96 78
96 78
96 78
95 78
95 78
95 78
95 78
95 78
95 78
95 78
.PEN_UP
95 78
96 78
97 78
97 78
101 85
102 88
102 90
103 93
.PEN_UP
.DT 220
.PEN_UP
0 0
.PEN_DOWN
0 0
.PEN_UP
0 0
.PEN_DOWN
0 0
.PEN_UP
0 0
.PEN_DOWN
0 0
.PEN_UP
0 0
.PEN_UP
.DT 6650
.PEN_UP
76 120
76 120
76 120
76 120
77 122
77 122
77 122
77 122
77 121
77 121
77 120
79 120
81 120
83 120
86 120
86 120
86 120
89 120
90 120
91 120
93 119
93 118
95 116
95 116
95 116
97 116
98 116
100 116
100 116
104 116
104 116
104 116
106 116
110 116
114 116
118 116
121 116
124 119
125 121
128 121
128 121
128 121
128 121
128 121
128 118
124 115
123 113
121 112
120 110
117 107
116 107
115 105
115 105
114 104
114 104
114 104
114 104
113 104
113 104
113 105
113 107
113 107
113 108
113 108
113 109
113 110
113 110
115 110
115 110
116 110
117 110
117 110
117 110
117 109
118 108
118 108
118 107
118 107
118 106
118 106
116 105
116 105
115 104
115 104
115 104
115 104
115 104
115 104
115 104
115 104
115 104
114 104
114 104
114 104
114 104
114 104
113 104
113 104
113 104
113 103
113 103
113 103
113 103
113 103
113 103
113 103
114 103
114 103
114 103
115 103
115 103
115 103
115 103
116 103
116 103
116 103
116 103
116 103
117 102
117 102
117 102
117 102
117 102
117 101
117 101
117 101
117 100
117 100
117 100
118 100
118 100
118 100
119 99
119 99
120 98
121 98
121 98
122 98
122 98
122 98
123 98
123 98
123 98
123 98
123 96
124 96
124 96
124 96
124 96
124 96
124 96
125 96
125 96
125 96
125 96
126 96
126 96
126 96
127 96
127 96
127 96
127 96
127 96
127 95
127 95
.PEN_DOWN
127 95
127 95
125 95
125 92
125 92
125 92
125 92
125 92
125 92
125 92
125 92
125 93
125 93
125 93
125 93
125 93
125 93
125 93
125 93
124 93
124 93
124 93
123 93
123 93
122 93
122 93
120 93
120 93
118 93
117 93
116 93
116 93
115 93
115 93
113 93
113 93
112 93
112 94
111 94
111 94
110 95
109 95
107 95
106 95
105 99
105 99
103 100
103 101
102 101
102 102
101 103
101 104
101 104
98 104
98 104
96 104
96 106
96 106
95 108
95 108
95 108
95 110
95 110
95 111
95 112
93 113
93 115
92 116
92 118
92 120
92 120
92 121
92 121
92 125
91 126
90 126
90 127
90 129
90 132
91 133
92 136
92 136
92 136
92 138
92 139
92 140
93 140
93 142
94 144
94 144
95 144
96 144
97 147
97 147
98 147
98 149
101 149
101 150
101 152
102 153
102 153
103 153
104 153
104 153
105 153
105 153
105 153
105 153
105 153
105 153
106 153
107 153
107 153
107 153
107 153
108 153
108 153
108 153
108 153
108 152
109 150
109 150
110 150
110 149
110 149
110 149
110 149
110 147
110 147
110 147
110 147
110 145
110 144
110 144
109 142
109 140
108 140
108 139
108 139
107 138
106 138
105 137
105 137
104 137
104 137
104 135
104 135
102 135
102 135
101 135
101 135
100 133
100 133
98 131
98 131
98 131
98 131
96 129
96 129
95 128
95 127
94 126
93 126
92 126
92 124
92 123
92 122
90 121
90 121
89 120
89 118
89 118
88 116
88 116
88 116
88 114
88 114
88 112
88 110
87 110
87 110
85 108
85 108
85 107
85 105
85 105
85 103
85 101
85 100
85 100
85 99
85 99
85 97
85 97
85 95
87 95
87 95
88 94
88 94
89 92
90 92
90 92
90 92
93 92
95 92
95 92
97 92
99 92
101 92
102 92
103 92
104 93
106 93
107 96
107 96
109 97
109 97
110 99
110 101
111 103
113 103
113 105
113 107
113 108
113 108
113 108
113 112
113 113
115 113
116 113
116 113
116 115
116 115
116 116
117 117
117 117
117 117
117 117
117 119
117 119
117 119
117 119
117 119
117 120
117 120
117 120
117 120
117 120
117 120
117 120
117 120
117 120
117 121
117 121
117 122
117 122
117 122
117 122
117 122
117 122
117 122
117 122
116 122
115 122
115 122
115 122
115 122
115 122
114 122
114 122
114 122
114 122
114 122
114 122
114 122
114 122
114 122
114 122
114 122
114 122
114 122
114 122
114 122
114 122
114 122
114 122
115 122
115 122
116 122
116 122
117 122
119 121
121 121
122 121
122 120
123 120
124 120
126 120
127 120
129 120
130 120
131 120
131 118
132 118
132 118
132 118
132 118
132 118
132 118
133 118
133 118
133 118
133 118
133 118
133 118
133 118
133 118
133 118
133 118
.PEN_UP
133 118
133 118
134 118
134 118
134 122
134 123
133 123
.PEN_UP
.DT 5380
.PEN_UP
0 0
.PEN_DOWN
0 0
.PEN_UP
0 0
.PEN_UP
.DT 270
.PEN_UP
111 116
111 116
111 116
109 115
106 115
101 115
99 112
97 112
96 112
94 111
94 106
94 106
93 106
93 106
93 106
93 106
92 106
92 106
92 106
92 106
92 106
92 106
92 106
89 106
89 106
89 106
88 104
87 104
86 104
86 105
86 105
84 105
84 105
84 106
83 106
83 106
83 107
83 107
83 109
83 110
83 110
83 111
83 111
85 111
87 113
87 113
87 116
87 116
90 118
91 118
91 118
91 118
91 120
93 121
96 121
97 121
99 121
101 121
102 121
103 123
103 123
105 123
106 123
106 123
106 123
106 123
106 123
106 123
105 123
105 123
105 123
104 123
104 123
102 122
102 122
101 122
101 121
98 121
97 121
96 121
95 120
95 120
93 119
93 119
93 118
93 118
93 118
93 118
93 118
93 118
93 118
93 118
93 118
93 118
94 118
94 119
94 119
94 119
94 119
94 119
95 121
95 121
95 121
96 121
96 121
96 121
96 121
96 121
97 121
97 121
98 121
98 121
99 122
99 122
99 122
99 122
99 122
.PEN_DOWN
99 122
99 122
98 120
96 120
96 120
96 120
96 120
96 120
96 120
96 120
96 120
96 120
96 120
96 120
96 120
96 120
96 119
96 119
96 119
96 119
95 119
95 119
95 119
94 119
93 117
93 117
93 117
92 116
92 115
92 115
91 115
90 113
90 113
90 112
90 112
90 111
90 111
89 110
89 110
88 110
88 110
88 108
88 108
88 106
88 106
88 104
88 102
88 102
87 102
87 100
87 99
87 99
87 97
87 97
87 96
87 95
87 95
87 94
87 94
87 92
87 91
87 91
87 90
87 89
87 88
87 88
87 88
87 87
87 85
87 85
88 85
89 84
89 82
89 82
89 81
89 81
89 79
91 79
91 78
91 78
92 77
92 76
92 75
93 75
95 73
97 73
97 72
98 72
99 71
101 71
101 70
103 69
103 69
104 69
104 69
104 69
104 68
104 68
104 68
104 68
105 68
106 68
106 68
106 68
106 68
105 68
105 68
105 68
105 68
.PEN_UP
105 68
105 68
105 69
105 76
105 79
105 79
105 79
.PEN_UP
.DT 110
.PEN_UP
111 150
116 150
124 147
124 145
124 142
124 141
124 141
124 138
124 136
124 132
120 132
120 129
120 129
116 128
112 127
111 127
111 127
109 126
109 126
109 126
109 126
105 126
105 127
105 127
105 127
105 127
105 127
104 127
104 127
103 126
103 126
103 126
103 126
103 123
103 123
103 123
105 123
105 123
105 122
105 122
105 122
105 122
107 120
108 120
108 120
108 120
109 120
109 120
109 120
109 119
109 119
109 119
109 119
109 119
109 119
109 119
110 119
110 119
110 120
110 120
111 120
111 120
111 120
111 120
111 121
111 121
111 122
111 122
110 122
110 122
110 122
109 123
107 123
107 123
106 123
106 123
106 123
106 123
106 123
106 123
106 123
106 123
106 123
105 123
105 123
105 123
105 123
105 123
104 123
104 123
104 123
.PEN_DOWN
104 123
104 123
104 122
102 121
102 121
102 121
102 121
102 121
102 121
102 121
102 121
102 121
102 121
102 120
102 120
102 120
102 120
103 120
103 120
103 120
103 119
103 119
103 119
104 119
104 119
104 119
104 119
105 119
105 119
105 117
106 117
106 115
106 115
108 115
108 115
108 115
108 115
108 115
110 112
110 112
112 112
112 111
112 109
112 109
112 109
112 107
112 107
113 106
113 106
113 103
113 103
113 102
114 102
114 101
114 100
114 98
114 98
114 96
114 96
114 95
114 94
114 92
114 92
114 92
114 91
114 91
114 90
114 88
114 88
114 87
114 86
114 85
114 84
114 84
114 80
114 80
114 78
113 77
113 77
111 74
111 74
111 72
111 71
109 71
109 68
109 67
109 67
108 65
108 65
108 65
108 63
108 63
108 63
106 63
106 63
106 63
106 63
106 63
106 63
106 63
106 63
106 63
.PEN_UP
106 63
106 63
106 63
106 64
106 70
.PEN_UP
.DT 170
.PEN_UP
165 135
165 135
165 135
163 130
163 129
161 128
159 123
156 123
155 121
155 118
155 118
153 116
153 114
153 114
153 113
153 113
152 112
150 110
147 110
147 110
146 110
146 110
144 110
143 110
140 110
140 110
138 108
135 107
133 107
130 106
126 105
123 104
123 104
119 104
117 104
114 104
112 102
110 100
106 100
105 100
103 99
100 98
99 98
98 98
97 98
97 98
97 98
97 98
98 98
98 98
100 98
100 101
103 102
103 102
104 103
107 105
107 108
109 108
109 112
110 113
110 113
111 114
111 115
111 115
111 115
111 115
111 115
111 115
110 115
108 115
107 115
107 114
107 114
105 114
105 113
105 112
104 112
104 112
104 111
104 111
104 111
104 111
103 110
103 110
102 110
102 110
102 110
102 110
102 111
102 111
101 111
101 111
100 111
100 113
100 113
100 114
100 114
100 115
101 116
101 117
101 117
101 117
101 119
101 119
101 119
101 119
101 120
101 120
101 120
101 120
101 120
101 120
101 120
101 120
.PEN_DOWN
101 120
101 120
101 120
101 120
98 120
98 120
98 120
98 120
98 118
98 118
98 118
98 118
98 118
98 118
98 118
98 118
98 118
98 118
98 118
98 118
98 118
98 118
98 118
98 118
98 118
98 118
98 117
98 117
98 117
98 117
98 117
98 117
98 117
98 117
98 117
98 114
98 114
98 113
98 112
98 110
98 110
98 110
98 108
98 106
98 106
98 106
98 105
98 103
98 101
98 100
98 100
98 97
98 97
98 97
98 96
98 94
99 92
99 92
99 90
99 89
99 89
99 87
99 86
99 85
99 84
99 81
100 80
100 79
100 79
100 79
100 78
100 78
100 77
100 77
100 77
100 76
100 76
100 76
100 76
100 76
100 76
100 75
100 75
100 75
100 75
100 75
100 75
100 76
100 76
.PEN_UP
100 76
100 77
100 77
100 77
100 83
100 87
100 89
100 92
100 96
100 98
100 100
100 103
100 105
100 105
100 105
100 108
100 108
100 108
100 108
100 108
100 108
99 108
99 108
99 108
99 108
99 108
99 108
99 108
99 108
99 108
99 108
99 108
99 108
99 109
99 109
99 110
99 110
99 110
99 111
99 113
99 113
99 114
99 116
99 116
100 116
100 116
100 116
100 116
100 116
100 116
100 116
100 116
100 117
100 117
100 117
100 117
100 117
100 117
98 117
98 117
98 117
97 117
97 116
97 116
96 116
96 116
96 116
96 115
96 115
96 114
96 114
96 114
96 114
96 114
96 114
96 114
96 114
96 114
96 113
96 112
96 112
95 112
95 112
95 112
95 112
95 112
95 112
95 112
95 112
95 112
95 112
95 112
95 112
95 112
95 112
95 113
95 113
95 113
95 113
95 113
95 113
95 113
95 113
95 113
95 115
95 115
95 115
95 115
95 115
95 115
95 115
95 115
95 115
97 115
97 115
97 115
97 115
97 115
97 115
97 115
97 115
97 115
97 115
97 115
97 115
97 115
97 115
97 115
97 115
97 115
97 115
97 115
97 115
95 115
95 115
95 115
95 115
96 115
96 115
96 115
96 115
96 115
96 115
96 115
96 115
96 115
96 115
96 115
96 115
96 115
96 118
96 118
96 118
96 118
96 118
96 118
96 118
96 118
96 118
96 118
96 118
96 118
96 118
96 118
96 118
96 119
96 119
97 119
97 119
98 119
98 119
98 119
98 119
98 119
98 119
98 119
98 119
98 119
98 119
98 119
98 121
98 121
98 121
98 121
98 121
98 121
99 121
99 121
99 121
99 121
99 121
99 121
99 121
98 121
98 121
98 121
98 121
98 121
98 121
98 121
98 121
98 121
98 121
98 121
98 121
98 121
98 121
98 121
98 121
98 123
98 123
98 123
99 123
99 123
99 123
99 123
99 123
99 123
99 123
99 123
99 123
99 123
99 122
99 122
98 122
98 122
98 122
98 122
98 122
98 122
98 122
98 122
98 122
96 121
96 121
96 121
96 121
96 121
96 121
96 121
96 121
96 121
96 121
96 121
96 121
96 121
96 122
96 122
96 122
98 122
98 122
98 122
98 125
100 126
100 126
100 126
100 126
100 126
102 129
102 129
102 130
104 130
108 130
109 130
.PEN_UP
.DT 110
.PEN_UP
108 131
108 131
106 131
106 131
105 131
105 131
105 131
105 131
105 129
106 129
106 129
106 129
106 129
106 129
110 129
111 129
112 130
114 130
114 130
117 130
117 131
122 131
122 131
126 131
127 131
128 131
129 131
129 131
129 131
129 128
129 128
128 125
127 125
124 125
123 123
123 123
121 120
121 120
121 120
116 120
115 119
113 118
111 116
109 116
108 116
107 116
105 114
103 114
103 114
103 114
102 114
102 114
102 114
101 112
101 112
101 112
101 112
101 112
101 112
101 112
101 113
101 113
101 113
101 113
101 113
101 113
101 113
101 113
101 113
101 112
101 112
101 112
100 111
100 111
100 111
100 110
99 110
98 110
98 110
98 110
98 110
98 110
98 110
98 110
98 110
98 110
98 110
98 110
98 110
97 110
97 109
96 109
96 108
96 108
96 108
96 108
96 108
96 107
96 107
96 106
95 106
94 106
93 105
93 105
92 105
92 105
92 105
92 105
91 105
91 105
91 105
89 105
87 105
87 105
87 104
85 104
85 104
84 103
82 101
82 101
82 101
82 101
82 100
82 100
82 100
82 100
83 100
83 100
86 100
88 100
89 102
90 103
95 106
97 106
98 107
99 107
101 109
102 109
102 111
104 112
104 112
104 112
104 112
104 112
104 112
104 112
104 112
104 112
104 112
104 112
104 112
104 112
104 112
103 110
103 110
101 110
100 109
100 109
98 109
98 109
97 107
97 107
97 107
97 107
97 107
97 107
97 107
97 107
97 107
97 107
97 107
97 107
97 107
97 107
97 107
97 107
97 107
97 107
97 107
96 107
96 107
96 106
96 106
96 106
95 106
94 105
94 105
94 105
93 105
93 105
93 105
93 105
93 104
93 104
93 104
93 104
93 103
93 103
93 103
93 103
93 103
93 103
93 103
92 103
92 103
92 103
92 103
92 103
92 103
92 103
92 103
92 105
92 105
93 105
93 105
94 106
94 106
95 106
96 107
96 107
97 107
97 107
97 107
97 108
97 108
97 108
97 108
97 108
97 108
97 109
97 109
97 109
96 109
96 109
96 109
96 109
96 109
96 109
96 109
96 109
95 109
95 109
95 109
94 109
94 109
94 109
93 109
93 109
93 109
93 109
92 109
91 110
91 110
91 110
91 110
91 111
91 111
91 111
91 111
91 111
90 111
90 111
90 111
90 111
90 111
90 111
90 112
90 112
89 112
89 112
89 112
89 112
89 112
89 112
89 112
89 112
88 113
88 113
88 113
88 113
88 114
88 114
88 114
88 114
88 114
88 114
88 114
88 114
88 114
88 114
87 114
87 114
87 114
87 114
87 114
87 114
86 114
86 114
86 114
.PEN_DOWN
86 114
86 114
86 114
83 114
83 111
83 111
83 111
83 111
82 111
82 111
82 111
82 111
82 111
82 111
82 111
82 111
82 111
82 111
82 111
82 111
83 111
83 111
83 111
83 111
83 109
83 109
83 108
83 108
84 108
84 106
85 106
85 105
85 104
85 103
88 103
88 103
88 103
88 102
88 102
88 101
88 100
89 100
89 100
90 99
90 99
90 99
90 99
90 99
90 99
91 99
91 99
91 99
91 99
91 99
91 99
91 99
91 99
91 99
91 99
91 99
91 99
91 99
91 99
91 99
91 99
91 99
91 99
91 99
91 98
91 98
91 97
92 97
92 96
92 96
92 96
92 96
92 96
93 96
93 96
93 96
93 96
93 96
93 96
93 96
93 96
93 96
93 96
93 96
93 96
93 96
93 96
93 96
93 96
93 96
93 96
93 96
93 96
93 96
93 96
93 96
93 96
93 96
93 96
93 96
93 96
93 96
93 96
93 96
93 96
93 96
93 96
93 96
93 96
93 96
93 96
93 96
93 96
93 96
93 96
93 96
93 96
93 95
93 95
93 95
92 95
91 93
91 92
89 92
89 91
89 91
88 88
87 88
87 88
87 87
86 86
85 84
84 84
84 84
84 84
84 84
84 84
84 82
83 82
83 82
83 82
83 82
83 80
83 80
83 80
83 80
83 80
82 80
82 80
82 80
82 80
82 80
82 80
82 80
82 80
82 80
82 80
.PEN_UP
82 80
82 80
82 80
83 80
89 85
91 89
93 92
93 93
95 94
97 97
98 99
102 99
102 101
104 103
106 104
106 106
108 106
110 108
110 109
110 110
110 110
111 110
111 110
111 111
111 111
111 111
111 111
111 111
111 112
111 112
111 112
111 112
111 112
111 112
111 113
111 113
111 113
111 113
111 113
111 113
111 113
111 113
111 113
112 114
112 114
112 114
112 114
112 114
112 114
112 114
112 114
112 114
112 114
112 114
112 114
112 114
112 114
112 114
112 114
112 114
112 114
112 114
112 114
112 114
112 114
112 114
112 114
112 114
.PEN_DOWN
112 114
112 114
112 114
110 114
110 113
110 113
110 113
109 113
109 113
109 113
108 113
108 113
108 113
108 113
108 113
108 113
108 113
108 113
108 113
108 113
108 113
108 113
108 113
108 113
108 113
108 113
108 113
108 113
108 113
108 113
108 113
108 113
108 113
108 113
108 113
108 113
108 113
108 113
108 113
108 113
108 113
108 113
108 113
108 112
108 112
108 112
107 111
107 109
107 109
107 108
105 108
104 106
104 106
104 105
104 103
102 103
102 102
102 102
102 102
102 101
102 101
101 101
101 100
101 100
101 100
101 100
101 99
101 99
101 99
99 99
99 99
99 97
99 97
99 97
99 97
99 97
99 97
99 97
99 96
99 96
98 96
98 96
98 96
98 95
97 95
97 95
97 95
97 95
97 95
97 95
97 95
97 95
97 95
97 95
97 95
97 95
97 95
97 95
97 95
97 95
97 95
97 95
97 95
97 95
97 95
97 95
97 95
97 95
98 95
98 95
98 95
98 95
98 95
98 95
98 95
98 95
98 93
100 93
102 93
102 91
102 91
102 91
103 89
105 89
105 88
105 88
105 87
105 87
105 86
105 86
108 86
108 86
108 86
108 86
109 85
109 85
110 84
110 84
110 84
111 84
113 82
113 82
113 82
114 82
114 81
114 80
114 80
115 80
115 80
115 80
115 80
115 80
115 80
115 80
115 80
115 80
115 80
115 80
115 80
.PEN_UP
115 80
116 80
116 80
117 80
117 83
117 85
117 85
.PEN_UP
.DT 280
.PEN_UP
0 0
.PEN_DOWN
0 0
.PEN_UP
0 0
.PEN_DOWN
0 0
.PEN_UP
0 0
.PEN_UP
.DT 160
.PEN_UP
0 0
.PEN_DOWN
0 0
.PEN_UP
0 0
.PEN_UP
.DT 170
.PEN_UP
0 0
.PEN_DOWN
0 0
.PEN_UP
0 0
.PEN_UP
.DT 7580
.PEN_UP
116 82
116 82
116 82
116 83
116 83
116 83
116 85
116 85
116 85
116 85
114 85
114 85
114 85
114 85
114 85
115 85
115 85
117 85
118 85
119 85
119 85
120 85
120 85
120 85
120 85
121 85
121 85
121 85
121 85
118 85
117 85
116 85
116 85
114 84
110 84
110 84
107 84
106 84
106 84
103 84
102 85
102 85
102 85
102 85
102 85
102 86
102 88
102 89
103 89
103 90
105 92
106 92
106 92
110 94
110 94
112 95
114 95
115 95
115 95
115 95
115 95
115 95
115 95
115 95
115 95
114 95
114 95
112 95
112 95
112 95
112 95
112 95
110 95
109 95
109 96
108 96
108 96
108 96
106 96
106 96
106 96
106 96
106 97
106 97
106 97
104 97
104 98
104 98
104 98
104 98
104 98
104 98
104 99
104 99
104 100
104 100
104 100
104 100
104 101
104 101
104 101
104 101
105 101
105 101
105 101
105 101
106 101
106 102
106 102
106 102
106 102
106 102
106 102
106 102
106 102
106 102
106 102
106 102
106 102
106 102
106 102
107 102
107 102
.PEN_DOWN
107 102
107 102
107 101
107 101
107 99
106 99
106 99
106 99
106 99
106 99
106 99
106 99
106 99
106 99
106 98
106 98
106 98
106 98
106 98
106 98
106 98
106 98
106 98
106 99
106 99
106 99
106 99
106 99
107 99
107 99
107 99
107 98
107 98
108 98
109 97
109 97
109 97
110 97
110 95
110 95
110 95
111 95
111 94
111 94
111 94
112 94
112 94
112 93
112 93
112 93
112 93
112 93
112 93
113 93
113 93
113 93
113 92
113 92
113 92
113 92
113 92
113 92
113 92
113 92
113 92
113 92
113 92
113 92
113 92
113 92
113 92
113 92
113 92
113 92
.PEN_UP
113 92
112 92
112 92
110 92
104 93
104 98
104 100
103 100
103 106
100 113
100 113
102 113
102 111
.PEN_UP
.DT 390
.PEN_UP
0 0
.PEN_DOWN
0 0
.PEN_UP
0 0
.PEN_UP
.DT 110
.PEN_UP
108 137
108 137
107 137
102 137
102 137
96 137
96 137
94 136
94 136
94 136
95 133
95 133
95 133
95 133
95 133
94 131
92 130
91 130
91 130
91 130
91 130
91 130
91 127
89 127
89 124
89 124
89 124
89 124
89 123
89 123
89 123
89 123
90 123
90 121
90 121
90 121
90 121
92 121
92 121
92 121
93 121
94 122
94 122
94 122
95 122
95 122
96 122
99 122
99 121
99 120
99 120
99 120
101 120
101 120
101 120
101 120
101 120
101 120
101 121
101 121
101 121
101 121
101 121
102 121
102 121
102 121
102 121
102 121
102 123
102 123
102 123
102 123
102 122
102 122
102 122
102 122
102 122
102 121
102 121
102 121
102 121
102 121
102 121
102 121
102 121
102 124
103 124
103 124
103 124
103 124
103 124
103 124
103 124
103 124
103 124
.PEN_DOWN
104 124
104 124
104 124
104 124
104 125
104 125
104 125
105 125
105 125
105 125
105 125
105 125
105 125
105 125
105 125
105 124
107 124
107 124
107 124
107 124
107 122
107 122
107 122
107 120
107 120
107 119
107 119
107 118
107 118
107 118
107 118
107 117
107 117
107 117
107 117
107 117
107 117
107 117
107 117
107 117
107 117
107 117
107 117
107 117
.PEN_UP
107 117
107 116
107 116
107 116
103 112
103 110
103 110
103 110
103 110
104 110
104 110
104 109
106 109
106 109
106 103
105 101
105 100
105 98
104 98
104 97
106 94
106 93
105 91
105 91
105 91
105 91
107 90
107 90
105 87
105 87
105 87
105 87
105 86
105 86
106 86
106 86
109 87
109 87
109 87
109 87
.PEN_UP
.DT 60
.PEN_UP
109 86
109 86
109 86
.PEN_UP
.DT 50
.PEN_UP
110 88
110 88
110 88
110 88
110 88
110 88
111 89
111 89
.PEN_DOWN
111 89
111 89
111 89
111 89
111 89
111 89
112 89
112 89
112 88
112 88
112 87
112 86
112 86
112 86
112 86
112 84
112 83
112 83
112 82
112 81
112 81
113 79
113 77
113 77
113 76
113 75
113 75
113 75
113 75
113 75
113 74
113 74
113 74
113 73
113 73
113 73
113 73
113 73
113 73
.PEN_UP
113 73
110 73
110 73
110 73
110 73
110 73
110 73
108 75
107 83
107 88
107 92
.PEN_UP
.DT 880
.PEN_UP
0 0
.PEN_DOWN
0 0
.PEN_UP
0 0
.PEN_DOWN
0 0
.PEN_UP
0 0
.PEN_UP
.DT 490
.PEN_UP
0 0
.PEN_DOWN
0 0
.PEN_UP
0 0
.PEN_UP
.DT 270
.PEN_UP
0 0
.PEN_DOWN
0 0
.PEN_UP
0 0
.PEN_DOWN
0 0
.PEN_UP
0 0
.PEN_UP
.DT 390
.PEN_UP
0 0
.PEN_DOWN
0 0
.PEN_UP
0 0
.PEN_UP
.DT 270
.PEN_UP
100 123
100 123
100 123
100 123
100 123
100 123
99 123
99 123
.PEN_DOWN
98 122
98 122
96 122
96 122
96 122
96 122
96 122
96 122
96 122
96 122
96 122
96 122
96 122
96 122
95 122
95 122
95 122
95 123
95 123
95 124
95 124
95 125
95 126
95 127
95 127
95 127
95 128
95 128
95 128
95 129
95 129
97 129
98 131
99 131
99 132
100 132
100 133
102 134
103 134
103 135
104 135
106 135
106 135
107 135
107 135
108 135
110 135
110 135
110 135
111 134
112 134
112 134
112 134
113 134
113 133
113 133
113 133
113 133
113 132
114 131
114 131
115 131
115 131
115 129
115 129
115 129
115 126
115 126
115 125
115 125
115 124
113 124
113 122
113 122
112 121
112 119
111 119
111 117
109 116
109 114
109 114
109 114
108 114
108 112
107 112
107 112
107 111
106 111
106 110
106 109
106 109
106 109
106 109
106 109
106 109
106 109
106 109
106 109
105 109
105 109
105 109
105 108
105 108
105 106
105 105
105 103
105 103
105 103
105 102
105 102
105 101
105 100
105 100
106 99
106 99
106 99
106 98
106 98
106 98
106 98
106 98
106 98
106 98
106 98
106 98
106 98
106 98
106 98
106 98
.PEN_UP
106 98
106 98
106 98
104 98
104 97
104 97
104 98
105 98
105 98
105 98
105 96
105 96
106 96
106 95
106 93
106 90
105 89
105 89
105 88
105 87
105 86
105 86
106 85
106 85
106 85
106 83
107 83
107 83
107 84
107 84
106 84
106 84
107 84
107 84
107 84
107 84
107 84
107 84
107 84
107 82
108 81
108 81
108 82
108 82
.PEN_DOWN
108 82
108 82
109 82
109 82
109 82
109 82
109 82
109 81
109 81
109 81
109 81
109 81
109 81
109 81
109 81
109 81
109 81
109 81
109 81
109 81
109 81
109 81
109 81
109 81
109 81
109 81
109 81
109 81
.PEN_UP
109 81
109 81
109 81
108 81
106 82
105 82
105 90
105 90
105 90
106 93
106 94
111 98
111 105
.PEN_UP
.DT 330
.PEN_UP
0 0
.PEN_DOWN
0 0
.PEN_UP
0 0
.PEN_UP
.DT 220
.PEN_UP
119 96
118 94
118 94
118 93
118 91
117 89
116 89
115 89
115 87
115 87
115 87
115 87
115 87
113 87
113 87
113 89
113 89
113 89
113 90
113 90
113 90
113 90
113 92
113 94
113 94
113 94
114 94
116 95
116 95
117 97
118 98
118 98
118 98
118 98
118 98
118 98
117 99
117 100
117 101
117 101
115 101
115 101
115 101
112 101
112 101
111 100
109 100
108 100
107 100
106 99
106 99
106 99
106 99
106 99
106 99
106 100
107 100
107 102
107 102
108 104
108 104
109 105
109 107
109 107
109 108
109 108
109 108
109 108
109 108
109 109
109 109
108 109
108 110
108 110
108 110
108 110
108 110
108 110
108 110
108 110
108 110
108 110
108 110
108 110
108 110
108 111
108 111
108 111
108 112
108 112
108 112
108 112
106 112
106 112
106 112
105 112
105 112
105 112
105 112
105 114
105 114
105 114
105 114
105 114
105 114
105 114
105 114
105 114
104 114
104 114
104 114
104 114
104 114
103 114
103 114
103 114
103 114
103 114
103 114
103 114
103 114
103 114
101 114
101 114
101 114
101 114
101 115
101 115
101 115
101 115
101 115
101 115
101 115
101 115
.PEN_DOWN
101 115
101 115
98 114
97 112
97 112
97 112
97 112
97 111
97 111
97 111
97 111
97 111
97 111
97 111
97 111
97 111
97 111
97 111
99 111
99 111
104 112
104 114
105 114
108 114
108 114
110 114
110 114
111 114
112 115
112 115
112 115
112 115
112 115
112 115
112 115
112 115
112 115
112 115
113 115
113 115
113 115
113 115
113 115
113 115
112 115
.PEN_UP
112 115
111 115
109 115
106 112
104 112
104 112
103 110
102 110
102 110
100 108
100 108
100 108
100 108
97 109
97 109
97 109
97 109
97 109
96 109
96 109
97 109
97 109
95 109
95 109
.PEN_DOWN
96 110
96 110
96 111
96 111
96 111
96 111
96 111
96 111
96 111
96 111
96 111
96 111
96 111
96 111
96 111
96 111
96 111
96 111
97 111
97 112
97 112
97 112
97 112
97 112
97 112
97 112
97 112
97 112
97 112
97 110
97 110
97 108
97 108
97 107
97 105
97 105
97 103
97 102
97 101
97 100
97 99
97 97
97 96
97 94
97 93
97 91
98 91
98 89
99 87
99 87
99 87
99 86
99 84
99 84
99 82
99 82
99 80
99 80
99 80
99 79
99 79
99 79
99 78
99 78
99 78
99 77
99 76
99 76
99 76
99 76
99 76
99 76
99 74
99 74
99 74
99 73
99 73
99 73
99 73
99 72
99 72
99 71
99 71
99 71
99 71
99 71
99 71
99 71
99 71
99 71
99 71
99 71
99 71
99 71
99 71
99 71
99 71
99 70
99 70
99 70
99 70
99 70
99 70
99 70
99 70
99 70
99 70
99 70
99 70
99 70
99 70
99 70
99 70
99 70
99 70
100 70
100 70
102 70
102 70
102 70
103 70
105 71
105 71
108 71
109 71
110 71
110 71
110 71
112 71
113 71
114 71
114 71
114 71
114 71
115 72
115 72
117 72
117 72
118 72
119 72
119 72
119 72
119 72
119 72
119 72
119 72
119 72
120 72
120 72
120 72
120 72
120 72
120 72
120 72
120 72
120 72
121 72
121 72
.PEN_UP
121 72
121 73
121 73
121 73
120 73
120 74
119 80
116 80
116 80
116 80
122 81
123 88
123 91
.PEN_UP
.DT 270
.PEN_UP
97 111
96 110
96 110
94 110
92 107
92 106
92 105
92 105
89 105
89 105
88 105
88 105
88 105
88 105
88 105
88 105
88 106
88 106
89 108
89 108
89 109
89 109
89 109
89 109
89 109
89 109
89 109
89 109
89 109
89 109
89 109
89 109
89 109
89 109
89 107
89 107
90 107
90 107
90 107
90 107
90 107
90 107
90 107
90 108
90 108
90 108
90 109
90 109
90 110
90 111
91 111
91 111
92 111
93 111
93 111
93 111
94 111
94 111
94 111
94 111
94 111
94 112
95 112
96 112
96 112
96 112
96 112
97 112
97 112
98 112
98 112
98 112
98 112
99 113
99 114
99 114
99 114
99 114
99 114
99 114
99 114
99 114
99 114
98 114
98 114
98 114
98 114
98 114
96 114
96 114
96 114
96 114
96 114
95 115
95 115
95 115
95 115
95 115
95 115
95 115
95 115
95 115
95 115
.PEN_DOWN
94 115
93 115
90 115
90 112
90 112
90 112
90 112
90 112
90 112
90 112
90 112
90 112
90 112
90 112
90 112
91 112
94 113
94 113
95 113
96 113
97 113
98 113
100 113
101 113
102 113
104 113
105 113
105 113
106 113
108 113
108 113
108 113
108 113
108 113
108 113
108 113
108 113
108 113
108 113
108 113
108 113
109 114
109 114
109 114
109 114
109 114
109 114
109 114
109 114
109 114
109 114
109 114
109 114
109 114
109 114
109 114
109 114
109 114
109 114
109 114
109 114
109 114
109 114
109 114
109 114
109 114
109 114
109 113
109 113
109 113
109 113
109 113
109 113
109 113
109 113
109 113
109 113
109 113
109 112
109 112
109 111
109 111
109 109
109 109
109 108
109 108
109 108
109 106
109 105
109 104
109 103
109 103
109 102
109 100
109 100
109 100
109 98
109 98
109 98
109 96
109 96
109 95
109 94
109 93
109 93
109 92
109 91
109 91
109 90
109 90
109 88
109 88
109 88
109 88
109 87
109 87
109 85
109 85
109 84
109 83
109 83
109 82
109 82
109 82
109 81
109 81
109 81
109 79
109 79
109 79
109 77
109 77
109 77
109 76
109 76
109 76
109 76
109 76
109 76
109 74
109 74
109 74
109 74
109 75
109 75
109 75
109 75
109 75
109 75
109 75
109 75
109 75
109 75
109 75
109 75
109 75
109 75
109 75
109 75
109 75
109 75
107 75
107 75
107 75
107 75
107 75
107 75
106 75
106 75
105 75
104 75
104 76
104 76
104 76
102 77
102 77
102 77
102 77
101 77
101 77
99 77
99 77
98 77
98 77
98 77
97 77
97 77
96 77
96 77
96 77
96 77
96 77
96 77
96 77
96 77
96 77
96 77
96 77
97 77
97 77
.PEN_UP
97 77
98 77
98 77
98 79
98 79
98 79
95 79
95 79
95 79
95 83
95 83
95 83
100 84
100 88
.PEN_UP
.DT 280
.PEN_UP
93 100
93 100
93 100
92 100
92 100
89 100
89 100
89 99
87 99
87 99
84 99
84 99
84 99
84 99
82 99
82 99
82 99
82 99
82 100
82 100
82 101
82 101
83 101
83 101
85 101
86 101
90 102
90 102
92 102
93 103
96 103
99 105
100 106
100 106
104 107
106 109
110 111
111 111
111 111
112 112
112 114
112 114
112 114
111 116
111 116
110 116
107 116
107 116
107 117
105 117
104 118
102 118
102 118
101 118
100 118
98 118
96 118
95 118
95 118
95 116
93 116
93 116
92 116
92 115
92 115
92 115
91 115
91 115
91 115
91 115
91 115
90 115
90 115
90 115
90 115
91 115
91 115
91 115
93 115
93 115
93 115
93 115
93 115
93 115
93 115
93 115
93 115
93 115
93 115
93 115
93 115
94 115
94 115
94 115
94 115
94 115
94 115
94 115
94 113
94 112
94 111
95 111
95 109
95 108
95 107
95 106
95 105
95 103
95 102
95 100
95 100
95 98
95 97
95 97
95 96
95 96
95 96
95 96
95 96
95 96
95 96
95 94
95 94
95 94
95 93
95 93
95 93
95 92
95 92
95 92
95 92
95 92
95 92
96 92
96 92
96 91
96 91
96 91
96 91
96 90
96 90
96 90
96 90
.PEN_DOWN
96 90
96 89
96 89
95 89
95 89
95 85
95 85
95 85
95 85
95 85
95 85
95 85
95 85
95 85
95 87
96 87
96 87
96 89
96 89
96 90
96 90
98 91
98 91
98 93
98 93
99 95
99 95
99 95
101 97
101 97
101 97
102 99
102 99
102 100
103 100
103 101
103 101
103 102
103 102
103 102
103 102
103 103
104 103
104 103
104 104
104 104
104 104
104 104
104 104
104 104
104 104
104 104
104 104
104 104
104 104
104 104
104 104
105 104
105 104
106 103
106 103
107 103
107 103
108 103
110 103
110 101
110 101
111 100
111 100
111 100
114 100
114 98
114 97
116 96
116 94
116 94
118 93
118 93
118 92
118 92
119 91
119 91
119 91
119 91
119 91
119 91
119 91
119 91
119 91
120 91
120 91
120 91
120 91
120 91
.PEN_UP
120 91
120 91
120 91
116 91
116 91
114 97
.PEN_UP
.DT 770
.PEN_UP
102 91
101 91
101 91
100 90
99 88
99 88
97 88
97 88
95 88
95 88
95 89
95 89
95 90
95 92
95 94
99 96
99 97
99 97
99 97
99 97
99 97
97 97
97 96
95 95
95 95
94 95
93 95
93 95
93 95
93 95
93 95
93 96
93 96
93 96
95 96
95 93
95 92
95 92
95 93
95 93
95 92
95 92
95 93
95 93
95 93
95 93
95 93
95 93
95 93
95 93
94 93
94 93
94 93
94 93
94 93
94 93
94 93
94 93
94 93
94 93
91 93
91 93
92 93
92 93
93 93
93 93
90 93
89 93
88 93
88 93
90 93
90 93
90 93
91 93
91 93
91 94
91 94
91 94
89 93
89 91
89 91
88 91
88 90
90 90
90 90
87 89
87 89
89 89
89 88
89 88
89 88
89 88
90 87
91 87
91 87
90 86
90 86
90 86
92 86
92 86
92 86
92 86
92 86
93 85
93 85
93 85
93 85
93 85
95 85
95 85
96 85
96 84
95 83
95 83
95 83
95 83
95 83
95 83
94 83
94 83
94 83
94 83
93 83
93 83
94 83
94 83
94 83
94 83
94 83
94 84
94 84
94 85
94 85
91 86
91 86
91 85
92 85
92 85
92 85
92 86
92 86
92 86
92 86
92 86
92 83
92 83
92 83
96 83
96 83
96 84
96 84
96 83
95 83
95 83
90 83
90 83
90 83
90 83
92 86
92 86
92 86
92 86
92 86
90 86
90 84
91 84
91 84
91 85
91 85
91 83
91 83
91 86
91 86
94 86
94 86
94 86
94 84
94 84
93 84
93 84
93 84
91 87
91 87
91 87
91 87
91 87
91 88
91 89
91 89
91 89
91 88
91 88
89 88
89 88
92 88
92 89
92 89
96 89
96 89
92 90
91 90
91 90
91 90
91 90
91 90
91 90
91 90
94 90
94 90
94 90
94 90
94 90
94 89
94 89
92 90
92 91
91 92
91 92
91 92
91 93
91 93
91 92
90 92
90 92
92 90
92 90
89 90
89 90
89 90
89 90
89 90
89 91
89 91
89 89
89 89
89 87
89 86
89 86
89 86
89 87
92 87
92 87
90 88
90 88
90 86
90 86
90 86
97 86
97 86
97 86
92 86
92 86
92 89
92 90
90 90
90 90
88 90
79 85
79 85
77 84
70 84
70 84
64 84
60 84
60 84
60 84
57 84
55 85
55 85
58 85
58 83
60 83
60 83
67 83
67 83
67 84
72 84
72 86
72 86
74 85
74 85
81 83
82 83
82 85
84 85
89 84
89 82
89 82
90 82
90 82
90 82
90 82
95 82
96 82
96 84
91 85
91 85
94 83
94 83
91 83
91 83
91 85
91 85
91 85
91 85
94 87
95 87
96 87
99 87
100 87
101 87
106 87
106 87
107 89
112 89
113 89
114 89
114 89
112 89
109 89
109 89
111 87
111 87
108 86
108 86
108 86
105 86
104 83
104 83
101 83
101 83
101 83
101 82
98 82
95 80
94 79
90 78
88 78
88 77
88 76
88 76
88 76
88 76
88 75
88 75
88 76
88 76
88 76
88 76
88 77
88 77
88 77
88 77
87 77
87 77
87 77
87 77
87 77
87 77
87 77
87 77
87 78
85 78
85 78
85 78
85 78
85 78
85 78
83 78
80 78
80 78
80 78
80 78
80 78
80 78
80 78
80 78
80 79
80 79
80 79
80 79
80 79
80 79
80 79
80 79
79 79
78 79
78 79
78 79
78 79
78 78
79 78
79 78
79 78
79 77
77 77
77 77
78 77
78 77
78 77
.PEN_DOWN
78 76
78 76
78 76
78 76
78 77
78 77
78 77
78 77
79 77
79 77
79 77
80 77
80 77
80 77
80 77
80 77
80 77
80 77
80 77
80 77
80 77
80 77
80 77
80 77
80 77
81 77
81 77
81 77
82 77
82 77
82 77
82 77
83 77
83 77
83 77
83 77
83 77
83 77
85 77
85 77
85 77
85 77
88 77
89 77
89 77
89 77
90 76
90 76
90 76
91 76
91 75
91 75
91 75
93 75
93 75
94 75
94 75
95 75
96 75
96 75
96 75
96 75
96 75
97 75
97 75
97 75
97 75
97 75
99 75
99 75
99 75
100 75
100 75
101 75
102 75
103 75
103 75
103 75
103 75
103 75
103 75
103 75
103 75
104 75
104 75
105 75
105 75
105 75
105 75
106 75
106 75
107 75
107 75
107 75
107 75
107 75
107 75
107 75
107 75
108 75
108 75
108 75
108 75
108 75
108 75
108 75
108 75
108 75
109 75
109 75
109 75
109 75
109 75
109 75
109 75
109 75
109 75
.PEN_UP
109 75
109 75
108 73
108 73
108 74
103 74
103 74
103 76
103 79
110 82
110 82
.PEN_UP
.DT 490
.PEN_UP
114 96
112 99
109 99
107 99
103 99
103 102
101 103
101 105
101 106
101 106
101 106
101 108
101 108
101 108
101 108
101 109
101 109
100 109
99 109
99 109
99 109
99 109
99 109
99 109
99 109
100 109
100 108
100 108
101 108
102 108
102 108
102 108
102 107
102 107
103 107
103 107
103 106
103 106
103 106
103 105
103 104
103 104
103 103
103 102
103 101
103 99
103 99
103 98
103 98
103 98
103 98
103 98
103 98
103 98
103 98
103 98
103 98
103 98
103 98
103 98
103 98
103 98
103 98
103 98
103 98
103 98
103 98
103 98
103 98
103 98
103 99
103 99
103 99
103 99
103 99
103 99
103 99
103 99
103 99
.PEN_DOWN
103 99
103 99
103 99
103 99
101 97
101 97
101 97
101 97
101 97
101 97
101 97
101 97
103 97
104 94
104 94
104 94
106 93
106 93
107 90
108 90
108 89
109 87
109 87
109 86
109 86
109 86
109 86
109 86
109 86
110 86
110 86
110 86
110 86
110 86
110 86
110 86
110 86
.PEN_UP
110 86
110 86
108 86
108 85
108 85
106 85
106 85
106 88
104 90
104 90
106 90
111 90
116 93
116 93
.PEN_UP
.DT 220
.PEN_UP
0 0
.PEN_DOWN
0 0
.PEN_UP
0 0
.PEN_UP
.DT 330
.PEN_UP
0 0
.PEN_DOWN
0 0
.PEN_UP
0 0
.PEN_DOWN
0 0
.PEN_UP
0 0
.PEN_UP
.DT 170
.PEN_UP
0 0
.PEN_DOWN
0 0
.PEN_UP
0 0
.PEN_UP
.DT 220
.PEN_UP
89 116
89 116
89 115
89 115
92 115
92 115
94 115
97 115
98 115
104 118
104 118
106 120
107 120
109 121
109 121
109 123
109 123
109 125
109 125
109 125
109 125
109 127
109 127
109 127
109 127
109 127
109 128
112 130
112 130
115 130
117 131
117 131
117 131
117 130
117 130
117 128
117 128
115 125
115 124
115 123
115 121
115 121
115 121
115 121
115 121
114 121
114 121
114 121
114 121
113 121
113 121
110 119
109 119
109 118
107 117
107 117
104 117
104 117
103 116
101 114
99 114
99 113
96 109
95 109
95 109
95 106
95 106
95 106
95 106
95 106
95 103
95 103
94 103
94 102
92 102
92 100
92 98
91 98
91 98
89 98
89 98
89 98
89 98
89 98
89 98
89 98
89 98
89 98
88 98
88 98
88 98
87 100
87 100
86 100
86 100
86 100
86 100
86 100
85 100
85 100
85 100
84 99
84 99
84 99
84 99
83 98
83 98
83 98
83 98
83 98
83 98
83 98
83 97
83 96
83 96
82 96
82 96
82 96
.PEN_DOWN
82 96
82 93
82 93
81 93
81 92
81 92
81 92
81 92
81 92
81 92
81 92
81 92
81 92
81 92
81 92
81 92
81 92
81 92
81 94
81 94
81 94
81 95
82 95
83 97
83 97
83 97
85 98
85 98
86 99
86 100
87 100
88 100
88 102
88 102
88 102
89 102
90 102
90 102
91 102
91 103
91 103
93 103
94 103
94 103
94 103
96 102
96 102
97 102
97 99
97 99
98 99
99 98
99 98
99 97
101 96
101 96
102 95
102 95
102 95
102 95
103 93
103 93
105 93
105 93
106 93
106 93
108 93
109 93
109 93
109 92
109 92
110 92
110 92
111 92
111 92
112 92
112 92
112 92
114 92
114 92
114 92
117 92
118 92
118 93
119 93
119 95
121 95
121 95
121 97
121 97
121 98
121 98
122 98
122 98
122 99
122 100
123 100
123 100
123 101
123 101
123 102
124 102
124 102
124 102
124 102
124 102
124 102
124 102
124 102
124 102
124 102
.PEN_UP
124 102
124 102
124 102
122 102
122 102
121 101
118 101
118 105
119 105
119 106
123 106
126 110
126 113
126 115
.PEN_UP
.DT 330
.PEN_UP
0 0
.PEN_DOWN
0 0
.PEN_UP
0 0
.PEN_UP
.DT 270
.PEN_UP
0 0
.PEN_DOWN
0 0
.PEN_UP
0 0
.PEN_UP
.DT 220
.PEN_UP
0 0
.PEN_DOWN
0 0
.PEN_UP
0 0
.PEN_UP
.DT 110
.PEN_UP
118 125
118 125
118 122
118 121
114 118
114 116
111 116
111 116
111 116
109 116
108 116
108 117
108 117
108 117
108 117
110 117
110 117
111 117
113 117
113 118
114 118
114 118
115 118
115 121
115 121
116 121
118 121
118 121
119 121
119 121
119 121
120 121
121 119
121 119
121 118
121 117
121 117
121 117
121 117
120 117
120 117
120 117
120 117
120 117
120 116
120 116
120 116
120 116
120 115
120 115
119 114
119 112
117 112
116 112
116 112
115 112
114 112
112 112
110 112
110 111
110 111
110 111
110 111
108 111
108 111
108 111
108 111
108 111
108 111
108 113
108 113
108 113
108 113
108 113
108 113
.PEN_DOWN
108 113
108 113
108 113
106 113
106 113
106 113
106 113
106 112
106 112
106 112
107 112
108 112
109 112
110 112
110 110
112 110
112 108
113 108
114 106
115 106
115 106
115 105
116 103
116 103
116 101
116 101
116 100
116 100
116 100
116 100
116 98
115 98
115 98
114 97
114 97
114 96
111 96
111 96
109 96
109 95
108 95
107 95
106 95
106 95
104 95
104 95
104 95
104 95
104 95
104 95
104 96
104 96
104 96
104 96
104 96
104 96
104 96
104 96
104 96
104 96
104 96
104 96
104 96
106 96
106 96
107 96
108 95
109 95
109 94
111 93
112 92
112 92
112 91
112 90
112 90
112 89
112 87
112 87
112 86
112 85
112 83
112 82
112 82
112 80
112 79
112 78
112 78
111 78
111 78
109 77
109 77
107 77
106 77
106 77
104 77
104 77
103 77
102 77
102 77
102 78
101 78
99 79
98 80
98 80
98 80
97 81
97 81
97 81
97 81
97 81
97 83
97 83
97 83
.PEN_UP
97 83
96 83
96 83
93 83
93 83
94 83
95 83
95 83
95 85
93 85
93 85
97 88
108 90
.PEN_UP
.DT 820
.PEN_UP
0 0
.PEN_DOWN
0 0
.PEN_UP
0 0
.PEN_DOWN
0 0
.PEN_UP
0 0
.PEN_UP
.DT 8900
.PEN_UP
103 119
104 119
105 119
106 119
108 119
109 121
111 121
111 121
114 121
114 122
116 125
117 125
119 125
119 125
122 126
124 126
127 126
129 129
129 129
129 129
129 130
129 130
126 130
126 130
126 130
126 130
124 130
121 128
120 127
119 126
116 125
116 123
112 123
109 122
109 118
107 117
107 117
104 115
104 115
104 115
103 115
103 115
103 115
103 115
103 115
103 115
103 115
103 115
103 117
105 117
105 117
106 117
106 119
106 120
106 120
106 120
106 120
106 120
106 120
105 120
105 120
103 120
103 120
103 120
102 120
101 120
101 120
101 120
100 122
100 122
100 122
99 122
99 123
99 123
99 124
99 124
99 124
99 125
98 126
98 127
98 128
98 129
98 130
98 130
98 131
98 131
98 132
98 133
98 133
98 134
98 134
98 134
98 134
98 134
98 135
98 135
98 135
.PEN_DOWN
98 135
98 135
98 135
97 135
97 131
97 130
97 130
97 129
97 129
97 128
97 128
97 125
97 123
97 122
97 121
97 119
97 117
97 115
97 114
97 113
97 112
97 112
97 112
97 112
97 112
97 112
97 111
97 111
97 111
97 111
97 111
97 111
97 111
97 111
97 111
97 111
97 111
97 111
97 111
97 110
98 110
99 110
99 110
99 110
101 109
104 109
104 107
105 107
106 106
108 104
108 104
109 103
109 101
110 99
111 97
111 95
111 94
111 91
111 91
110 89
110 89
110 86
110 85
109 83
108 81
107 81
107 80
106 78
106 78
106 78
106 78
105 78
104 78
104 78
104 78
104 78
102 78
101 78
101 80
101 80
100 80
100 80
.PEN_UP
100 82
100 83
100 85
101 91
101 91
101 93
101 94
101 97
101 98
101 101
101 103
101 105
101 107
101 109
101 111
101 113
101 115
101 117
100 117
100 118
100 118
100 119
100 119
100 119
99 120
99 120
99 120
98 120
98 120
.PEN_DOWN
98 120
97 120
94 119
94 119
94 117
94 117
94 117
94 117
94 117
94 117
94 117
94 117
94 117
95 117
97 117
100 117
101 117
103 117
105 117
108 118
109 118
112 118
115 118
115 118
117 120
118 120
121 120
122 120
124 120
125 121
125 121
125 121
125 121
126 121
127 121
127 121
127 121
127 123
127 123
127 123
.PEN_UP
127 123
127 123
127 124
127 127
127 127
127 127
.PEN_UP
.DT 220
.PEN_UP
0 0
.PEN_DOWN
0 0
.PEN_UP
0 0
.PEN_UP
.DT 160
.PEN_UP
0 0
.PEN_DOWN
0 0
.PEN_UP
0 0
.PEN_DOWN
0 0
.PEN_UP
0 0
.PEN_UP
.DT 160
.PEN_UP
0 0
.PEN_DOWN
0 0
.PEN_UP
0 0
.PEN_UP
.DT 160
.PEN_UP
106 120
102 118
99 114
99 111
99 109
97 107
96 107
94 107
93 107
93 107
93 106
91 106
90 106
89 106
89 106
89 106
89 106
89 106
90 107
91 108
93 108
94 111
94 113
97 113
97 114
98 114
98 115
98 116
98 118
98 118
99 118
99 119
100 119
101 120
102 120
102 120
103 121
103 121
103 121
103 121
104 121
104 121
104 121
104 121
104 121
105 120
105 120
105 120
105 119
105 119
105 117
106 116
107 116
107 116
108 115
108 114
108 113
109 112
110 111
110 111
110 111
.PEN_DOWN
110 111
110 111
110 111
110 106
110 106
110 106
110 106
111 106
111 106
111 108
114 108
115 109
116 112
116 112
116 113
116 116
116 116
119 117
119 119
119 119
119 121
119 124
119 124
119 126
119 126
117 126
117 128
117 128
114 128
114 128
112 128
111 128
111 128
108 127
104 125
103 125
100 123
98 119
98 119
95 117
94 116
93 113
93 112
93 109
93 107
93 106
93 105
93 103
93 102
93 101
96 100
96 99
99 99
100 99
102 99
103 99
105 100
106 100
107 102
108 102
109 102
109 102
109 104
110 104
110 104
110 104
110 104
110 104
110 104
110 104
110 104
110 104
110 104
110 104
110 104
110 104
110 104
110 104
110 104
110 104
110 104
110 104
110 104
110 104
110 104
110 104
110 104
110 104
110 104
110 104
110 104
110 104
110 104
110 104
110 104
110 102
107 102
106 100
105 99
105 97
103 97
103 94
101 92
101 91
100 88
100 86
97 85
97 82
96 81
96 80
95 79
95 77
95 76
93 74
93 74
93 74
93 74
93 74
93 74
93 74
93 74
93 74
93 74
93 74
93 74
93 74
.PEN_UP
93 74
93 74
94 75
94 75
99 82
100 83
101 86
101 88
.PEN_UP
.DT 220
.PEN_UP
0 0
.PEN_DOWN
0 0
.PEN_UP
0 0
.PEN_DOWN
0 0
.PEN_UP
0 0
.PEN_UP
.DT 220
.PEN_UP
0 0
.PEN_DOWN
0 0
.PEN_UP
0 0
.PEN_DOWN
0 0
.PEN_UP
0 0
.PEN_UP
.DT 280
.PEN_UP
133 103
133 101
133 99
133 99
130 97
129 95
128 95
128 95
127 95
126 95
126 95
126 97
123 97
123 98
122 99
122 100
122 101
122 101
121 103
120 103
118 103
118 103
118 103
118 103
116 103
116 103
116 103
116 103
115 103
115 103
114 103
114 103
112 103
112 103
112 103
112 103
112 103
112 104
111 104
111 104
111 104
111 104
111 105
111 105
111 105
111 105
111 105
111 107
112 107
112 107
113 107
114 107
114 107
115 107
115 108
115 108
115 108
.PEN_DOWN
115 108
115 108
115 108
115 108
115 108
115 108
115 108
115 109
116 111
116 111
116 111
116 111
116 114
116 114
116 114
116 114
116 114
116 114
116 114
116 115
116 115
114 115
114 115
113 115
113 115
113 115
111 115
111 115
110 115
110 116
110 116
109 116
107 116
107 114
106 114
106 113
106 112
104 110
104 110
104 108
104 107
104 104
104 101
102 100
102 97
102 95
102 94
102 92
102 90
102 89
103 86
103 86
103 85
103 83
105 82
106 82
106 82
106 80
108 79
108 79
111 79
113 79
115 79
117 79
118 79
121 81
123 81
123 81
125 81
128 83
130 84
130 85
130 87
131 87
132 87
133 87
133 88
133 88
134 88
.PEN_UP
134 88
134 89
134 89
134 89
134 94
134 94
134 95
134 96
.PEN_UP
.DT 170
.PEN_UP
128 108
128 108
125 106
122 104
121 100
120 98
117 98
117 98
113 98
111 98
111 99
111 99
109 99
109 99
109 99
109 99
109 100
109 100
109 100
109 100
109 100
110 100
110 100
110 100
110 100
110 100
109 100
109 100
109 100
109 100
109 100
109 100
108 100
108 100
108 100
108 101
108 101
108 101
106 101
106 103
106 103
106 103
106 103
106 103
106 103
106 104
106 104
106 104
106 105
106 105
106 106
106 107
106 107
106 107
106 108
106 108
106 108
106 108
106 110
107 110
107 111
108 112
108 113
108 113
108 114
108 114
108 115
109 115
109 115
109 115
109 115
109 115
.PEN_DOWN
109 115
109 115
108 115
107 114
107 114
107 114
107 114
107 114
107 114
107 114
107 114
108 112
108 112
108 112
108 111
108 110
108 108
108 106
108 105
108 102
108 101
108 98
108 96
108 94
108 92
108 90
108 87
108 85
107 84
107 82
107 82
107 80
107 79
107 79
107 77
107 77
107 76
107 76
107 76
107 76
107 76
107 76
107 76
107 76
107 77
.PEN_UP
107 77
107 79
107 79
107 82
109 89
109 91
109 93
109 96
110 100
110 102
110 104
110 104
110 106
110 108
110 108
110 110
110 111
110 113
110 114
110 114
109 114
109 115
109 115
109 115
109 115
109 115
.PEN_DOWN
109 115
109 116
109 116
109 116
107 116
107 116
107 116
107 116
107 116
107 116
107 116
107 116
108 116
109 116
110 116
112 116
113 116
114 116
117 116
118 116
118 115
120 115
121 115
121 115
121 113
121 113
124 113
124 111
124 110
124 110
124 108
124 108
125 106
126 105
126 103
126 102
126 102
126 100
127 100
127 98
127 98
127 96
125 95
125 94
125 92
125 90
125 90
122 88
121 87
120 87
120 85
119 84
118 84
118 82
118 82
114 82
113 82
111 80
110 80
110 80
109 80
108 80
107 80
107 80
107 80
107 80
.PEN_UP
107 80
107 80
107 80
107 81
107 84
107 86
.PEN_UP
.DT 770
.PEN_UP
89 144
89 144
89 144
87 141
87 141
87 141
87 141
83 137
83 137
83 137
81 137
79 136
79 135
79 135
79 134
76 132
76 132
76 132
76 132
76 132
76 132
76 132
76 131
76 131
76 131
77 131
77 131
78 132
78 132
78 132
78 132
78 132
78 132
79 132
79 132
79 131
80 131
80 131
80 129
80 129
80 129
80 128
80 128
80 128
80 128
80 128
80 128
80 128
82 128
84 128
84 128
84 128
84 128
84 128
84 128
84 128
84 128
84 129
84 129
84 129
83 129
82 129
82 129
82 129
82 129
82 129
81 129
81 129
81 129
81 129
81 129
81 129
81 129
81 129
81 128
81 128
81 128
80 128
80 126
.PEN_DOWN
80 126
80 126
80 126
78 126
77 122
77 122
77 122
77 122
78 122
78 121
78 121
82 121
84 121
85 121
87 122
87 122
88 123
90 126
93 126
96 126
99 127
99 128
99 128
101 128
102 130
105 130
106 130
106 130
106 131
107 131
108 131
109 131
109 131
110 131
110 131
110 131
110 131
110 132
110 132
110 132
110 132
110 132
110 132
110 132
108 132
.PEN_UP
108 132
108 131
108 129
107 129
105 129
105 129
100 127
98 126
97 124
94 124
91 124
90 123
90 122
90 122
90 122
88 122
88 122
88 122
88 122
88 122
88 122
88 123
88 123
.PEN_DOWN
88 123
88 123
88 123
88 123
87 123
87 122
87 122
87 121
87 121
87 121
87 120
87 120
87 120
87 120
87 120
87 120
87 120
87 120
87 118
87 116
87 116
87 115
87 114
88 114
88 111
88 110
88 108
88 106
88 104
88 103
88 101
88 99
88 99
88 97
88 96
88 96
88 95
88 93
88 91
88 91
88 91
88 90
88 90
88 89
88 89
88 89
88 87
88 87
88 86
88 86
88 85
88 85
88 85
88 85
88 85
88 85
88 85
88 85
88 85
88 85
88 85
88 85
88 85
90 85
91 85
92 85
93 85
94 85
94 85
99 85
99 87
102 87
104 88
107 89
110 90
111 91
113 92
113 92
114 92
116 93
116 93
116 94
117 94
117 94
117 94
117 95
117 95
118 95
118 95
118 95
118 95
119 95
119 96
119 96
119 96
119 96
119 96
119 96
.PEN_UP
119 96
119 96
116 96
116 96
115 100
112 101
112 101
110 101
110 101
109 102
106 102
106 103
105 103
103 103
103 105
103 107
103 107
102 108
102 108
102 108
102 108
102 109
99 109
98 110
98 110
98 110
98 110
96 110
96 110
94 110
94 110
94 110
93 110
93 110
93 110
93 111
93 111
93 111
93 111
93 111
93 111
93 111
.PEN_DOWN
91 111
91 111
89 111
89 109
89 109
89 109
89 108
89 108
89 107
89 107
89 107
89 107
89 107
89 107
90 107
91 107
91 107
94 107
94 108
98 108
98 108
102 109
102 110
105 111
106 111
107 112
108 112
110 112
112 112
114 113
114 113
114 115
117 115
117 115
117 117
119 117
120 117
120 117
120 117
120 118
120 118
120 118
120 118
120 118
120 118
120 118
.PEN_UP
120 118
120 119
120 119
120 121
120 121
120 121
119 122
119 123
.PEN_UP
.DT 160
.PEN_UP
0 0
.PEN_DOWN
0 0
.PEN_UP
0 0
.PEN_DOWN
0 0
.PEN_UP
0 0
.PEN_DOWN
0 0
.PEN_UP
0 0
.PEN_UP
.DT 110
.PEN_UP
0 0
.PEN_DOWN
0 0
.PEN_UP
0 0
.PEN_DOWN
0 0
.PEN_UP
0 0
.PEN_DOWN
0 0
.PEN_UP
0 0
.PEN_UP
.DT 160
.PEN_UP
0 0
.PEN_DOWN
0 0
.PEN_UP
0 0
.PEN_DOWN
0 0
.PEN_UP
0 0
.PEN_DOWN
0 0
.PEN_UP
0 0
.PEN_UP
.DT 110
.PEN_UP
127 133
128 133
130 131
130 127
130 125
130 122
130 119
126 117
126 116
126 116
126 114
125 114
124 114
121 114
120 114
119 114
117 114
117 114
116 114
116 114
116 114
114 115
113 116
113 116
111 118
111 119
109 119
109 121
107 121
107 121
106 121
106 121
105 122
103 122
103 122
102 122
102 122
102 123
102 123
102 123
102 123
102 123
102 124
102 124
102 124
102 124
102 124
102 124
102 124
102 124
102 124
102 125
102 125
103 125
103 126
103 128
103 129
103 129
104 129
104 129
104 129
104 129
104 129
104 129
104 129
104 129
.PEN_DOWN
104 129
104 129
104 129
104 126
104 125
104 125
104 125
104 125
104 125
104 125
104 124
104 124
104 124
104 124
105 124
105 123
105 123
105 123
105 123
105 122
105 122
105 122
106 122
106 122
106 122
106 121
106 121
106 120
106 120
106 118
106 118
106 117
106 117
106 117
106 114
106 114
106 114
106 112
106 112
106 112
106 110
106 110
106 108
106 107
106 105
106 105
106 104
106 102
106 100
106 100
106 100
106 97
106 97
106 97
106 93
106 92
106 91
106 90
106 90
106 88
106 87
106 86
106 85
106 84
106 84
106 84
106 84
106 82
106 80
106 80
106 79
106 79
105 79
105 79
105 79
105 79
105 79
105 79
104 79
104 79
104 79
104 79
104 79
104 79
104 79
104 79
104 79
.PEN_UP
104 79
104 79
104 79
104 79
102 87
102 89
102 90
.PEN_UP
.DT 7310
.PEN_UP
0 0
.PEN_DOWN
0 0
.PEN_UP
0 0
.PEN_DOWN
0 0
.PEN_UP
0 0
.PEN_UP
.DT 160
.PEN_UP
0 0
.PEN_DOWN
0 0
.PEN_UP
0 0
.PEN_DOWN
0 0
.PEN_UP
0 0
.PEN_DOWN
0 0
.PEN_UP
0 0
.PEN_UP
.DT 160
.PEN_UP
0 0
.PEN_DOWN
0 0
.PEN_UP
0 0
.PEN_UP
.DT 110
.PEN_UP
0 0
.PEN_DOWN
0 0
.PEN_UP
0 0
.PEN_DOWN
0 0
.PEN_UP
0 0
.PEN_UP
.DT 550
.PEN_UP
92 65
92 65
92 65
94 65
96 65
96 66
96 66
96 69
96 72
96 73
96 76
96 77
93 77
89 77
89 77
89 77
85 79
84 79
82 81
81 81
81 81
81 83
81 85
81 87
82 89
82 92
82 92
83 95
84 97
85 97
85 99
85 100
86 102
86 102
86 104
86 104
86 106
87 106
87 108
87 108
87 110
87 110
87 110
88 110
88 110
88 110
88 110
86 110
86 110
85 110
84 109
84 109
82 109
82 109
81 109
79 110
78 110
78 111
78 111
78 112
78 112
78 112
78 112
77 112
77 112
77 112
77 112
77 112
77 112
77 112
77 112
77 112
.PEN_DOWN
77 112
77 111
76 110
76 110
74 107
74 107
74 107
74 107
74 107
74 107
75 107
75 107
75 107
75 107
75 107
77 107
77 107
77 105
77 105
77 105
77 104
77 104
77 104
79 103
79 102
81 100
81 100
81 100
82 99
82 97
82 94
82 93
82 92
82 89
82 87
81 84
81 81
81 79
81 76
81 74
81 72
79 71
79 70
79 68
78 67
78 66
78 66
78 66
78 66
78 65
77 65
76 65
76 65
76 65
76 65
76 65
76 65
.PEN_UP
76 66
77 67
78 70
78 75
78 77
78 78
78 80
78 81
78 82
78 84
78 85
78 87
78 90
78 92
78 94
78 97
78 99
78 101
78 102
78 106
78 107
78 108
78 109
78 109
78 109
78 109
.PEN_DOWN
78 109
78 109
77 109
77 109
76 108
76 108
76 108
76 108
76 107
76 107
76 107
76 107
76 107
76 107
76 107
76 107
76 107
76 107
76 107
79 106
79 106
79 104
81 104
81 103
82 103
84 102
84 102
84 102
86 101
86 99
88 98
88 97
90 96
90 96
92 94
93 93
95 91
95 90
97 89
99 88
99 86
102 86
103 84
104 83
104 82
106 81
108 78
109 76
111 76
114 73
115 73
116 71
117 70
118 70
118 70
118 70
119 68
120 68
121 68
121 65
121 65
121 65
121 65
121 65
121 65
121 65
121 65
121 65
121 65
121 65
121 65
121 65
121 65
121 65
121 65
121 65
121 65
121 65
121 65
121 65
121 66
121 66
121 67
121 67
121 68
121 71
121 72
121 76
121 76
121 79
121 81
121 85
122 87
122 89
123 92
123 95
123 98
123 99
125 103
126 105
126 109
126 109
126 112
126 112
126 114
126 114
126 115
126 115
126 115
126 115
126 115
126 115
126 115
126 115
126 115
127 115
127 115
127 115
127 115
127 115
127 116
127 116
127 116
127 116
.PEN_UP
127 116
127 116
127 116
127 116
127 116
127 116
127 116
.PEN_UP
.DT 380
.PEN_UP
129 113
127 113
124 113
123 113
119 113
117 113
114 113
113 110
110 110
108 109
108 108
105 108
105 108
105 105
103 105
103 105
103 105
103 104
102 104
102 104
102 104
102 102
102 102
102 102
102 101
102 100
102 100
102 99
100 99
100 98
99 98
98 97
97 97
95 97
95 97
95 97
93 97
93 97
92 97
92 97
91 97
91 97
91 99
91 99
91 100
91 100
92 101
92 101
92 101
93 102
93 102
93 102
93 103
93 103
93 103
93 103
93 103
93 103
93 103
93 103
93 102
93 102
93 102
93 102
93 102
93 102
93 102
93 102
93 102
93 102
93 102
93 102
93 102
93 102
93 102
93 102
93 102
93 103
93 103
93 103
94 103
95 103
95 103
95 104
95 104
95 104
95 104
95 104
96 106
97 106
97 106
97 106
97 107
98 108
98 108
99 108
99 108
99 108
99 108
99 108
99 108
99 108
99 108
99 108
99 108
99 108
99 108
100 108
101 108
101 109
101 109
.PEN_DOWN
101 109
101 109
101 109
101 109
101 109
101 109
101 109
101 109
101 109
101 109
101 109
101 109
101 109
101 109
101 109
101 109
101 109
101 109
101 109
101 109
101 109
99 109
99 107
99 107
98 107
97 106
97 103
94 103
93 102
92 100
91 99
91 98
89 93
89 93
89 91
89 88
88 87
88 85
88 83
88 81
88 80
88 79
88 78
89 77
89 74
91 74
93 74
93 74
94 73
96 73
97 73
99 73
101 73
101 73
103 73
104 74
105 75
107 76
110 77
110 77
111 79
112 81
113 84
116 84
116 86
116 86
117 87
117 89
118 91
119 93
119 95
119 96
119 97
119 98
119 100
119 100
119 100
119 103
119 103
119 106
119 106
119 107
119 108
116 110
116 110
116 110
115 110
115 110
113 113
113 113
110 113
109 113
106 113
105 113
103 113
101 113
101 113
99 112
98 112
97 110
97 110
97 109
97 109
97 109
.PEN_UP
97 109
97 105
97 105
99 104
102 104
103 104
104 104
104 104
.PEN_UP
.DT 710
.PEN_UP
0 0
.PEN_DOWN
0 0
.PEN_UP
0 0
.PEN_DOWN
0 0
.PEN_UP
0 0
.PEN_UP
.DT 280
.PEN_UP
80 80
80 80
80 80
80 81
80 81
80 81
78 81
75 81
71 81
71 81
71 81
71 81
72 84
73 84
74 86
75 86
75 86
78 86
78 86
82 86
82 87
82 89
83 89
85 89
86 89
86 89
88 89
88 89
90 89
90 89
90 89
90 89
90 89
90 89
91 88
91 88
91 88
91 88
91 86
91 85
91 85
91 83
91 83
91 83
93 81
94 81
95 81
96 81
97 81
100 81
102 81
103 82
103 82
103 82
103 82
103 82
104 81
104 81
104 81
104 81
104 81
104 81
104 81
104 81
104 81
104 81
103 80
103 80
103 80
103 80
103 80
104 80
104 80
104 80
104 80
104 78
104 78
.PEN_DOWN
104 78
104 78
104 76
104 72
103 72
103 72
103 71
103 71
103 71
100 71
99 71
98 71
98 71
98 69
98 69
98 69
95 69
94 69
92 69
91 69
89 69
89 69
86 69
86 69
86 69
82 69
82 69
80 69
80 69
79 71
79 72
77 72
76 73
76 75
76 75
75 77
75 79
75 81
75 83
75 85
75 85
75 86
75 89
75 91
75 94
76 95
76 97
77 98
79 98
80 102
80 103
82 105
84 107
84 110
85 110
88 112
90 114
92 114
92 118
94 118
96 119
98 119
98 119
101 119
103 119
105 119
107 119
109 119
109 119
109 119
112 117
114 117
114 117
116 115
116 114
116 112
117 110
118 108
119 107
119 105
120 102
120 102
120 98
120 96
120 94
120 93
118 91
117 87
117 85
114 83
114 83
112 79
111 78
108 78
108 78
108 75
104 75
103 74
103 74
101 73
101 73
100 72
99 72
99 72
97 72
97 72
97 72
97 72
97 72
.PEN_UP
97 72
97 72
97 72
97 72
97 77
97 79
97 80
97 83
97 83
97 85
97 85
97 88
97 88
97 90
98 90
98 90
98 90
98 91
98 91
.PEN_DOWN
98 91
98 91
97 91
97 91
97 89
97 89
96 89
96 89
96 89
96 89
96 89
96 89
96 89
96 88
96 88
97 88
97 88
99 87
100 87
101 86
101 85
103 85
105 84
107 82
108 81
111 79
111 79
113 78
114 76
115 75
115 73
118 73
120 70
120 69
122 68
122 67
122 67
123 65
123 65
123 65
123 65
123 65
124 65
124 65
124 65
124 65
124 65
124 65
124 65
124 65
.PEN_UP
124 66
123 66
122 66
120 69
120 69
118 73
116 73
.PEN_UP
.DT 160
.PEN_UP
0 0
.PEN_DOWN
0 0
.PEN_UP
0 0
.PEN_DOWN
0 0
.PEN_UP
0 0
.PEN_UP
.DT 220
.PEN_UP
102 96
102 96
102 96
102 96
102 96
102 96
102 96
102 96
102 96
101 96
99 96
99 96
95 96
95 96
95 96
93 96
92 96
92 96
92 96
92 96
92 96
92 96
92 96
92 99
92 99
92 99
92 99
92 99
92 102
95 103
95 106
96 106
98 109
99 109
100 113
101 113
103 114
105 115
106 117
106 117
106 117
109 118
110 118
111 119
111 119
111 119
111 119
112 119
112 119
112 120
112 120
114 120
114 120
114 120
116 120
116 120
116 120
117 120
117 120
117 120
118 120
119 120
.PEN_DOWN
119 120
119 120
119 120
119 120
117 120
117 120
117 120
117 120
117 120
117 120
117 120
117 119
117 119
117 119
117 119
117 119
117 119
117 118
117 118
114 118
114 118
114 118
111 118
110 115
106 115
106 112
102 110
100 108
99 108
97 107
96 105
96 103
96 103
96 103
96 102
96 102
96 101
96 100
96 100
97 100
99 98
99 97
99 95
101 95
102 94
104 93
105 92
105 91
105 91
109 91
110 90
112 89
113 88
114 88
116 88
116 87
116 85
118 85
118 84
118 83
118 81
120 80
120 80
120 80
120 80
120 79
120 79
120 77
120 76
120 75
120 74
118 74
118 73
116 71
116 71
113 70
113 70
113 69
110 69
108 69
104 68
104 68
102 67
98 67
98 67
98 67
97 67
95 67
95 65
95 65
95 65
95 65
95 65
95 65
95 65
95 65
95 65
.PEN_UP
95 65
95 65
96 65
96 70
96 71
.PEN_UP
.DT 720
.PEN_UP
59 121
59 121
59 121
59 124
59 124
61 125
66 128
66 129
68 129
68 131
73 133
78 134
81 135
85 135
86 138
86 138
92 138
92 138
93 138
93 137
93 136
93 136
91 136
87 134
87 134
87 132
87 131
86 130
86 129
82 127
81 127
80 127
80 126
80 126
80 126
80 126
78 126
76 126
76 126
75 126
74 126
74 126
74 126
74 126
73 126
73 126
73 126
73 126
73 126
73 126
73 126
73 125
73 125
73 125
73 125
73 125
73 125
73 125
73 125
73 125
73 124
73 124
73 124
71 124
70 124
70 124
69 124
69 122
69 122
69 122
69 122
.PEN_DOWN
69 122
69 121
68 121
67 119
67 119
67 119
67 119
67 118
67 118
67 118
67 118
67 118
68 118
68 118
70 118
72 118
76 118
79 118
81 118
87 118
89 120
94 121
94 122
98 124
102 125
107 125
108 126
111 126
113 127
116 127
119 129
121 129
123 129
124 131
125 131
128 133
128 133
128 133
128 133
128 133
128 133
130 133
130 133
130 133
130 133
130 133
130 133
130 133
129 133
128 133
128 133
.PEN_UP
128 133
126 133
125 132
122 132
119 132
116 130
116 129
114 128
110 128
108 126
106 126
105 124
105 124
105 124
.PEN_DOWN
105 124
104 124
104 124
103 124
103 121
103 121
103 121
102 121
102 121
102 121
102 120
102 120
102 120
103 120
103 120
103 120
103 119
103 119
104 119
104 119
104 118
106 117
107 117
107 116
107 116
107 116
107 115
108 115
109 113
109 113
109 112
109 111
109 110
109 109
109 108
109 105
109 105
109 102
109 102
110 100
110 97
110 96
110 94
110 90
108 89
108 87
108 85
107 82
107 82
107 80
107 79
106 79
106 78
106 78
106 77
106 77
106 77
106 77
106 76
106 76
106 76
106 76
106 76
106 76
105 76
105 76
105 76
105 76
.PEN_UP
105 76
105 76
105 76
105 79
105 80
105 80
105 80
.PEN_UP
.DT 160
.PEN_UP
119 120
119 116
117 111
115 106
111 100
108 97
104 95
104 92
100 92
97 91
97 91
95 90
94 89
89 89
88 89
84 89
84 89
84 89
84 90
83 90
83 93
83 93
83 93
80 94
80 95
78 95
78 95
75 95
75 95
75 95
75 95
72 96
70 96
70 96
70 96
70 96
70 96
70 97
70 97
71 97
71 98
71 99
71 99
71 100
71 101
71 103
71 103
71 105
71 106
71 107
72 108
72 110
74 110
74 110
74 110
74 110
74 112
74 112
74 114
75 115
76 115
76 115
76 115
76 115
76 115
76 115
76 115
.PEN_DOWN
76 115
76 115
76 115
76 114
76 113
76 113
76 113
76 113
76 112
76 112
76 112
76 112
76 112
76 112
76 112
76 111
76 109
76 109
76 108
77 107
77 105
77 104
79 102
79 99
79 98
79 96
79 90
79 90
80 90
80 89
80 85
80 84
80 84
81 81
82 81
82 81
82 79
82 78
82 78
82 78
85 76
85 76
85 76
85 75
85 75
88 75
89 75
90 75
90 75
92 75
93 75
93 75
96 75
97 75
99 75
99 75
101 75
102 75
103 77
103 77
105 77
105 79
106 79
107 79
109 81
110 83
112 84
112 87
113 89
114 90
114 92
114 94
115 97
115 100
115 100
115 101
115 104
116 106
116 106
116 107
116 107
117 109
117 109
117 110
117 110
117 110
117 112
117 112
117 113
117 113
117 113
117 113
117 113
117 113
117 113
117 113
117 113
117 113
117 113
117 113
117 113
117 113
117 114
117 114
117 114
.PEN_UP
117 114
117 114
117 114
117 114
117 114
117 114
117 114
117 114
.PEN_UP
.DT 110
.PEN_UP
88 130
90 126
91 119
91 119
93 118
93 114
93 110
93 107
91 104
91 101
91 100
89 98
88 95
87 94
87 94
85 94
85 94
85 95
85 96
85 96
84 97
84 98
82 100
81 100
81 101
81 103
81 103
79 104
79 104
79 104
79 105
79 105
79 105
79 105
79 106
79 106
79 107
79 107
79 108
80 108
80 108
81 109
81 110
81 110
81 110
81 110
81 110
82 110
82 111
82 111
82 113
82 113
83 113
84 113
84 114
84 115
84 117
86 117
86 117
87 117
87 117
87 118
.PEN_DOWN
87 118
87 118
87 118
87 118
86 115
86 115
86 115
86 115
86 115
86 115
86 115
86 115
86 115
86 114
88 114
88 114
89 112
89 112
89 111
91 109
91 109
91 108
94 106
95 104
95 103
96 102
96 102
97 101
97 98
98 97
99 96
99 94
99 91
100 91
101 89
102 87
103 84
103 84
104 84
104 81
105 81
107 79
107 79
107 77
107 77
107 75
108 73
108 73
108 72
108 72
108 70
108 70
111 70
111 70
111 68
111 68
111 68
111 68
111 68
111 68
111 68
111 68
111 68
111 68
111 68
111 68
111 69
111 69
111 69
111 69
111 69
111 69
111 69
111 69
111 69
111 69
111 71
111 71
114 73
115 75
116 77
117 79
117 81
117 81
119 84
119 87
121 89
121 92
123 92
123 96
124 98
126 100
126 103
128 105
128 107
130 108
130 110
130 111
132 112
132 112
134 114
134 114
134 115
134 115
134 115
134 115
134 115
134 115
134 115
134 115
134 115
134 115
134 115
134 115
134 115
134 115
134 115
135 115
135 115
135 116
135 116
135 116
136 116
.PEN_UP
136 116
136 116
136 116
136 116
136 117
136 118
135 118
.PEN_UP
.DT 170
.PEN_UP
112 114
119 112
119 107
119 105
121 103
122 98
122 97
122 94
122 94
121 94
120 91
119 91
119 91
119 89
115 89
112 89
111 89
109 88
107 88
107 88
103 88
102 88
100 91
98 91
98 93
96 93
93 93
92 93
91 93
91 93
89 94
86 94
86 94
85 94
84 94
82 94
82 94
81 94
81 94
78 94
78 94
78 94
78 95
76 95
76 97
75 97
75 98
75 99
74 101
73 102
73 102
73 104
71 104
71 104
71 105
71 105
71 105
71 105
71 106
71 106
71 106
71 106
71 106
71 107
71 107
71 107
71 107
.PEN_DOWN
71 107
71 107
71 107
71 107
70 107
70 107
70 107
70 106
70 106
70 106
70 106
70 106
70 106
70 105
73 105
73 103
75 100
76 100
76 97
76 94
77 88
78 84
79 84
80 81
80 78
81 76
81 76
83 72
83 72
83 72
84 72
85 69
85 69
85 67
85 67
86 67
86 67
86 65
86 65
86 65
86 65
86 65
87 65
87 65
87 65
87 66
87 66
87 66
87 66
88 68
88 68
88 70
90 74
90 76
93 79
94 79
94 79
95 82
96 85
98 88
98 90
99 90
101 94
101 98
102 98
102 100
102 100
102 100
102 100
103 100
103 100
103 100
103 100
103 100
103 100
103 100
103 100
105 100
105 100
105 98
106 98
108 98
108 96
108 96
108 94
109 93
109 90
111 89
113 87
113 87
113 82
115 82
115 79
117 77
117 77
117 75
119 72
120 70
121 70
121 68
122 68
122 68
122 68
122 68
122 68
122 67
122 67
123 67
123 67
123 67
123 67
123 67
123 67
123 67
123 67
124 68
125 70
126 70
126 72
127 74
127 75
128 77
129 79
129 81
130 84
131 88
133 88
133 92
133 92
134 97
134 99
134 100
136 103
137 105
138 106
139 107
139 107
139 109
139 109
139 109
140 109
140 110
140 111
140 111
140 111
141 111
141 111
141 111
141 111
141 111
141 111
141 111
141 111
141 111
141 111
141 111
141 111
141 111
141 112
141 112
.PEN_UP
141 112
141 112
142 113
142 114
142 115
142 115
142 115
142 116
.PEN_UP
.DT 110
.PEN_UP
0 0
.PEN_DOWN
0 0
.PEN_UP
0 0
.PEN_DOWN
0 0
.PEN_UP
0 0
.PEN_UP
.DT 160
.PEN_UP
108 135
108 135
108 131
108 129
106 126
105 122
105 122
102 120
100 117
100 117
99 117
98 115
97 115
95 115
91 114
91 114
89 114
89 114
89 114
88 114
87 114
87 114
87 114
87 114
87 115
85 116
84 116
84 116
83 116
83 116
83 116
83 116
83 116
82 116
82 116
82 116
81 116
81 116
81 116
81 118
81 118
80 118
80 119
80 120
80 120
80 120
80 120
80 120
80 120
80 120
80 120
80 122
80 122
80 122
80 122
80 122
80 122
.PEN_DOWN
80 122
80 122
80 122
80 122
80 120
80 120
80 120
80 120
80 120
80 120
80 120
80 118
81 117
81 116
82 114
84 113
87 113
87 110
87 110
88 109
88 108
91 106
91 106
92 105
93 104
94 102
94 101
94 101
94 99
94 99
96 98
96 98
.PEN_UP
96 98
97 98
97 98
100 98
100 103
102 104
103 106
104 108
106 111
107 114
109 116
111 118
113 120
113 120
116 120
119 122
119 124
120 126
123 126
125 126
125 126
125 126
125 126
.PEN_DOWN
125 126
125 126
125 126
125 126
123 123
123 123
122 123
122 123
122 123
122 123
122 123
122 123
122 122
123 122
123 122
123 122
123 121
121 121
121 119
121 119
117 119
117 117
115 117
113 114
113 112
110 111
108 108
105 107
105 107
103 105
102 105
101 104
101 104
101 103
101 103
100 101
99 101
99 101
99 100
99 100
99 100
99 100
97 100
97 100
97 100
97 100
97 100
97 100
97 100
97 100
97 100
97 100
97 100
97 100
97 100
97 100
97 100
97 100
97 100
97 100
97 100
98 100
98 100
98 100
98 100
98 100
98 100
98 100
98 98
98 98
98 98
99 97
99 97
99 96
99 96
99 96
100 94
100 94
101 93
101 92
101 89
101 87
101 85
101 84
101 81
101 79
101 77
101 74
102 74
102 70
102 69
102 69
102 68
102 68
102 68
102 68
102 68
102 68
102 68
102 68
102 68
102 68
.PEN_UP
102 68
102 68
102 68
106 70
106 74
106 77
106 80
.PEN_UP
.DT 110
.PEN_UP
0 0
.PEN_DOWN
0 0
.PEN_UP
0 0
.PEN_UP
.DT 210
.PEN_UP
138 101
138 101
138 101
138 101
138 101
137 101
137 103
137 104
137 105
133 106
132 106
130 106
129 106
128 108
127 109
127 109
125 109
124 109
123 110
122 110
119 110
119 110
117 110
117 110
116 110
116 110
116 108
116 108
116 108
115 106
115 105
115 105
113 103
111 103
111 101
111 101
111 99
110 97
107 96
107 96
107 96
107 95
107 95
107 95
107 95
107 95
107 95
107 96
107 96
107 96
107 97
107 97
107 99
107 99
107 99
107 99
107 99
107 99
107 99
107 99
107 99
105 99
105 99
105 98
104 98
104 96
104 96
104 96
104 96
104 96
104 96
104 96
104 96
104 96
104 96
104 96
104 96
104 96
104 96
104 95
104 95
104 95
104 95
104 95
104 95
104 95
104 95
104 95
105 95
105 95
106 95
106 95
106 95
.PEN_DOWN
106 95
106 95
106 95
106 95
106 91
106 91
106 91
106 91
106 91
106 93
106 93
106 94
106 96
106 96
106 97
106 97
106 97
106 99
106 99
106 99
106 99
106 100
106 100
105 100
105 101
105 101
104 102
104 102
104 103
104 103
102 103
102 104
101 104
101 104
100 104
100 104
100 104
99 104
99 104
98 104
98 104
97 101
97 101
97 101
95 101
93 98
93 98
93 95
93 95
93 94
93 92
92 91
92 88
92 86
92 85
92 84
92 83
92 83
92 81
92 79
92 79
92 79
92 79
94 79
94 79
94 79
96 79
96 79
96 79
97 79
97 83
100 83
100 86
101 87
101 87
101 88
101 88
101 88
102 88
102 89
102 89
102 89
102 89
102 89
102 92
102 93
102 93
102 94
103 94
103 94
103 94
103 95
103 96
103 96
103 96
103 96
103 96
103 98
103 98
103 98
103 98
103 99
103 100
103 101
103 101
103 101
103 101
103 101
104 101
104 101
104 101
104 102
104 102
104 102
104 102
104 102
104 102
104 103
104 104
104 104
104 104
104 104
104 104
104 104
104 104
104 104
105 104
105 104
105 104
105 104
105 104
105 104
105 104
105 104
105 104
105 104
105 104
105 104
105 104
105 104
105 104
105 104
105 104
105 104
105 104
105 104
105 105
105 105
105 105
105 105
105 105
105 105
105 105
105 105
105 105
105 105
105 105
105 105
105 105
105 105
106 104
106 104
106 104
106 103
106 103
106 100
106 98
106 96
107 95
107 94
108 92
109 92
109 90
110 90
110 87
110 87
110 87
111 84
111 83
112 83
115 82
115 82
117 81
118 81
119 81
122 81
123 81
124 81
126 81
126 81
127 82
128 82
130 83
132 83
132 83
132 83
134 85
136 85
136 85
137 87
137 87
137 87
137 87
137 87
137 87
137 87
137 87
137 87
137 87
137 87
137 87
137 88
137 88
137 88
137 88
.PEN_UP
137 88
137 88
137 88
137 88
137 89
137 89
137 91
.PEN_UP
.DT 220
.PEN_UP
109 111
109 111
109 111
107 111
107 111
104 111
104 111
102 111
102 111
101 111
101 111
101 111
101 111
101 111
103 111
103 111
103 111
103 111
103 111
103 111
103 111
103 111
103 111
103 111
102 111
101 111
101 111
100 111
100 111
99 110
98 110
98 110
96 110
94 110
94 110
94 110
94 110
94 110
94 110
93 110
93 111
92 112
92 112
91 113
91 114
91 115
91 116
91 116
91 117
92 118
92 119
93 119
93 119
94 119
94 120
94 120
94 120
.PEN_DOWN
94 120
94 120
94 120
94 119
94 119
94 119
94 118
94 118
95 118
95 118
95 117
96 116
97 113
99 112
100 110
101 108
101 106
101 104
101 101
101 98
101 94
101 91
101 89
101 85
101 84
101 80
101 80
100 76
100 74
100 74
100 74
100 73
100 73
100 73
100 73
100 72
100 72
100 72
100 72
100 72
98 72
98 72
98 72
98 72
.PEN_UP
98 72
98 73
98 74
99 76
100 79
101 82
101 83
101 86
101 87
101 89
101 90
101 90
.PEN_DOWN
101 90
101 90
101 90
98 90
98 90
98 90
98 90
98 90
98 90
98 90
98 90
99 90
99 92
99 92
99 92
102 95
104 95
106 95
107 97
108 97
111 98
112 98
114 98
115 98
117 98
117 98
117 95
118 95
118 94
118 91
118 90
118 89
118 88
118 88
118 85
118 84
118 81
118 81
115 81
113 78
111 77
109 76
109 76
108 76
106 76
106 76
104 76
104 76
103 76
102 76
102 76
102 76
102 76
102 76
102 76
102 76
.PEN_UP
102 76
102 76
108 76
110 81
112 81
114 84
115 86
.PEN_UP
.DT 110
.PEN_UP
107 116
111 111
112 107
112 106
112 105
112 105
112 101
112 101
112 99
112 99
112 99
112 99
112 99
115 99
115 99
118 99
119 99
122 99
125 100
126 101
129 101
129 101
131 101
132 101
132 101
132 101
132 101
131 99
130 99
129 99
129 99
129 98
124 98
124 98
123 97
123 97
122 96
117 96
116 96
116 96
114 96
111 96
110 96
110 96
110 97
107 97
107 97
105 98
103 98
103 98
103 98
101 98
101 99
101 99
101 99
101 99
101 99
101 99
101 99
101 99
101 99
101 99
101 99
101 99
102 99
102 99
103 100
103 100
.PEN_DOWN
103 100
103 100
103 100
103 100
103 100
103 100
103 100
103 100
103 100
103 102
103 102
103 103
103 104
103 104
103 104
103 104
103 105
103 105
103 105
103 105
102 105
100 105
100 105
100 105
99 105
99 105
98 105
97 105
97 105
97 105
96 103
95 103
95 100
94 100
94 97
94 96
94 94
93 94
93 91
93 90
93 87
93 85
93 84
93 82
94 80
94 80
94 79
96 76
97 75
98 75
98 75
99 75
100 75
102 75
105 75
106 75
109 75
112 75
112 75
113 76
115 77
117 77
117 77
119 80
122 80
123 80
123 80
.PEN_UP
123 80
123 80
125 80
126 80
126 88
126 89
.PEN_UP
.DT 660
.PEN_UP
0 0
.PEN_DOWN
0 0
.PEN_UP
0 0
.PEN_DOWN
0 0
.PEN_UP
0 0
.PEN_UP
.DT 170
.PEN_UP
0 0
.PEN_DOWN
0 0
.PEN_UP
0 0
.PEN_UP
.DT 170
.PEN_UP
0 0
.PEN_DOWN
0 0
.PEN_UP
0 0
.PEN_DOWN
0 0
.PEN_UP
0 0
.PEN_UP
.DT 390
.PEN_UP
0 0
.PEN_UP
.DT 110
.PEN_UP
106 154
113 153
117 148
120 145
127 141
133 137
135 137
136 131
136 124
136 121
136 116
135 115
135 115
134 113
132 111
128 111
128 111
126 109
123 107
120 107
117 105
116 105
111 104
111 100
108 100
107 100
105 100
105 100
105 100
105 100
105 100
105 100
105 100
105 102
105 105
105 105
109 107
109 107
109 110
111 111
111 111
111 112
112 112
112 112
112 113
112 113
112 113
112 113
112 114
111 114
110 114
109 114
108 113
108 113
108 113
108 113
108 113
108 113
108 113
108 113
108 113
108 113
110 113
111 114
112 114
112 114
112 114
.PEN_DOWN
112 114
112 114
111 114
110 114
110 114
110 113
110 113
109 113
109 113
109 113
109 114
109 114
109 116
109 116
109 116
108 118
108 118
108 118
107 119
107 120
106 120
106 120
103 120
103 120
103 119
102 119
100 117
100 117
97 114
95 112
95 112
95 110
95 108
95 107
95 107
95 104
95 104
96 101
96 101
97 98
99 98
100 98
100 98
100 98
102 98
103 98
103 99
105 99
105 99
106 103
107 103
107 106
107 106
108 108
108 108
108 109
108 109
108 109
108 109
108 109
108 110
108 110
108 110
108 110
108 110
108 110
108 110
108 110
108 110
108 110
108 110
108 110
108 110
108 110
108 110
108 110
108 110
108 110
108 110
108 110
108 106
108 106
108 104
108 102
109 100
109 99
109 97
109 94
109 92
109 92
109 89
109 89
109 87
109 85
109 83
109 82
109 81
108 80
108 79
108 77
108 77
108 76
108 76
106 74
106 74
105 74
105 73
105 73
105 73
104 73
104 73
104 73
101 73
101 73
100 73
98 73
98 73
98 73
98 74
98 74
98 74
96 75
96 75
96 76
95 77
94 78
94 79
94 79
94 82
94 84
94 84
95 87
96 89
96 89
99 91
101 92
102 92
106 95
106 96
107 96
108 97
110 97
112 98
114 98
115 98
115 98
117 98
119 98
119 98
119 98
119 97
119 97
121 97
122 97
123 97
123 97
123 97
123 97
123 97
123 97
123 97
123 96
123 96
123 96
123 96
123 96
123 96
123 96
.PEN_UP
123 96
123 96
123 96
123 99
123 99
123 100
.PEN_UP
.DT 440
.PEN_UP
0 0
.PEN_DOWN
0 0
.PEN_UP
0 0
.PEN_UP
.DT 160
.PEN_UP
0 0
.PEN_DOWN
0 0
.PEN_UP
0 0
.PEN_DOWN
0 0
.PEN_UP
0 0
.PEN_UP
.DT 110
.PEN_UP
0 0
.PEN_DOWN
0 0
.PEN_UP
0 0
.PEN_DOWN
0 0
.PEN_UP
0 0
.PEN_UP
.DT 270
.PEN_UP
0 0
.PEN_DOWN
0 0
.PEN_UP
0 0
.PEN_DOWN
0 0
.PEN_UP
0 0
.PEN_UP
.DT 160
.PEN_UP
125 96
125 96
125 96
125 96
125 96
125 96
124 96
121 96
118 96
115 96
115 97
115 97
115 97
115 99
115 99
112 100
112 100
112 100
112 100
112 102
111 102
110 102
110 102
109 102
109 102
109 102
109 103
109 103
106 104
106 104
104 104
104 104
104 104
103 104
102 104
102 104
102 104
101 104
101 104
101 104
101 104
101 104
101 104
101 104
101 104
101 104
101 104
102 105
102 105
104 105
104 105
105 107
105 108
106 109
107 109
107 110
107 110
107 110
107 110
107 110
108 110
108 110
108 110
108 111
108 112
108 112
108 112
108 112
109 112
109 113
109 113
109 113
109 113
109 113
109 113
109 114
109 114
109 114
109 114
108 115
108 115
107 115
107 115
107 115
107 115
106 115
106 115
104 115
104 115
104 115
103 115
103 115
103 115
103 115
103 115
103 115
103 116
103 116
103 118
103 119
103 119
103 119
103 119
103 121
103 121
103 121
103 121
103 121
103 121
102 121
102 121
102 121
102 121
102 121
.PEN_DOWN
102 121
102 121
102 121
102 121
100 119
100 119
100 119
100 119
100 119
100 119
100 119
100 119
100 119
100 119
100 119
104 119
104 119
104 119
104 119
105 119
106 118
106 117
107 117
107 117
108 117
108 116
108 116
108 116
108 116
108 116
108 116
108 116
108 116
108 116
108 116
108 116
108 116
108 116
108 115
108 115
109 115
109 115
109 115
109 113
109 113
109 113
109 113
109 113
109 112
109 111
109 111
109 111
109 109
109 109
109 107
109 107
109 107
109 105
109 104
108 104
108 102
108 102
108 102
108 99
108 98
108 98
108 98
108 98
108 98
108 95
108 95
108 94
108 91
108 91
108 91
107 91
107 91
107 89
107 88
107 86
107 86
108 84
108 83
108 81
108 81
108 80
108 80
108 79
108 78
108 78
108 78
108 75
108 75
108 74
108 74
108 74
108 74
108 72
108 72
108 72
108 72
108 72
108 72
108 72
108 72
108 72
108 72
108 72
108 72
108 72
108 72
108 72
108 72
108 72
108 72
108 72
108 72
108 72
108 72
108 72
108 72
108 72
108 72
108 72
108 72
108 72
108 72
108 72
107 72
107 72
107 72
107 73
107 73
107 73
107 73
107 73
107 73
107 73
107 73
106 73
106 73
106 73
104 73
104 73
104 73
104 73
.PEN_UP
104 73
104 74
104 74
104 76
104 76
104 78
104 78
104 78
104 81
.PEN_UP
.DT 220
.PEN_UP
104 94
104 94
104 94
102 94
97 92
96 92
90 92
88 92
83 92
77 92
74 92
72 92
70 92
70 92
70 94
70 94
70 94
72 94
73 94
74 94
74 94
74 94
76 94
76 94
76 94
76 94
76 94
77 94
77 94
77 94
78 94
81 94
83 94
83 96
86 96
90 96
93 97
95 97
97 97
98 97
99 97
102 97
105 97
108 97
108 97
111 97
111 97
111 97
111 97
111 97
111 97
111 97
109 97
109 97
109 97
106 95
105 95
102 95
102 94
97 94
96 93
96 93
93 93
90 91
89 91
88 91
86 91
86 91
85 91
85 91
85 92
85 92
85 92
85 92
85 92
85 93
85 93
85 93
85 95
85 95
85 95
85 96
85 96
85 96
87 96
87 96
87 97
89 98
90 98
90 98
.PEN_DOWN
90 98
90 98
90 98
89 98
87 97
87 97
87 97
87 97
88 97
88 97
88 97
88 97
88 96
88 96
90 96
90 96
90 94
90 94
91 91
91 90
91 90
91 89
91 85
91 85
92 83
92 81
92 80
92 78
92 76
92 75
92 74
92 73
92 73
92 73
92 72
92 71
92 71
92 71
92 71
92 71
92 71
92 71
92 71
92 71
92 71
92 71
92 71
92 71
92 71
92 71
92 71
92 71
92 71
92 74
92 74
92 74
92 75
92 76
92 77
92 77
92 79
92 80
92 81
93 84
94 84
94 87
94 88
94 90
94 90
97 91
98 91
99 92
100 92
101 94
102 94
102 94
102 94
103 94
103 94
104 94
104 94
104 94
104 94
104 94
105 94
106 94
106 94
108 94
109 94
109 92
109 91
109 91
109 90
109 90
109 88
109 88
109 85
110 82
110 82
110 82
110 81
110 79
110 79
110 79
110 77
110 77
110 77
110 76
110 76
110 76
110 76
110 76
110 76
110 76
110 76
110 76
110 76
110 76
110 76
110 76
110 77
110 77
110 77
110 78
110 78
110 79
110 79
110 79
110 81
110 82
110 82
110 82
110 84
110 84
110 86
112 87
112 89
112 90
112 90
112 93
113 93
113 95
114 95
116 95
116 95
116 95
116 98
116 98
116 98
116 98
116 98
117 98
118 98
119 98
119 98
119 98
119 98
119 98
119 98
119 98
121 97
122 97
122 96
124 96
124 95
124 94
124 94
124 92
125 90
125 90
125 88
125 86
125 85
128 83
128 83
128 81
128 81
129 79
130 79
130 78
132 78
132 78
132 78
132 78
132 78
133 78
133 78
133 78
135 78
136 78
136 78
136 78
136 79
137 79
137 80
137 80
137 80
137 80
137 80
.PEN_UP
137 80
137 80
137 80
137 80
137 80
137 80
136 80
132 80
.PEN_UP
.DT 220
.PEN_UP
0 0
.PEN_DOWN
0 0
.PEN_UP
0 0
.PEN_UP
.DT 170
.PEN_UP
108 99
108 95
108 93
108 91
108 89
107 85
106 85
106 85
106 85
106 85
106 85
106 86
106 87
106 87
107 87
107 87
107 88
107 88
107 89
107 89
107 89
107 89
107 89
107 89
107 89
107 89
105 89
105 89
105 89
105 89
104 89
104 89
104 89
104 89
104 89
104 89
104 89
105 89
105 89
105 90
105 90
105 91
106 92
106 92
106 93
106 93
106 93
106 93
106 93
106 93
106 93
106 93
106 93
106 93
106 94
106 95
106 95
107 95
107 96
107 96
107 97
107 97
107 98
107 99
107 99
107 99
107 99
107 99
107 99
107 99
107 99
107 99
.PEN_DOWN
106 99
106 99
103 99
103 97
103 97
103 97
103 97
102 97
101 97
101 97
101 96
101 96
100 96
100 95
100 95
100 95
100 94
98 94
98 92
98 92
98 91
97 90
97 89
97 87
97 87
97 85
97 83
97 82
97 81
97 80
97 78
98 77
98 77
98 76
98 76
98 76
100 74
100 74
101 74
102 72
102 72
103 72
103 72
105 71
107 71
107 71
108 71
109 71
110 71
111 71
112 71
112 71
115 72
116 73
117 73
117 73
118 73
118 73
118 74
119 75
119 75
120 75
120 78
120 78
121 78
121 78
121 80
121 81
121 83
123 84
123 85
123 87
123 89
123 89
123 90
123 91
123 93
121 93
121 94
121 94
121 95
120 95
120 96
119 96
119 97
119 98
118 98
118 99
116 99
115 99
114 99
114 99
114 101
112 101
112 101
112 101
110 101
110 101
110 101
109 101
108 101
108 101
105 101
105 100
105 99
103 99
102 99
102 97
102 96
102 96
.PEN_UP
102 96
102 96
102 96
103 97
103 97
103 97
103 97
105 97
105 97
107 97
107 97
.PEN_UP
.DT 170
.PEN_UP
87 116
93 116
93 116
96 116
96 108
100 108
100 104
100 104
100 102
100 102
100 101
100 101
100 101
100 101
100 101
99 101
99 101
99 101
99 101
99 101
99 101
99 101
99 101
99 101
99 101
99 101
99 101
99 101
99 101
99 101
99 101
98 101
98 101
97 101
97 101
97 103
97 103
97 103
97 104
97 104
97 105
97 105
96 106
96 108
96 108
95 108
95 108
93 108
93 108
92 108
92 108
91 108
91 108
91 108
91 108
91 109
91 109
92 109
92 110
92 110
92 111
92 111
92 111
92 111
.PEN_DOWN
92 111
92 111
92 111
92 111
92 111
92 109
92 109
92 109
92 109
92 109
92 109
92 109
92 109
92 109
92 106
94 106
95 103
96 103
96 101
96 99
96 98
96 95
96 93
96 93
96 91
96 88
96 86
96 83
96 80
96 79
96 78
96 75
96 75
96 73
94 73
94 72
94 71
94 71
94 71
94 71
94 71
94 71
94 71
94 71
94 71
94 71
94 71
94 71
94 71
94 71
.PEN_UP
94 71
94 71
94 71
95 73
95 79
96 82
96 84
96 88
97 89
97 91
97 93
97 96
97 98
97 99
97 100
97 101
97 103
96 104
96 104
96 105
96 105
.PEN_DOWN
96 105
96 105
94 105
93 105
93 105
93 105
93 106
93 106
93 106
93 106
93 106
93 106
93 106
94 106
94 106
96 106
97 106
98 106
98 106
101 106
102 106
103 106
103 106
106 106
107 105
107 105
107 105
108 105
108 105
109 104
110 103
110 103
110 102
110 101
110 101
110 100
110 98
110 98
110 97
110 97
109 95
109 94
108 94
108 91
105 91
105 91
102 91
102 90
101 90
99 90
99 90
97 90
96 90
96 90
96 90
96 90
96 90
96 90
95 90
95 90
95 90
95 90
95 90
95 90
95 90
.PEN_UP
95 90
95 90
96 90
97 90
100 93
100 93
100 93
100 93
100 93
.PEN_UP
.DT 7530
.PEN_UP
0 0
.PEN_DOWN
0 0
.PEN_UP
0 0
.PEN_DOWN
0 0
.PEN_UP
0 0
.PEN_DOWN
0 0
.PEN_UP
0 0
.PEN_UP
.DT 160
.PEN_UP
0 0
.PEN_DOWN
0 0
.PEN_UP
0 0
.PEN_UP
.DT 160
.PEN_UP
0 0
.PEN_DOWN
0 0
.PEN_UP
0 0
.PEN_UP
.DT 170
.PEN_UP
0 0
.PEN_DOWN
0 0
.PEN_UP
0 0
.PEN_DOWN
0 0
.PEN_UP
0 0
.PEN_UP
.DT 110
.PEN_UP
0 0
.PEN_DOWN
0 0
.PEN_UP
0 0
.PEN_UP
.DT 170
.PEN_UP
0 0
.PEN_DOWN
0 0
.PEN_UP
0 0
.PEN_UP
.DT 110
.PEN_UP
117 95
115 94
109 93
109 92
108 92
106 92
106 92
106 92
102 92
102 92
99 92
96 92
96 93
96 94
96 94
98 94
99 95
100 98
100 100
100 100
100 100
100 100
100 100
100 100
100 100
100 99
100 99
98 99
97 99
97 99
97 99
95 97
95 97
95 97
95 97
95 97
95 97
95 97
95 98
95 98
95 98
95 98
95 99
94 99
93 99
92 99
91 99
91 99
90 99
88 98
85 98
85 97
85 96
85 96
85 96
83 96
83 96
83 96
83 96
83 96
83 96
83 96
83 96
83 96
82 96
82 96
82 96
82 96
82 96
82 96
82 96
82 96
83 96
83 96
83 96
83 96
83 96
83 96
83 96
83 96
83 96
83 96
84 96
84 96
85 96
85 96
85 96
.PEN_DOWN
85 96
85 96
85 96
83 96
83 93
83 93
83 93
83 93
83 93
83 93
83 93
83 93
84 93
84 91
85 90
85 90
86 88
86 88
86 87
87 85
87 84
89 83
91 81
91 80
91 78
92 78
92 78
92 76
92 76
92 76
92 75
94 74
94 74
94 74
95 74
95 74
96 74
96 74
97 75
97 75
97 77
99 77
99 78
99 78
99 78
99 78
99 80
101 80
101 81
101 81
101 83
103 84
104 84
104 87
104 87
104 88
104 88
104 88
104 89
105 89
105 89
105 90
105 90
105 90
105 90
106 90
106 90
106 90
106 90
106 90
107 90
107 90
109 90
109 90
109 89
110 88
112 88
112 86
113 85
114 85
115 83
116 82
116 81
117 80
117 80
119 79
119 78
119 77
119 76
119 76
119 75
119 73
119 73
122 73
122 72
122 72
122 72
122 72
122 72
122 72
122 72
122 72
124 72
124 74
124 74
126 76
127 79
127 81
129 82
130 84
130 85
130 87
132 88
132 88
133 91
133 91
133 93
133 94
135 95
135 97
135 98
135 98
135 99
135 99
136 99
136 99
136 99
136 99
136 99
136 99
136 99
136 99
136 99
136 99
136 99
136 99
136 99
136 99
136 99
136 99
137 99
137 99
.PEN_UP
137 99
137 99
137 99
137 96
135 96
133 97
132 98
130 98
130 98
.PEN_UP
.DT 610
.PEN_UP
0 0
.PEN_DOWN
0 0
.PEN_UP
0 0
.PEN_DOWN
0 0
.PEN_UP
0 0
.PEN_UP
.DT 170
.PEN_UP
105 115
105 111
103 108
103 108
102 105
102 101
102 99
100 97
100 95
98 94
97 94
96 94
95 94
95 94
92 94
92 94
92 94
90 94
90 96
90 96
90 96
90 96
88 98
88 99
87 99
85 99
82 101
81 101
80 101
77 101
76 101
74 101
74 101
74 101
72 101
72 101
72 101
72 101
72 101
74 101
74 101
74 101
74 101
75 101
77 103
78 104
80 104
80 104
83 106
83 106
86 106
86 107
89 107
89 107
90 107
92 108
92 108
92 108
92 108
92 108
93 108
93 108
93 108
94 108
94 108
94 108
94 108
94 108
94 108
94 108
94 108
94 108
94 108
94 108
94 108
94 108
94 108
94 108
91 108
91 108
90 108
90 108
90 108
90 108
89 110
89 110
89 110
89 110
89 111
89 111
88 111
88 111
88 111
88 111
88 111
.PEN_DOWN
88 111
88 111
88 111
88 111
85 109
85 109
85 109
85 109
85 109
85 109
85 109
86 108
88 106
89 106
91 105
92 105
92 103
95 102
95 101
97 100
97 100
98 99
99 98
101 97
101 97
101 97
103 97
103 95
103 95
103 95
104 95
104 95
104 95
104 95
104 95
104 95
104 95
104 95
.PEN_UP
104 95
104 95
104 95
106 98
106 98
106 98
106 98
106 100
107 101
108 102
108 102
108 102
108 104
110 104
110 106
112 107
112 108
112 110
113 112
113 112
113 114
113 114
114 116
114 116
114 117
114 117
115 117
115 117
115 117
.PEN_DOWN
115 117
115 117
113 117
113 115
113 115
113 115
113 115
113 115
113 115
113 115
113 115
113 114
113 114
113 114
113 113
113 113
113 113
112 112
112 111
112 111
112 111
112 110
111 108
111 107
110 106
110 106
110 105
110 105
108 103
107 103
106 101
105 99
105 97
104 96
103 95
103 94
102 92
102 92
100 91
99 91
99 89
97 87
96 85
95 83
95 83
94 83
94 80
94 80
94 78
94 78
92 78
92 78
92 78
92 78
92 78
92 78
92 77
92 77
92 77
92 77
92 77
92 77
92 77
92 77
92 77
92 77
.PEN_UP
92 77
92 77
92 77
92 77
94 79
94 80
95 83
95 85
.PEN_UP
.DT 160
.PEN_UP
129 120
126 114
123 111
123 108
117 106
114 104
114 102
112 102
110 102
106 102
104 102
100 102
97 102
95 102
94 102
92 102
92 102
92 102
90 102
89 102
88 102
88 102
87 103
85 103
85 104
85 104
85 104
85 104
84 104
84 104
83 104
83 104
83 104
83 105
83 105
83 105
83 105
83 106
83 106
83 106
83 107
84 107
84 109
84 109
84 109
84 110
84 110
84 110
84 110
84 111
84 111
84 111
84 111
85 111
85 111
85 111
85 111
85 111
85 111
85 112
85 112
86 112
86 113
86 113
86 113
86 113
86 113
86 113
86 113
86 113
86 113
86 113
86 113
.PEN_DOWN
86 113
86 112
86 112
86 112
83 109
83 109
83 109
83 109
83 109
83 109
83 109
83 109
83 109
84 109
86 109
86 109
87 109
88 109
90 109
93 109
93 109
95 109
98 109
98 110
100 110
101 110
103 110
106 110
106 110
106 110
106 110
108 110
108 110
110 112
110 112
110 112
110 112
110 112
110 112
110 112
111 112
111 112
111 112
111 112
111 112
111 112
112 112
112 112
112 112
112 112
112 112
112 112
112 112
112 112
112 112
112 112
112 112
112 112
112 112
112 112
112 112
112 112
112 112
112 112
112 112
112 112
112 112
112 112
112 112
112 112
112 112
111 112
111 111
110 111
110 111
108 110
108 109
107 109
107 108
104 108
104 106
104 106
102 106
101 104
101 103
101 103
100 103
98 101
98 101
96 99
95 99
95 97
94 97
94 95
93 95
91 95
91 94
91 94
90 92
90 91
90 89
87 89
87 89
87 89
85 87
85 87
85 87
85 87
85 87
85 87
85 87
85 85
85 85
85 85
85 85
84 85
84 85
84 85
84 85
84 85
84 85
84 85
84 85
84 85
84 85
84 85
84 85
84 85
84 85
84 85
85 85
85 85
85 84
86 84
87 84
89 84
91 84
91 83
92 83
94 83
95 83
95 83
96 83
97 83
97 83
100 83
101 83
103 83
104 83
104 83
104 83
106 83
109 83
110 83
110 83
110 83
112 83
113 83
113 83
114 83
114 83
114 83
114 84
115 84
115 84
115 84
115 84
115 84
115 84
115 84
115 84
115 84
115 84
115 84
115 84
115 84
115 84
115 84
115 87
115 87
115 88
115 88
115 88
115 88
115 90
115 90
115 92
115 92
115 94
115 97
114 97
114 97
114 97
.PEN_UP
114 97
114 97
114 97
114 99
113 99
113 99
113 99
113 99
113 99
.PEN_UP
.DT 220
