
.WRITER_ID LeslieMuzzio
.STYLE PRINTED
.PEN_DOWN
	67	385
	68	384
	68	383
	69	383
	69	381
	69	380
	69	379
	70	378
	70	377
	70	375
	71	374
	71	373
	72	372
	72	371
	73	370
	73	369
	74	369
	74	370
	74	371
	75	371
	75	372
	75	373
	75	374
	76	375
	76	376
	76	377
	77	377
	77	376
	78	375
	78	374
	79	373
	79	372
	80	371
	81	371
	81	370
	82	369
	82	368
	83	368
	83	369
	83	370
	83	371
	83	372
	83	374
	84	375
	84	377
	84	378
	84	379
	85	380
	85	381
	85	382
	85	383
	85	384
	85	385
	85	386
	86	386
	86	387
	86	386
.PEN_UP
.PEN_DOWN
	102	381
	102	382
	101	382
	101	383
	101	384
	100	384
	100	385
	99	386
	98	386
	98	385
	97	384
	96	383
	96	382
	95	381
	95	380
	95	378
	95	377
	95	376
	95	375
	95	374
	95	373
	95	372
	95	371
	96	371
	96	370
	97	370
	98	370
	98	371
	99	371
	100	372
	101	373
	103	374
	103	375
	103	376
	103	377
	103	378
	103	379
	103	380
	103	381
	103	382
	103	383
	103	382
	103	381
	103	380
	103	379
	103	378
	104	377
	104	376
	104	375
	104	374
	105	373
	106	372
	107	372
	107	371
	108	371
	109	371
.PEN_UP
.PEN_DOWN
	113	382
	114	382
	114	381
	114	380
	115	380
	115	379
	115	378
	115	377
	115	376
	115	375
	115	374
	116	373
	116	372
	116	371
	116	370
	116	371
	116	372
	116	373
	116	374
	116	375
	117	376
	117	377
	117	378
	117	379
	117	380
	118	381
	118	382
	118	383
	119	384
	120	384
	120	385
	121	385
.PEN_UP
.PEN_DOWN
	128	383
	128	382
	129	381
	129	380
	129	379
	129	378
	129	377
	129	376
	129	375
	129	374
	129	373
	129	372
	130	371
	130	370
	130	369
	130	370
	130	371
	130	372
	130	373
	130	374
	130	375
	131	376
	131	378
	131	379
	132	380
	132	381
	132	382
	133	382
	133	383
	134	383
	134	384
	135	385
	136	385
	137	385
	138	385
	138	384
	139	383
	139	382
	139	380
	140	379
	140	378
	140	377
	140	376
	141	375
	141	374
	141	375
	141	376
	142	376
	142	377
	142	378
	143	379
	144	380
	144	381
	145	382
	146	382
	146	383
	147	383
	148	383
	149	383
	150	383
	151	383
	151	382
	151	381
	152	381
	152	380
	152	379
	153	379
	153	377
	153	376
	153	375
	153	374
	153	373
	153	372
	153	373
.PEN_UP
.PEN_DOWN
	190	383
	190	382
	190	381
	190	380
	191	379
	191	378
	191	377
	191	376
	192	375
	192	374
	192	375
	192	376
	192	377
	193	377
	193	378
	193	379
	193	380
	192	382
	192	383
	191	383
	191	384
	190	384
	189	384
	188	384
	188	383
	187	383
	186	383
	186	382
	185	382
	185	381
	184	381
	184	380
	183	379
	183	378
	182	377
	182	376
	182	374
	182	373
	182	371
	182	370
	183	369
	184	368
	185	368
	186	367
	188	367
	190	367
	192	368
	193	368
	195	369
	196	369
	197	369
	198	370
	199	370
	200	371
	201	371
	202	372
.PEN_UP
.PEN_DOWN
	204	382
	204	381
	205	381
	205	380
	205	379
	205	378
	205	377
	205	376
	205	375
	205	374
	206	373
	206	372
	206	371
	206	370
	207	369
	207	368
	208	367
	209	368
	210	368
	210	369
	211	369
	211	370
	212	371
	212	372
	213	372
	213	373
	213	374
	213	375
	214	376
	214	377
	214	378
	214	379
	213	378
	213	377
	213	376
	213	375
	213	374
	214	373
	214	372
	214	371
	215	370
	216	369
	217	369
	217	368
	218	368
	219	368
.PEN_UP
.PEN_DOWN
	224	377
	224	376
	224	375
	224	374
	224	373
	225	372
	225	371
	225	370
	225	369
	226	368
	226	367
	226	365
	226	364
	227	364
	227	363
	227	362
	227	361
	227	360
	227	359
	227	358
	227	359
	227	360
	226	360
	226	361
	226	362
	226	364
	226	365
	226	366
	226	368
	225	369
	225	370
	225	372
	225	373
	225	374
	225	375
	226	377
	226	378
	226	379
	227	379
	227	380
	228	380
	229	380
	230	380
	231	380
	232	380
	232	379
	233	379
	233	378
	234	378
	234	377
	234	376
	234	375
	234	374
	234	372
	234	371
	233	371
	233	370
	233	369
	232	369
	231	369
	231	368
	230	368
.PEN_UP
.PEN_DOWN
	251	386
	250	386
	250	385
	249	385
	248	385
	247	384
	246	384
	245	383
	244	383
	244	382
	243	381
	243	380
	242	380
	242	379
	242	378
	242	377
	242	376
	243	376
	243	375
	244	375
	245	375
	246	375
	247	375
	247	376
	248	376
	249	377
	250	377
	251	377
	252	377
	253	377
	254	377
	254	376
	255	375
	255	374
	255	373
	255	372
	255	371
	254	370
	253	369
	252	369
	251	369
	250	369
	249	369
	248	369
	247	370
	246	370
	245	370
	245	371
	244	371
	243	371
	244	371
.PEN_UP
.PEN_DOWN
	280	383
	279	383
	278	383
	278	382
	277	382
	277	381
	276	381
	276	380
	275	378
	275	377
	275	376
	275	375
	275	374
	275	373
	275	372
	276	371
	277	370
	280	370
	281	370
	282	370
	283	370
	284	370
	286	370
	287	371
	288	372
	289	372
	289	373
	290	374
	290	375
	290	376
	290	377
	290	378
	289	379
	288	380
	287	381
	287	382
	286	383
	285	383
	284	384
	285	384
.PEN_UP
.PEN_DOWN
	302	396
	301	396
	300	396
	299	396
	298	396
	297	396
	297	395
	296	394
	295	393
	294	392
	294	391
	294	390
	294	389
	294	388
	294	387
	294	386
	294	383
	294	382
	295	380
	295	379
	295	378
	295	377
	295	376
	296	375
	296	374
	296	373
	296	372
	296	371
	296	370
.PEN_UP
.PEN_DOWN
	291	378
	292	378
	293	378
	294	378
	295	378
	296	378
	297	378
	298	378
	299	378
	300	379
	301	379
	302	379
	303	379
	302	379
.PEN_UP
.PEN_DOWN
	325	396
	325	395
	325	394
	325	393
	325	392
	325	390
	325	389
	326	387
	326	386
	326	384
	326	383
	326	382
	326	381
	326	380
	327	379
	327	378
	327	377
	327	376
	327	375
	327	374
	327	375
	327	376
	327	377
	327	378
	327	379
	327	380
	328	382
	329	383
	329	384
	330	385
	331	386
	332	387
	333	387
	334	387
	335	387
	336	386
	336	385
	337	384
	338	383
	339	382
	339	381
	340	380
	340	379
	340	378
	340	377
	339	375
	339	374
	338	374
	338	373
	337	372
	336	372
	335	372
	334	371
	333	371
	332	371
	332	372
	331	372
	330	372
	329	372
	329	373
.PEN_UP
.PEN_DOWN
	344	377
	345	377
	345	378
	346	378
	347	379
	348	380
	349	381
	350	382
	351	382
	351	383
	352	383
	352	384
	352	385
	351	385
	350	385
	349	385
	348	385
	347	384
	346	384
	346	383
	345	383
	344	382
	344	381
	343	381
	343	380
	342	379
	342	378
	342	377
	342	376
	342	375
	342	374
	342	373
	343	372
	344	371
	345	371
	346	371
	347	371
	348	371
	348	372
	349	372
	350	372
	351	372
.PEN_UP
.PEN_DOWN
	365	387
	364	387
	364	386
	363	386
	363	385
	362	385
	362	384
	361	384
	360	383
	359	382
	359	381
	359	380
	360	380
	361	380
	362	380
	363	380
	364	379
	365	379
	365	378
	366	378
	367	377
	367	376
	368	376
	368	375
	368	374
	368	373
	368	372
	367	371
	366	371
	365	371
	364	371
	363	371
	362	371
	361	371
	361	372
	360	372
.PEN_UP
.PEN_DOWN
	375	392
	375	391
	375	390
	375	389
	375	387
	375	386
	376	384
	376	383
	376	382
	376	380
	376	379
	376	378
	376	377
	376	376
	376	375
	377	374
	377	373
	377	372
	377	371
.PEN_UP
.PEN_DOWN
	371	382
	372	382
	373	382
	374	382
	375	382
	376	382
	377	382
	379	382
	380	382
	381	382
	382	382
.PEN_UP
.PEN_DOWN
	413	378
	413	377
	414	377
	414	376
	414	375
	414	374
	414	373
	414	371
	414	370
	415	369
	415	368
	415	367
	415	365
	415	364
	416	363
	416	362
	416	361
	416	360
	416	359
	415	359
	415	358
	415	357
	415	356
	414	356
	413	356
	412	355
	410	355
	409	355
	408	356
	407	356
	406	356
	405	357
	404	357
	404	358
	403	358
	403	359
.PEN_UP
.PEN_DOWN
	414	393
	414	392
	414	391
	413	391
	413	390
	413	389
.PEN_UP
.PEN_DOWN
	433	377
	432	378
	432	379
	430	379
	429	379
	428	379
	427	379
	426	379
	425	378
	424	377
	423	377
	423	376
	423	375
	422	375
	422	374
	422	373
	422	372
	422	371
	422	370
	423	370
	423	369
	424	369
	425	369
	426	369
	427	369
	428	369
	429	369
	430	370
	431	370
	431	371
	432	372
	432	373
	432	374
	433	374
	433	375
	433	376
	433	375
	433	374
	433	373
	434	372
	434	371
	434	370
	435	370
	435	369
	436	369
	436	368
.PEN_UP
.PEN_DOWN
	442	381
	443	380
	443	379
	444	378
	444	377
	445	376
	445	375
	445	374
	445	373
	446	372
	446	371
	446	370
	447	369
	448	368
	449	368
	450	368
	451	368
	451	369
	451	370
	452	371
	452	372
	453	373
	453	374
	453	375
	454	377
	454	378
	454	379
	455	381
	455	382
	456	383
	456	384
.PEN_UP
.PEN_DOWN
	472	378
	472	379
	472	380
	472	381
	472	382
	471	382
	471	383
	470	383
	469	383
	468	382
	467	382
	467	381
	466	381
	465	380
	465	379
	464	379
	464	378
	463	378
	463	377
	462	376
	462	375
	462	374
	462	373
	462	372
	462	371
	462	370
	463	370
	464	369
	465	369
	466	369
	467	370
	468	370
	468	371
	469	371
	470	372
	471	373
	471	374
	472	374
	472	375
	472	376
	473	376
	473	377
	473	378
	473	379
	473	378
	473	377
	473	376
	473	375
	473	374
	473	373
	473	372
	473	371
	474	370
	474	369
	475	369
	475	368
	476	368
	477	368
	478	368
	479	368
.PEN_UP
