

.STYLE CURSIVE
.COMMENT previously: .WRITER_ID wcdr.470
.WRITER_ID wcd
.HAND R
.SEX M

.PEN_DOWN
15 675
22 684
37 699
56 709
71 719
101 748
97 745
86 737
68 725
46 712
22 703
14 705
20 711
34 721
51 731
72 739
99 746
124 744
141 733
145 706
139 670
126 617
107 558
84 504
59 455
39 414
21 381
4 353
0 330
.PEN_UP
.PEN_DOWN
276 726
266 714
256 687
247 650
237 611
190 469
174 411
162 354
157 303
158 262
157 248
151 259
142 280
127 309
107 347
86 387
68 422
64 432
72 425
87 412
111 404
141 403
178 406
211 412
.PEN_UP
.PEN_DOWN
303 350
317 350
327 350
342 355
354 365
394 414
400 429
395 446
383 459
361 458
336 443
305 421
284 390
285 357
297 327
318 311
347 314
383 323
.PEN_UP
.PEN_DOWN
681 343
690 346
703 353
717 363
727 372
757 432
760 446
760 462
752 478
740 486
721 475
696 455
677 423
666 386
671 346
679 314
690 293
704 287
724 292
745 303
765 319
782 341
792 368
798 395
803 410
807 403
810 391
808 372
805 350
804 331
810 328
820 335
829 349
840 366
848 388
852 413
855 427
856 422
857 413
865 405
878 400
898 405
919 415
930 431
925 440
916 434
903 421
891 402
883 377
879 351
882 326
891 310
903 306
920 312
936 324
950 342
961 367
972 393
983 418
992 432
999 427
1000 415
996 395
987 366
981 338
986 322
995 331
1008 346
1025 369
1046 395
1066 423
1076 426
1075 413
1070 396
1067 376
1070 353
1081 334
.PEN_UP
.PEN_DOWN
1366 370
1380 375
1390 385
1400 394
1419 404
1471 468
1491 498
1511 533
1530 571
1547 619
1554 667
1551 710
1543 750
1529 765
1515 754
1494 728
1471 681
1448 617
1425 536
1409 467
1406 414
1411 381
1420 378
1438 393
1463 416
1489 439
1515 461
1530 470
1537 464
1540 454
1544 443
1555 435
1569 435
1590 444
1612 457
1626 473
1623 480
1611 472
1592 455
1570 430
1552 403
1548 378
1556 373
1567 382
1584 398
1604 416
1621 436
1626 444
1621 434
1616 416
1619 398
1627 384
1638 384
1654 392
1674 403
1694 421
1715 443
1735 467
1745 486
1742 489
1732 477
1716 459
1697 431
1674 397
1657 362
1656 341
1664 344
1678 356
1696 377
1717 405
1741 442
1762 488
1783 541
1802 602
1817 658
1818 705
1810 724
1796 710
1774 678
1748 626
1724 562
1713 491
1721 436
1738 400
1761 376
1786 360
.PEN_UP
.PEN_DOWN
2002 346
2002 336
2017 346
2026 363
2051 382
2085 438
2094 459
2102 484
2106 507
2111 504
2113 487
2112 463
2112 433
2112 401
2109 370
2099 349
2085 348
2070 357
2061 366
2065 367
2072 363
2084 359
2101 356
2122 357
2147 363
2170 375
2187 392
2197 415
2201 438
2198 457
2190 465
2177 457
2165 439
2155 415
2156 392
2163 365
2174 354
2190 357
2208 364
2225 377
2241 394
2252 414
2264 437
2277 460
2287 468
2293 461
2291 450
2288 430
2284 407
2284 381
2289 359
2299 345
2316 342
2340 347
2367 354
.PEN_UP
.PEN_DOWN
2248 319
2263 329
2297 348
2322 372
2341 397
2410 446
.PEN_UP
.PEN_DOWN
2560 353
2551 346
2560 350
2570 360
2578 375
2606 438
2619 462
2629 483
2635 488
2636 474
2632 448
2626 423
2621 390
2623 365
2631 367
2640 379
2653 391
2666 409
2676 431
2680 432
2682 422
2682 406
2682 392
2687 387
2697 394
2707 405
2716 421
2721 437
2721 458
2721 481
2721 495
2722 492
2726 481
2732 469
2743 455
2758 448
2769 441
2773 433
2772 419
2770 401
2772 379
2779 369
2792 375
2808 389
2827 412
2850 445
2873 489
2900 538
2927 592
2947 643
2963 693
2961 724
2954 719
2946 700
2936 667
2924 615
2913 549
2905 480
2900 423
2901 381
2907 360
2916 370
2931 390
2954 423
2976 465
3001 523
3024 592
3044 658
3061 717
3066 736
3062 723
3050 696
3034 656
3013 600
2989 531
2970 468
2958 418
2962 404
2975 417
2991 436
3007 456
3018 457
3018 444
3015 421
3014 398
3017 373
3030 352
3049 348
3074 354
3104 364
3128 376
3141 393
.PEN_UP
.PEN_DOWN
2780 533
2792 533
2824 533
2851 533
2870 533
2992 535
3032 538
3071 543
.PEN_UP
.PEN_DOWN
2873 702
2868 689
2863 670
2860 660
2860 648
.PEN_UP
.PEN_DOWN
3338 433
3338 448
3328 450
3319 450
3307 448
3274 404
3270 383
3276 361
3285 345
3300 341
3320 348
3343 360
3356 374
3356 393
3349 416
3339 437
3323 459
3312 472
3320 473
3335 469
3355 468
3378 466
3402 462
3418 454
3421 442
3414 422
3405 398
3396 377
3396 370
3403 377
3415 394
3429 413
3448 437
3466 462
3473 467
3473 458
3468 445
3465 429
3468 409
3471 385
3480 368
3493 359
3509 364
3528 373
3546 387
3560 405
3571 426
3574 449
3570 466
3561 469
3550 462
3538 448
3527 429
3520 405
3520 379
3528 360
3546 349
3570 352
3602 359
3638 370
3671 384
.PEN_UP
.PEN_DOWN
3799 467
3826 467
3848 467
3884 470
3919 480
4011 517
.PEN_UP
.PEN_DOWN
4014 382
4033 389
4050 399
4065 416
4077 433
4116 489
4124 504
4129 522
4131 533
4131 532
4131 521
4132 501
4133 473
4134 442
4132 411
4126 387
4115 370
4100 364
4082 370
4066 381
4057 396
4053 412
4053 419
4059 411
4070 402
4088 395
4112 392
4137 396
4161 404
4185 416
4201 432
4205 451
4198 461
4188 455
4178 443
4167 423
4161 400
4165 376
4176 361
4191 362
4205 370
4218 384
4224 403
4224 425
4221 449
4216 470
4208 487
4199 490
4189 484
4183 474
4188 463
4197 460
4209 465
4223 475
4239 484
4255 486
4267 481
4273 470
4272 456
4266 439
4258 418
4250 397
4251 377
4258 366
4268 369
4280 378
4296 393
4314 417
4333 448
4351 484
4369 525
4387 569
4403 615
4414 659
4421 700
4421 723
4417 710
4408 688
4394 651
4378 600
4360 533
4348 464
4349 407
4357 361
4368 332
4383 323
4401 328
4422 339
4444 353
4464 370
.PEN_UP
.PEN_DOWN
4182 609
4204 604
4236 599
4275 594
4323 592
4497 606
4547 616
.PEN_UP
.PEN_DOWN
4740 465
4728 475
4718 475
4709 475
4699 467
4654 404
4645 382
4646 362
4654 344
4668 336
4688 342
4711 354
4734 369
4750 387
4757 410
4754 434
4748 454
4739 461
4729 453
4720 439
4723 422
4732 406
4747 398
4769 406
4795 423
4823 445
4850 475
4871 513
4886 551
4896 589
4896 629
4892 666
4887 698
4876 711
4862 696
4844 665
4822 613
4801 545
4779 456
4761 364
4749 284
4741 214
4737 174
4736 180
4738 202
4743 231
4751 272
4759 318
4767 359
4776 377
4787 377
4801 373
4826 373
4854 375
4881 382
.PEN_UP
.PEN_DOWN
4974 372
4974 363
4972 343
4969 331
4965 311
4943 256
.PEN_UP
.PEN_DOWN
5179 446
5179 455
5179 465
5179 475
5164 475
5129 469
5113 454
5096 430
5078 401
5073 370
5079 355
5091 358
5104 369
5121 386
5142 408
5160 433
5168 440
5169 430
5166 415
5162 397
5161 380
5167 372
5176 378
5192 394
5212 413
5234 434
5245 454
5245 456
5241 444
5235 426
5228 406
5225 385
5231 378
5241 384
5255 399
5270 415
5284 431
5292 439
5293 432
5292 419
5293 402
5300 388
5311 379
5328 384
5348 393
5370 406
5387 423
5403 446
5417 470
5417 488
5411 494
5398 486
5384 470
5366 445
5348 414
5340 381
5345 359
5353 364
5365 378
5380 399
5401 428
5421 469
5442 521
5460 576
5473 631
5480 675
5477 705
5470 709
5459 694
5447 664
5432 622
5419 564
5410 503
5410 449
5416 405
5425 376
5440 359
.PEN_UP
.PEN_DOWN
5586 365
5596 375
5606 387
5616 397
5623 407
5659 459
5669 462
5675 452
5676 438
5673 420
5669 397
5664 373
5666 359
5673 366
5686 378
5703 398
5724 423
5743 451
5750 468
5749 457
5744 443
5742 424
5740 406
5741 384
5749 377
5762 383
5780 389
5801 401
5819 416
5829 431
5824 436
5816 426
5805 407
5795 387
5793 364
5799 345
5808 348
5816 357
5823 370
5823 388
5820 410
5816 431
5811 435
5807 427
5810 417
5819 412
5832 416
5848 422
5869 431
5889 447
5910 470
5928 501
5944 536
5955 574
5963 612
5971 646
5977 673
5977 667
5972 645
5965 616
5954 572
5938 519
5924 460
5913 406
5911 362
5918 334
5929 328
.PEN_UP
.PEN_DOWN
5784 521
5808 521
5840 521
5857 521
5889 521
6024 532
6068 541
6109 550
.PEN_UP
.PEN_DOWN
6113 338
6128 346
6137 355
6145 365
6152 375
6174 412
6179 421
6181 420
6179 412
6177 401
6175 385
6178 371
6184 370
6199 383
6218 400
6240 417
6253 420
6255 412
6254 399
6253 387
6253 377
6257 377
6265 384
6278 394
6293 409
6305 428
6312 434
6314 429
6314 416
6312 401
6312 382
6318 373
6327 376
6340 387
6357 405
6374 433
6390 470
6403 508
6414 548
6421 581
6426 611
6431 640
6438 664
6448 687
6456 709
6462 717
6460 705
6454 682
6444 648
6430 598
6412 534
6398 475
6391 422
6396 384
6408 368
6424 370
6445 378
6471 394
6490 415
6504 440
6510 467
6506 490
6496 501
6484 497
6468 489
6451 473
6441 450
6434 424
6434 395
6440 378
6454 378
6473 385
6496 394
6519 410
6536 430
6542 440
6540 432
6536 420
6533 402
6536 394
6543 397
6554 405
6567 416
6581 431
6589 437
6587 432
6583 421
6579 405
6579 387
6586 375
6598 379
6616 390
6637 408
6660 436
6681 470
6701 516
6721 569
6739 625
6753 677
6762 720
6765 738
6764 725
6759 702
6750 663
6736 619
6717 562
6699 511
6687 469
6682 432
6687 414
6698 422
6712 438
6731 459
6745 479
6748 487
6743 478
6739 463
6736 446
6733 427
6733 403
6739 387
6750 386
6764 392
6783 402
6803 419
6817 437
6820 447
6814 438
6808 423
6804 402
6800 380
6803 357
6810 350
6820 356
6826 366
6832 378
6830 394
6826 417
6820 441
6814 457
6816 462
6823 460
6834 460
6850 460
6864 456
6874 446
6873 429
6867 407
6859 384
6856 365
6862 362
6870 369
6884 380
6902 395
6922 412
6937 419
6946 414
6949 404
6949 392
6954 383
6966 381
6984 386
7007 393
7031 403
7054 417
7065 432
7058 432
7049 422
7037 408
7020 388
7001 364
6993 343
6999 337
7010 345
7026 358
7042 376
7060 398
7078 422
7080 435
7076 429
7068 416
7060 400
7055 380
7050 359
7052 341
7061 338
7074 345
7092 361
7116 382
7140 409
7163 445
7187 488
7209 539
7230 593
7247 646
7258 690
7255 708
7244 692
7229 665
7207 624
7181 576
7156 513
7135 455
7125 409
7126 372
7133 351
7146 354
7165 369
7189 389
7218 420
7249 462
7281 517
7309 577
7335 636
7353 686
7357 717
7351 718
7337 698
7317 667
7294 622
7269 570
7247 511
7228 457
7214 412
7212 379
7220 370
7230 379
7243 395
7261 416
7280 441
7289 460
7288 457
7286 445
7283 428
7281 406
7284 388
7291 382
7300 378
7308 370
7315 359
7322 357
7331 362
7341 370
7345 373
7341 367
7335 358
7327 341
7315 316
7301 287
7283 256
7263 224
7238 194
7212 167
7182 141
7151 118
7120 97
7090 77
7061 63
7040 63
7032 70
7041 86
7061 112
7090 146
7126 186
7176 226
7229 262
7283 295
7328 325
.PEN_UP
.PEN_DOWN
6213 565
6232 565
6259 560
6286 560
6315 560
6453 584
6512 601
.PEN_UP
.PEN_DOWN
6315 775
6303 775
6288 772
6281 760
6276 750
.PEN_UP
.PEN_DOWN
6535 572
6576 580
6615 589
6664 611
6713 638
6883 696
6944 720
.PEN_UP
.PEN_DOWN
6808 619
6798 614
6788 606
6774 589
6769 580
.PEN_UP
.PEN_DOWN
7553 448
7580 448
7602 448
7631 448
7658 448
7751 453
.PEN_UP
.PEN_DOWN
8011 397
8011 407
8011 417
8011 429
8002 434
7944 377
7927 353
7915 328
7910 305
7916 292
7931 298
7950 311
7971 329
7994 351
8008 375
8007 386
8001 378
7997 364
7994 346
7996 329
8004 321
8017 327
8031 340
8048 356
8059 374
8066 398
8071 421
8074 445
8079 464
8084 463
8089 449
8093 431
8097 409
8099 384
8101 359
8098 339
8089 327
8073 326
8062 329
8073 328
8090 328
8116 331
8148 339
8185 350
.PEN_UP
.PEN_DOWN
8418 295
8421 312
8428 322
8438 344
8448 366
8462 416
8464 435
8465 459
8465 481
8471 491
8482 486
8497 477
8513 465
8523 448
8524 426
8521 402
8516 379
8513 359
8516 341
8525 331
8537 332
8553 338
8574 352
8594 371
8611 393
8623 418
8626 439
8621 459
8610 473
8592 471
8574 459
8559 445
8552 420
8554 394
8561 369
8575 351
8594 346
8616 350
8639 358
8660 369
8681 383
8703 399
8718 416
8718 427
8709 426
8697 418
8679 404
8659 385
8641 363
8634 338
8639 330
8650 334
8664 343
8682 358
8702 376
8715 397
8713 402
8709 391
8707 376
8704 360
8707 344
8716 338
8731 343
8750 354
8774 369
8797 390
8819 415
8838 440
8843 454
8834 448
8821 435
8804 416
8784 389
8764 360
8753 332
8759 319
8770 325
8785 334
8803 349
8825 373
8846 402
8867 440
8886 483
8904 529
8915 577
8916 621
8909 644
8899 629
8884 605
8865 565
8848 519
8835 456
8830 391
8835 337
8846 290
8863 264
8885 261
8913 271
8939 288
8959 309
8974 337
8980 366
8981 395
8979 423
8972 443
8961 448
8947 439
8932 424
8923 402
8922 373
8926 342
8934 315
8946 302
8963 306
8984 313
9003 325
9019 339
9032 358
9040 378
9043 399
9044 420
9049 432
9058 429
9066 420
9073 408
9076 390
9074 370
9076 350
9084 337
9096 341
9114 352
9134 368
9151 389
9165 411
9173 435
9179 457
9180 475
9178 476
9177 464
9177 442
9178 420
9179 393
9181 365
9179 342
9170 328
9158 331
9146 336
9146 336
9158 333
9175 332
9198 333
9231 340
9270 351
9310 364
.PEN_UP
.PEN_DOWN
9489 324
9506 329
9518 339
9530 344
9550 378
9617 468
9634 498
9652 535
9672 577
9689 624
9693 668
9689 703
9679 713
9668 701
9651 675
9628 636
9606 579
9584 510
9568 445
9562 390
9564 349
9573 322
9587 312
9604 317
9627 330
9649 349
9669 371
9683 398
9688 422
9683 441
9671 446
9656 438
9636 421
9613 400
9597 376
9590 348
9598 330
9609 318
9622 315
9642 320
9663 330
9684 344
9707 361
9728 382
9744 404
9752 413
9748 409
9741 400
9729 387
9714 371
9697 354
9690 333
9697 318
9707 314
9718 321
9732 332
9748 348
9761 369
9764 390
9760 398
9754 392
9749 378
9745 362
9742 342
9745 322
9754 318
9766 327
9780 342
9793 357
9800 379
9803 404
9803 429
9802 446
9802 445
9806 440
9816 436
9831 430
9846 420
9854 404
9854 383
9852 361
9854 343
9862 338
9874 343
9891 354
9910 370
9931 389
9950 409
9960 415
9962 406
9957 390
9951 372
9945 349
9948 336
9957 343
9968 353
9985 369
10005 390
10022 402
10032 402
10033 392
10030 376
10027 356
10029 336
10038 327
10051 333
10069 344
10093 358
10115 375
10132 395
10137 416
10129 431
10116 430
10103 419
10091 406
10082 387
10080 364
10080 339
10084 317
10094 308
10109 311
10133 320
10158 336
10184 356
10208 379
10217 395
10208 396
10198 389
10184 379
10170 364
10158 345
10155 324
10163 315
10176 322
10190 333
10206 349
10222 374
10236 407
10252 448
10272 496
10292 546
10309 595
10321 639
10323 673
10316 667
10302 646
10284 614
10267 565
10252 512
10244 447
10241 389
10244 343
10253 304
10268 282
10289 274
10314 281
.PEN_UP
.PEN_DOWN
10459 300
10469 305
10479 309
10496 319
10508 339
10538 384
10545 400
10550 414
10549 415
10545 405
10542 387
10538 365
10535 340
10537 315
10545 304
10558 309
10577 321
10604 341
10630 365
10650 391
10659 403
10658 396
10654 384
10648 365
10641 346
10636 323
10639 312
10647 315
10659 323
10674 336
10692 358
10711 384
10723 405
10729 406
10730 393
10730 375
10730 352
10733 329
10741 308
10753 299
.PEN_UP
.PEN_DOWN
10571 622
10571 604
10571 595
10571 585
.PEN_UP
.PEN_DOWN
10969 292
10979 300
11001 314
11020 331
11040 353
11087 426
11098 450
11112 479
11129 516
11145 560
11156 609
11162 656
11160 701
11154 738
11144 749
11129 736
11108 706
11087 669
11069 615
11056 546
11050 480
11052 421
11055 377
11061 355
11069 361
11081 373
11096 392
11112 415
11126 428
11131 416
11128 402
11126 383
11125 359
11127 334
11136 321
11149 321
11166 329
11185 344
11201 362
11217 384
11224 400
11224 393
11220 379
11217 363
11219 340
11225 322
11236 317
11250 324
11268 335
11284 351
11295 371
11304 395
11309 419
11311 434
11311 428
11310 417
11310 404
11310 387
11310 367
11310 345
11307 326
11299 313
11285 317
11268 324
11254 320
11252 312
11260 301
11271 289
11293 277
11319 269
11351 272
11386 278
11422 288
11458 301
11492 316
.PEN_UP
.PEN_DOWN
11281 663
11269 661
11259 651
.PEN_UP
.PEN_DOWN
11683 636
11683 624
11686 614
11686 604
11686 595
11687 560
.PEN_UP
.PEN_DOWN
11759 663
11759 653
11754 643
11749 622
11749 609
.PEN_UP
.PEN_DOWN
12025 639
12025 651
12022 661
12005 670
11990 670
11954 638
11951 624
11957 612
11969 609
11985 616
12002 627
12019 641
12029 658
12033 682
12029 704
12021 724
12008 739
11993 742
11970 736
11945 724
11917 702
11885 669
11853 625
11825 578
11800 530
11782 482
11776 437
11780 394
11787 359
11799 332
11816 318
11838 316
11866 323
11897 338
11927 356
11956 378
11980 404
12001 426
12013 449
12010 458
12002 448
11989 432
11972 409
11957 382
11946 351
11950 325
11959 309
11973 311
11988 318
12005 330
12021 346
12031 367
12034 392
12031 417
12025 441
12013 461
11996 465
11978 458
11969 447
11975 439
11987 435
12001 436
12017 440
12036 438
12048 432
12050 420
12046 403
12042 382
12042 368
12049 371
12059 378
12074 390
12094 408
12111 420
12118 421
12114 414
12109 400
12101 382
12094 360
12094 343
12100 345
12109 353
12123 364
12143 384
12165 408
12184 431
12191 441
12187 434
12180 421
12172 403
12165 382
12158 355
12157 331
12163 314
12174 312
12190 319
12208 329
12227 341
12244 359
12263 376
12279 380
12286 373
12282 359
12275 344
12266 326
12261 308
12266 303
12274 309
12286 321
12303 337
12325 360
12344 384
12350 391
12347 384
12342 373
12338 357
12335 340
12338 332
12344 336
12355 345
12371 359
12387 376
12397 389
12396 388
12392 380
12388 369
12386 348
12388 332
12395 328
12406 337
12420 349
12437 363
12449 377
12452 382
12448 374
12444 360
12440 343
12438 323
12441 304
12452 304
12464 312
12478 322
12495 334
12506 353
12514 370
12513 372
12509 362
12507 350
12503 334
12503 316
12509 310
12520 317
12536 329
12557 347
12579 366
12597 380
12606 379
12607 371
12605 359
12601 342
12597 324
12601 318
12608 324
12616 336
12629 353
12646 373
12661 382
12669 377
12670 365
12668 346
12668 326
12673 310
12682 309
12695 316
12711 328
12728 346
12739 367
12749 384
12748 379
12744 367
12739 350
12734 329
12733 309
12739 305
12750 311
12765 320
12784 330
12803 345
12820 365
12827 378
12823 371
12818 360
12812 347
12805 328
12809 311
12815 306
12824 313
12835 325
12843 339
12843 355
12840 377
12837 400
12832 411
12825 408
12822 400
12829 391
12839 385
12855 390
12877 396
12899 392
12912 384
12911 372
12907 356
12902 335
12905 320
12912 318
12922 325
12936 336
12955 352
12974 372
12993 392
13007 398
13011 389
13009 373
13006 354
13006 331
13011 310
13021 298
13040 293
13067 296
13096 301
.PEN_UP
.PEN_DOWN
12746 583
12739 570
12739 558
12739 544
.PEN_UP
.PEN_DOWN
13232 678
13224 665
13222 656
13219 646
13210 631
.PEN_UP
.PEN_DOWN
13297 717
13288 707
13280 697
13275 687
13271 665
.PEN_UP
.PEN_DOWN
13483 683
13473 680
13449 668
13434 639
13417 612
13372 511
13364 482
13362 453
13365 426
13372 396
13386 373
13407 356
.PEN_UP
.PEN_DOWN
13602 466
13592 468
13580 466
13570 461
13551 451
13506 381
13495 361
13490 341
13493 324
13501 317
13513 322
13529 333
13548 349
13564 368
13576 393
13581 413
13578 407
13574 394
13573 380
13577 360
13585 344
13600 332
13621 333
.PEN_UP
.PEN_DOWN
13768 283
13778 290
13787 300
13797 309
13812 324
13854 375
13868 395
13881 421
13893 455
13904 496
13908 537
13905 561
13897 551
13886 529
13874 497
13858 451
13841 397
13825 339
13818 286
13824 250
13835 239
13849 246
13865 259
13885 277
13901 301
13913 333
13920 363
13920 387
13916 395
13910 388
13903 377
13905 362
13913 353
13926 344
13943 341
13963 344
13980 353
13983 360
13978 359
13972 351
13966 342
13961 328
13958 308
13963 290
13972 286
13980 294
13989 305
13993 317
13990 334
13986 356
13982 375
13977 381
13974 373
13976 359
13981 343
13993 335
14008 333
14027 340
14046 350
14057 355
14055 349
14050 337
14044 321
14037 302
14039 280
14047 276
14056 281
14066 294
14073 309
14074 328
14071 347
14066 351
14061 345
14061 334
14067 327
14078 330
14089 338
14102 348
14115 361
14125 382
14133 409
14141 442
14149 479
14156 516
14166 554
14175 587
14182 601
14185 589
14183 570
14178 535
14171 494
14162 448
14151 401
14142 362
14136 326
14132 295
14134 281
14141 287
14155 304
14174 330
14199 360
14222 387
14240 398
14248 391
14243 377
14236 364
14235 350
14241 332
14252 321
14270 314
14295 312
14323 316
14350 321
.PEN_UP
.PEN_DOWN
14538 287
14542 296
14547 306
14547 326
14547 345
14544 387
14543 402
14541 416
14541 417
14546 412
14556 407
14573 405
14593 402
14609 393
14617 379
14613 360
14610 338
14607 319
14605 298
14605 277
14610 263
14621 260
14638 265
14660 274
14683 286
14704 306
14720 330
14730 353
14732 376
14725 394
14714 398
14699 389
14684 372
14670 353
14661 326
14665 297
14674 277
14689 265
14707 267
14728 274
14749 285
14771 302
14793 325
14815 351
14832 375
14842 379
14849 374
14851 376
14846 381
14838 380
14825 374
14808 363
14792 347
14782 329
14781 309
14784 289
14792 272
14804 257
14821 247
14842 244
14866 246
14889 253
14913 266
14936 282
14950 303
14958 324
14954 341
14944 349
14932 344
14920 332
14908 313
14900 291
14901 266
14907 247
14918 239
14934 246
14952 258
14972 273
14992 293
15011 319
15024 332
15030 327
15030 315
15028 296
15028 276
15032 268
15038 272
15047 286
15060 304
15075 324
15090 344
15099 351
15103 344
15103 331
15103 315
15102 297
15105 283
15112 288
15122 297
15136 310
15152 331
15168 359
15185 396
15203 439
15219 486
15230 531
15235 570
15230 583
15222 569
15215 545
15206 516
15197 472
15189 417
15183 365
15182 316
15185 279
15193 261
15207 272
15227 291
15252 319
15277 353
15298 396
15318 442
15336 489
15346 534
15350 577
15348 613
15342 628
15331 611
15316 587
15298 546
15283 497
15268 432
15260 370
15261 322
15265 281
15273 267
15283 272
15297 284
15316 306
15334 334
15355 367
15366 390
15368 381
15364 365
15360 348
15356 326
15354 304
15357 281
15365 275
15378 282
15391 292
15406 308
15417 326
15423 335
15422 325
15419 309
15413 287
15403 258
15389 221
15373 185
15355 148
15334 116
15311 86
15283 58
15254 32
15227 7
15208 0
15211 15
15226 35
15250 65
15285 105
15327 150
15374 195
15418 232
15460 264
15497 291
15533 313
15563 331
.PEN_UP
.PEN_DOWN
14979 460
14989 460
14998 457
15030 452
15071 452
15242 467
15303 478
15370 494
.PEN_UP
.PEN_DOWN
15854 282
15854 291
15854 304
15854 316
15844 321
15803 328
15786 316
15769 294
15755 266
15750 234
15759 217
15774 225
15796 239
15822 259
15847 286
15871 320
15892 361
15912 406
15930 457
15944 508
15952 553
15948 585
15939 575
15926 552
15911 522
15893 478
15878 424
15868 365
15867 311
15872 272
15882 255
15895 260
15910 270
15929 284
15943 304
15945 324
15937 340
15927 341
15917 333
15906 321
15898 304
15894 285
15898 263
15908 246
15922 242
15943 250
15965 265
15987 285
16007 312
16024 342
16035 371
16042 397
16044 420
16044 426
16044 417
16044 399
16044 379
16045 352
16046 321
16046 295
16043 275
16034 270
16022 276
16012 278
16015 274
16023 271
16034 270
16051 274
16070 282
16090 294
16110 313
16129 332
16147 340
16162 349
16171 356
16166 362
16160 359
16152 351
16146 339
16141 325
16137 306
16138 284
16142 263
16152 249
16166 242
16184 244
16202 252
16220 264
16235 278
16246 297
16255 316
16260 337
16264 359
16262 379
16264 392
16270 395
16281 391
16295 385
16308 375
16315 360
16314 340
16309 319
16305 297
16308 278
16314 270
16325 277
16340 286
16356 300
16372 315
16383 329
16385 329
16384 317
16382 303
16382 286
16388 281
16398 286
16414 297
16436 313
16460 333
16482 359
16503 391
16521 428
16535 470
16546 514
16552 553
16553 584
16547 578
16538 557
16527 528
16514 484
16504 436
16495 381
16487 330
16481 285
16478 243
16484 224
16493 231
16504 245
16516 267
16528 293
16536 319
16543 338
16547 333
16551 324
16559 313
16573 309
16591 315
16612 325
16630 337
16639 353
16633 367
16624 365
16611 354
16601 340
16591 322
16589 301
16595 285
16610 280
16628 286
16653 295
16679 309
16704 329
16725 352
16725 366
16712 364
16698 352
16683 332
16669 308
16661 282
16667 265
16677 266
16691 275
16707 291
16727 318
16746 355
16766 400
16788 450
16808 502
16824 554
16835 598
16832 627
16824 616
16813 590
16800 549
16784 496
16769 432
16757 364
16757 309
16770 266
16789 239
16817 232
16850 237
.PEN_UP
.PEN_DOWN
16442 574
16432 574
16420 565
16415 555
16415 543
.PEN_UP
.PEN_DOWN
17034 282
17051 299
17061 323
17066 340
17071 350
17090 377
17092 365
17090 347
17088 325
17088 302
17094 289
17104 294
17121 305
17143 321
17167 342
17184 359
17190 363
17190 353
17187 339
17187 328
17189 323
17196 328
17208 337
17223 352
17239 370
17252 390
17258 394
17255 382
17251 361
17251 339
17254 311
17262 287
17274 277
17292 283
.PEN_UP
.PEN_DOWN
17110 555
17103 545
17093 538
17081 528
17088 516
.PEN_UP
.PEN_DOWN
17507 265
17512 287
17522 309
17529 321
17539 338
17575 398
17585 424
17595 455
17603 490
17602 508
17597 496
17590 476
17582 444
17575 401
17570 353
17575 313
17585 297
17601 307
17620 324
17641 347
17661 375
17678 415
17693 458
17705 503
17718 554
17730 601
17730 634
17724 624
17714 597
17700 563
17680 509
17657 446
17639 381
17630 326
17634 297
17641 304
17652 318
17664 340
17678 361
17688 358
17694 346
17698 333
17702 317
17712 300
17727 290
17748 293
17770 300
17788 311
17801 326
17803 343
17797 364
17786 375
17768 364
17751 344
17737 320
17733 297
17739 272
17757 269
17783 278
17814 291
17845 304
.PEN_UP
.PEN_DOWN
17380 426
17398 418
17412 416
17456 413
17498 413
17669 457
17715 474
17763 486
.PEN_UP
.PEN_DOWN
18053 516
18070 523
18097 535
18117 560
18136 577
18171 615
18166 609
18155 601
18140 591
18118 576
18093 565
18077 566
18080 574
18090 584
18102 593
18119 596
18136 590
18148 575
18147 556
18141 530
18131 494
18117 455
18099 413
18077 368
18054 329
18035 299
18030 290
18038 301
18054 322
18074 350
18104 391
18144 441
18183 494
18221 541
18239 562
18238 552
18230 530
18216 498
18201 466
18185 426
18172 387
18163 355
18155 324
18151 299
18146 277
18149 258
18157 251
18171 253
18187 259
18209 269
18228 283
18246 303
18260 326
18270 350
18266 370
18258 380
18244 374
18228 360
18208 337
18193 312
18182 280
18186 255
18194 241
18208 238
18225 244
18246 254
18268 269
18288 287
18302 308
18311 328
18308 332
18304 322
18297 307
18289 288
18290 271
18296 264
18307 270
18320 281
18338 294
18352 303
18353 301
18349 292
18347 280
18347 261
18353 249
18363 249
18376 256
18388 266
18396 280
18401 299
18404 320
18414 332
18429 341
18447 345
18471 347
.PEN_UP
.PEN_DOWN
18739 523
18736 533
18748 547
18775 557
18795 567
18822 595
18811 587
18793 579
18774 570
18750 565
18730 571
18725 580
18732 594
18747 608
18768 625
18791 639
18819 645
18841 642
18855 634
18862 622
18858 600
18848 569
18831 532
18810 487
18784 448
18758 410
18734 375
18711 344
18691 314
18685 293
18690 279
18700 277
18718 284
18738 297
18766 318
18796 347
18821 383
18849 428
18874 479
18899 535
18922 589
18935 638
18941 679
18937 692
18930 677
18918 649
18901 605
18880 550
18854 472
18825 388
18794 308
18763 232
18733 169
18706 120
18684 83
18666 62
18652 68
18649 84
18654 111
18668 151
18687 190
18714 231
18749 268
18780 297
18810 325
18837 347
18859 360
18869 363
18865 352
18858 335
18846 312
18842 286
18848 271
18857 272
18866 281
18873 296
18878 315
18875 338
18869 355
18864 355
18861 348
18865 337
18875 331
18890 332
18909 341
18928 353
18942 369
18950 391
18951 405
18952 405
18959 401
18968 394
18976 383
18983 367
18982 345
18977 323
18973 301
18978 286
18987 286
18998 293
19015 308
19036 332
19056 365
19078 408
19097 451
19110 496
19118 544
19121 585
19121 621
19119 630
19116 617
19111 592
19102 556
19090 500
19074 431
19056 364
19042 305
19035 265
19038 257
19047 271
19060 291
19079 313
19102 343
19121 372
19135 384
19141 380
19141 370
19138 356
19131 340
19118 323
19104 308
19103 294
19111 283
19125 274
19142 264
19166 261
.PEN_UP
.PEN_DOWN
19399 516
19407 525
19416 530
19431 540
19455 557
19515 610
19532 621
19545 620
19554 612
19559 598
19561 580
19569 562
19590 553
19623 558
19662 569
19703 583
19739 601
19769 623
.PEN_UP
.PEN_DOWN
19619 562
19611 525
19602 504
19594 477
19585 450
19559 368
19552 347
19544 329
19534 308
19523 289
19508 283
19492 285
19471 291
19450 299
19430 311
19414 329
19407 350
19412 369
19422 380
19434 384
19450 381
19470 378
.PEN_UP
.PEN_DOWN
19572 267
19582 274
19592 284
19602 301
19611 316
19649 373
19654 377
19651 369
19647 356
19640 336
19634 310
19628 283
19628 265
19633 271
19647 284
19665 302
19687 327
19712 353
19724 372
19726 371
19721 359
19717 345
19712 326
19707 307
19710 302
19716 306
19725 316
19735 330
19745 336
19745 332
19741 321
19739 307
19742 296
19751 301
19763 308
19779 322
19796 341
19804 350
19804 341
19801 328
19801 309
19805 292
19815 283
19828 289
19845 300
19860 315
19870 332
19871 351
19864 356
19854 348
19843 334
19835 316
19834 294
19840 275
19853 272
19870 281
19890 292
19911 306
19927 326
19939 349
19948 371
19954 382
19959 374
19962 364
19963 345
19963 324
19963 300
19958 279
19948 267
19934 271
19925 276
19930 281
19945 284
19968 286
20001 292
20048 302
20098 318
20146 337
.PEN_UP
.PEN_DOWN
19846 557
19836 540
19833 530
19833 521
19833 511
.PEN_UP
.PEN_DOWN
20367 367
20367 377
20353 374
20338 365
20328 355
20282 289
20272 272
20269 255
20274 248
20283 254
20297 264
20315 281
20334 304
20348 327
20357 339
20362 335
20362 323
20360 305
20359 285
20362 267
20369 266
20382 275
20397 286
20413 299
20424 316
20431 339
20437 362
20440 382
20443 386
20447 376
20449 362
20451 345
20454 325
20456 303
20454 284
20445 271
20432 270
20423 278
20432 283
20448 287
20475 291
20507 296
20544 305
20581 319
.PEN_UP
.PEN_DOWN
20784 343
20794 352
20801 365
20801 379
20784 379
20745 347
20730 328
20714 303
20701 275
20701 251
20712 245
20725 252
20746 268
20767 288
20790 310
20806 337
20813 343
20812 333
20810 319
20811 303
20817 285
20829 272
.PEN_UP
.PEN_DOWN
21020 555
21020 545
21020 536
21020 521
21015 506
.PEN_UP
.PEN_DOWN
21071 575
21069 560
21066 543
21061 524
21061 504
.PEN_UP
.PEN_DOWN
21069 248
21078 258
21093 287
21103 302
21112 314
21140 304
21143 287
21143 265
21143 246
21144 239
21151 246
21162 259
21176 277
21192 296
21203 314
21210 312
21214 301
21216 287
21219 269
21227 251
21239 245
21257 251
21278 262
21294 277
21299 280
21294 270
21290 255
21288 234
21290 212
21297 191
21309 185
21323 192
21339 205
21349 219
21351 239
21346 263
21339 284
21329 303
21325 308
21330 308
21338 306
21352 305
21369 304
21387 298
21399 286
21400 266
21396 240
21395 223
21398 221
21406 229
21419 242
21436 259
21454 281
21468 297
21476 296
21475 287
21473 274
21471 256
21474 236
21482 226
21494 229
21513 238
21533 256
21552 279
21570 309
21586 346
21603 389
21620 438
21633 487
21637 530
21631 541
21621 524
21612 494
21603 454
21593 393
21586 317
21579 241
21573 165
21572 99
21574 48
21576 13
21580 13
21586 27
21594 46
21601 81
21607 124
21608 177
21605 226
21603 255
21604 264
21612 260
21625 259
21641 263
21660 271
21672 281
21680 277
21683 269
21683 258
21683 245
21690 233
21701 234
21716 242
21735 253
21749 270
21760 290
21772 309
21781 312
21786 314
21786 320
21780 317
21773 312
21764 302
21755 289
21749 268
21744 246
21747 224
21758 212
21773 217
21792 229
21811 246
21831 273
21853 307
21876 348
21901 393
21923 441
21938 489
21947 529
21947 565
21942 579
21934 570
21923 549
21912 518
21901 479
21893 426
21888 375
21884 327
21883 286
21888 262
21897 261
21911 273
21929 291
21943 301
21950 293
21954 282
21954 270
21961 259
21973 257
21991 264
22011 275
22027 288
22039 303
22045 306
22043 299
22039 286
22036 270
22034 247
22038 228
22045 226
22055 234
22062 245
22065 261
22062 282
22059 303
22062 317
22068 323
22079 320
22090 311
22101 297
22105 278
22102 256
22101 241
22103 241
22109 248
22118 258
22134 276
22153 298
22171 317
22184 322
22192 310
22195 295
22195 278
22195 256
22198 237
22207 230
22221 232
22242 238
22267 244
.PEN_UP
.PEN_DOWN
22080 397
22068 382
22063 372
22059 363
22054 353
.PEN_UP
.PEN_DOWN
21827 472
21859 472
21893 477
21910 480
21954 485
22073 512
22109 519
.PEN_UP
.PEN_DOWN
21707 419
21693 406
21685 397
21678 387
21676 375
.PEN_UP
.PEN_DOWN
22485 241
22495 248
22510 277
22519 289
22529 314
22561 386
22570 410
22578 440
22583 475
22586 514
22584 545
22579 556
22572 542
22564 512
22553 464
22542 400
22533 328
22530 264
22533 214
22537 178
22546 165
22559 173
22577 187
22596 209
22609 235
22618 267
22622 296
22622 319
22620 322
22617 313
22618 301
22624 287
22634 274
22647 269
22664 275
22680 287
22691 301
22691 321
22685 331
22675 324
22664 310
22659 289
22663 262
22673 235
22685 220
22701 217
22721 223
22742 234
22761 250
22774 270
22782 292
22785 313
22785 332
22785 334
22785 324
22785 308
22785 288
22785 261
22782 236
22774 227
22765 228
22765 221
22771 217
22785 219
22802 227
22826 240
22855 263
22878 293
22895 327
22909 364
22918 402
22929 447
22941 497
22950 547
22953 589
22949 590
22941 570
22932 542
22924 498
22919 442
22921 380
22927 323
22938 279
.PEN_UP
.PEN_DOWN
22836 419
22866 424
22900 426
22931 428
22970 433
23081 458
23115 466
.PEN_UP
.PEN_DOWN
23173 216
23183 226
23197 243
23209 250
23222 275
23254 325
23260 342
23260 346
23258 334
23258 320
23261 301
23263 277
23263 251
23256 233
23244 225
23232 230
23224 232
23230 227
23242 220
23261 219
23282 222
23308 235
23334 252
23355 271
23372 295
23382 315
23378 335
23372 355
23360 356
23349 347
23340 331
23332 310
23330 282
23330 251
23336 228
23348 222
23367 230
23391 242
23416 262
23439 289
23462 326
23482 365
23500 409
23513 459
23520 510
23525 562
23522 601
23514 603
23505 587
23491 563
23477 524
23464 467
23452 400
23443 338
23441 286
23444 249
23451 230
23462 238
23477 254
23498 278
23519 315
23541 362
23563 418
23582 482
23592 543
23595 596
23592 624
23583 612
23571 589
23556 549
23539 505
23527 447
23517 384
23511 326
23513 272
23520 235
23531 221
23552 233
23577 254
23600 278
23616 304
23622 332
23619 355
23610 364
23597 354
23583 340
23568 320
23560 295
23563 265
23570 242
23581 228
23598 226
23617 231
23634 243
23651 259
23665 281
23678 306
23689 329
23697 337
23706 331
23711 322
23711 308
23708 289
23704 268
23703 245
23708 228
23718 221
23734 224
23758 232
23787 242
.PEN_UP
.PEN_DOWN
23912 589
23907 580
23902 570
23897 560
23892 548
.PEN_UP
.PEN_DOWN
23941 575
23931 558
23926 528
23924 516
23921 506
.PEN_UP
.PEN_DOWN
24041 614
24051 604
24058 594
24068 572
24075 545
24078 442
24075 397
24071 349
24066 303
24060 256
24055 219
24046 188
24030 158
24011 136
.PEN_UP
.PEN_DOWN
24138 243
24148 238
24150 226
24150 216
24150 204
24143 200
24140 210
24138 228
24142 247
.PEN_UP
