

.STYLE CURSIVE
.COMMENT previously: .WRITER_ID wcdr.113
.WRITER_ID wcd
.HAND R
.SEX M

.PEN_DOWN
12 720
2 720
0 730
12 745
39 759
99 794
114 804
132 807
148 801
161 792
171 778
181 763
198 749
221 744
250 747
282 754
315 766
346 784
376 808
389 833
382 853
.PEN_UP
.PEN_DOWN
219 720
217 711
217 696
212 672
207 647
189 559
181 531
170 502
157 473
141 441
125 415
109 394
91 382
73 385
56 394
40 407
27 426
19 448
21 466
28 477
40 482
60 482
.PEN_UP
.PEN_DOWN
249 423
251 433
256 442
263 452
273 469
311 539
325 565
342 605
358 649
370 698
377 743
377 777
371 788
361 775
346 749
330 714
312 667
298 609
288 558
282 512
282 481
288 476
299 485
314 498
327 500
337 495
346 487
357 477
372 470
391 473
412 483
427 498
432 516
424 521
410 513
398 499
391 480
397 460
409 441
430 435
455 440
.PEN_UP
.PEN_DOWN
795 535
795 545
795 557
785 562
775 562
741 533
736 521
732 505
731 486
736 469
747 466
761 476
777 489
793 495
803 489
809 475
811 451
809 413
805 368
798 320
790 280
777 247
763 218
746 195
727 188
713 193
703 209
699 228
701 254
707 284
718 310
739 339
764 366
791 393
819 422
843 448
866 473
888 495
901 515
898 526
890 520
882 513
871 501
861 483
851 462
845 438
850 417
861 410
874 415
888 428
902 444
904 462
900 485
895 504
899 517
907 525
921 530
938 526
952 520
955 507
952 489
949 468
947 446
950 433
959 434
970 441
983 453
995 471
1003 494
1009 521
1011 542
1011 547
1015 542
1023 534
1038 528
1057 523
1076 527
1088 535
1083 543
1074 539
1064 529
1057 515
1053 497
1055 474
1061 451
1073 439
1087 442
1103 450
1117 462
1124 478
1128 496
1129 517
1129 538
1132 555
1140 567
1154 568
1172 565
1188 557
1193 540
1188 518
1185 493
1187 471
1195 468
1207 475
1221 486
1242 501
1261 509
1275 505
1283 498
1280 485
1283 479
1289 484
1297 495
1310 509
1324 528
1338 540
1346 536
1349 528
1351 516
1351 501
1351 483
1353 463
1361 452
1373 456
1392 464
1414 478
1434 499
1453 522
1469 538
1477 533
1481 524
1481 510
1481 504
1488 511
1501 523
1519 539
1540 556
1552 561
1555 553
1553 540
1550 524
1547 504
1546 493
1551 499
1559 506
1570 521
1584 536
1597 537
1607 529
1611 518
1615 505
1622 491
1635 476
1655 475
1673 483
1690 493
1703 506
1706 524
1701 529
1694 524
1685 515
1676 501
1669 481
1667 459
1671 439
1681 429
1693 435
1709 446
1724 460
1737 478
1749 495
1756 498
1759 491
1759 479
1759 468
1762 465
1769 471
1781 482
1795 495
1807 508
1817 513
1820 507
1819 494
1819 477
1825 463
1836 460
1852 468
1868 482
1883 502
1894 534
1902 573
1909 617
1915 660
1918 700
1918 730
1915 734
1910 721
1907 699
1904 669
1906 627
1910 580
1922 535
1942 497
1967 467
1995 442
2012 424
.PEN_UP
.PEN_DOWN
1709 640
1755 640
1797 640
1846 640
1899 640
2068 646
.PEN_UP
.PEN_DOWN
2255 462
2255 452
2255 435
2258 416
2267 394
2280 318
2279 295
2276 272
2272 247
2261 231
2246 238
2230 252
2214 275
2205 309
2205 354
2210 406
2218 453
2230 495
2246 526
2265 541
2282 538
2297 528
2307 511
2312 492
2314 471
2314 447
2308 428
2296 413
2279 411
2262 418
2252 425
2258 426
2268 421
2284 420
2302 421
2325 427
2345 437
2357 452
2366 473
2369 496
2367 518
2364 540
2360 551
2362 548
2370 543
2383 540
2398 533
2414 522
2420 506
2425 487
2434 472
2448 471
2465 479
2483 490
2496 504
2493 520
2485 524
2477 519
2470 509
2465 494
2464 476
2467 455
2476 445
2492 450
2515 459
2540 472
2565 489
2585 508
2588 518
2583 511
2575 502
2566 488
2558 470
2552 450
2556 440
2564 445
2575 457
2589 475
2607 499
2625 530
2640 567
2652 606
2662 645
2671 680
2671 702
2666 695
2657 677
2646 649
2633 614
2623 576
2617 535
2616 500
2618 471
2627 459
2641 464
2655 473
2669 487
2676 498
2678 498
2680 490
2680 479
2685 468
2696 461
2710 468
2729 479
2748 489
2754 489
2747 480
2738 466
2733 450
2741 434
2752 431
2768 441
2788 454
2808 474
2826 504
2843 545
2858 591
2873 637
2883 680
2889 713
2886 727
2883 718
2877 698
2871 669
2864 634
2858 587
2855 544
2855 503
2859 474
2867 465
2879 474
2894 490
2909 508
2920 528
2929 547
2936 549
2942 541
2951 530
2956 516
2951 499
2940 482
2924 469
2905 463
2893 463
2903 464
2918 464
2948 464
2985 467
3030 473
3075 482
.PEN_UP
.PEN_DOWN
2721 618
2753 618
2792 618
2831 618
2865 618
2999 619
3039 621
3079 623
.PEN_UP
.PEN_DOWN
2770 793
2750 784
2740 774
2731 767
.PEN_UP
.PEN_DOWN
3250 428
3260 435
3270 445
3279 457
3301 486
3356 553
3370 580
3382 615
3390 649
3392 683
3387 697
3381 684
3372 661
3364 630
3357 588
3354 544
3357 506
3367 478
3382 475
3400 489
3421 512
3437 538
3450 576
3462 626
3471 678
3479 729
3487 774
3487 793
3484 781
3477 759
3466 720
3453 674
3440 618
3432 567
3427 528
3426 499
3427 482
3430 484
3438 492
3450 506
3462 520
3472 520
3479 509
3483 493
3493 479
3512 473
3536 476
3563 482
3578 490
3575 495
3567 493
3556 486
3542 474
3539 460
3547 451
3557 451
3562 445
3564 434
3570 423
3580 420
3596 429
3617 446
3639 471
3659 502
3678 543
3696 594
3711 649
3725 707
3736 759
3733 783
3724 768
3712 744
3695 703
3679 657
3670 599
3674 544
3681 500
3695 460
3712 435
.PEN_UP
.PEN_DOWN
3572 581
3589 581
3623 584
3648 589
3682 593
3792 622
.PEN_UP
.PEN_DOWN
3235 586
3226 591
3238 593
3270 596
3284 598
3377 623
3411 635
.PEN_UP
.PEN_DOWN
4033 518
4033 530
4043 542
4050 554
4038 554
3996 560
3982 553
3966 539
3946 517
3925 488
3909 457
3907 431
3917 418
3930 421
3944 429
3960 441
3974 459
3986 481
3997 506
4005 523
4006 523
4003 513
4000 501
3998 482
3994 463
3992 441
3994 424
4002 423
4012 431
4026 443
4043 457
4059 477
4075 500
4091 519
4105 524
4115 517
4120 506
4119 493
4117 480
4119 476
4125 481
4135 492
4146 507
4159 514
4167 507
4172 495
4174 480
4172 460
4175 442
4181 430
4192 430
4205 437
4225 449
4243 466
4265 490
4290 518
4310 541
4323 552
4328 545
4328 534
4328 521
4325 502
4321 481
4321 473
4323 479
4330 492
4342 510
4357 530
4375 551
4389 559
4398 554
4401 543
4400 527
4397 509
4396 486
4400 470
4406 470
4417 480
4430 491
4444 508
4457 528
4463 539
4460 532
4457 521
4452 505
4448 488
4445 468
4448 453
4456 452
4467 460
4478 471
4492 487
4503 507
4508 524
4507 529
4505 521
4502 509
4502 493
4506 476
4513 462
4524 461
4540 468
4557 476
4576 490
4594 506
4605 512
4599 507
4591 499
4578 487
4564 472
4556 454
4560 446
4567 450
4577 456
4585 467
4594 476
4602 473
4605 464
4609 453
4615 446
4626 452
4640 460
4658 477
4675 502
4693 536
4713 579
4732 621
4752 665
4770 705
4783 742
4781 768
4773 761
4761 742
4743 714
4722 668
4700 613
4688 554
4695 502
4705 464
4720 439
4739 429
4763 432
.PEN_UP
.PEN_DOWN
5067 579
5057 589
5045 589
5035 589
5023 589
4990 549
4982 537
4975 519
4969 498
4972 476
4979 458
4990 459
5003 469
5015 479
5022 494
5020 512
5014 529
5007 534
5001 528
5005 518
5014 511
5027 514
5044 524
5063 538
5077 546
5080 545
5079 536
5079 523
5079 507
5079 487
5083 477
5094 485
5107 494
5121 509
5130 523
5133 527
5136 522
5136 510
5137 496
5143 484
5155 482
5171 490
5191 507
5209 528
5222 557
5233 595
5240 631
5244 666
5246 697
5245 719
5241 725
5237 718
5232 702
5226 679
5221 650
5215 611
5210 573
5207 540
5207 510
5213 490
5223 478
5239 469
5257 471
5277 477
5298 488
5319 507
5341 535
5363 573
5383 615
5400 660
5413 707
5420 748
5418 785
5413 804
5405 792
5396 769
5384 729
5369 675
5353 608
5334 535
5316 462
5300 398
5288 337
5281 289
5278 254
5279 236
5283 245
5289 260
5298 282
5308 313
5316 350
5321 388
5325 424
5330 451
5339 468
5352 469
5370 467
5392 470
5414 476
5438 487
5458 506
5475 530
5489 558
5500 587
5510 620
5518 658
5525 696
5528 734
5528 764
5525 775
5519 765
5510 742
5499 713
5487 676
5476 628
5466 582
5460 537
5459 497
5464 465
5473 447
5487 444
5505 451
5523 461
5540 476
5555 495
5559 507
5554 502
5547 492
5539 477
5533 456
5530 432
5535 413
5546 409
5560 417
5576 428
5589 441
5597 459
5599 482
5596 507
5591 532
5582 549
5571 544
5565 533
5571 521
5581 510
5597 508
5616 512
5634 518
5644 516
5644 510
5642 501
5644 487
5651 479
5664 484
5678 492
5694 506
5706 524
5709 538
5706 537
5701 525
5697 512
5698 496
5706 479
5717 465
5730 464
5745 472
5755 483
5762 501
5769 526
5773 554
5780 575
5790 586
5803 582
5819 573
5835 572
5848 576
5859 583
5871 594
5880 610
5889 623
5897 624
5903 616
5910 604
5914 588
5917 567
5917 542
5914 519
5908 497
5897 476
5881 462
5864 464
5848 470
5844 471
5846 466
5852 459
5864 451
5887 444
5921 446
5960 452
6001 459
6039 470
6070 479
.PEN_UP
.PEN_DOWN
5054 637
5064 630
5089 625
5113 623
5123 623
5214 628
5248 633
.PEN_UP
.PEN_DOWN
6293 591
6288 574
6286 562
6276 547
6266 533
6254 482
6263 485
6276 494
6288 501
6299 496
6305 486
6305 474
6311 460
6323 452
6337 457
6354 466
6365 481
6370 501
6373 525
6374 550
6375 565
6376 563
6379 554
6387 544
6403 539
6422 545
6442 554
6458 566
6466 566
6469 560
6469 549
6469 535
6469 520
6468 499
6470 481
6477 474
6490 480
6508 492
6529 510
6549 535
6567 569
6582 607
6597 651
6611 698
6625 744
6635 785
6634 810
6628 808
6622 794
6611 771
6597 735
6582 686
6569 632
6561 582
6564 539
6568 508
6572 482
6580 464
6592 463
6610 476
6634 493
6661 519
6690 557
6717 604
6742 662
6764 721
6779 777
6784 823
6780 858
6769 867
6756 852
6736 823
6711 783
6688 725
6666 657
6660 594
6666 541
6678 503
6699 480
6722 471
6749 476
.PEN_UP
.PEN_DOWN
6490 740
6478 732
6466 720
6464 706
.PEN_UP
.PEN_DOWN
7062 338
7072 338
7089 348
7104 357
7123 375
7172 449
7188 472
7204 501
7223 536
7237 577
7244 616
7241 651
7237 682
7227 701
7213 705
7194 693
7173 674
7153 645
7138 603
7128 556
7126 509
7131 469
7138 437
7148 411
7161 390
7178 380
7197 385
7217 392
7235 404
7250 419
7263 434
7273 452
7278 467
7274 470
7267 464
7261 453
7256 439
7255 423
7260 404
7270 392
7284 395
7302 406
7323 419
7344 439
7362 460
7377 481
7387 491
7392 484
7394 474
7394 458
7394 442
7394 420
7394 396
7398 386
7405 390
7413 397
7423 409
7430 425
7434 446
7437 470
7440 485
7443 484
7451 476
7463 468
7480 462
7501 467
7521 477
7534 492
7534 506
7525 508
7516 501
7506 489
7498 469
7494 444
7496 416
7503 391
7514 380
7530 383
7550 394
7569 413
7587 440
7602 474
7615 513
7628 554
7637 599
7645 646
7649 692
7648 732
7641 757
7627 747
7609 722
7587 684
7570 636
7564 582
7571 531
7587 491
7610 463
7641 441
7678 428
.PEN_UP
.PEN_DOWN
7962 492
7962 506
7962 518
7950 513
7940 504
7894 433
7886 417
7885 399
7890 385
7903 383
7918 392
7934 404
7948 418
7953 438
7955 460
7953 473
7952 469
7953 460
7959 453
7970 457
7987 468
8009 485
8031 510
8053 545
8070 586
8083 632
8090 678
8090 719
8084 738
8073 727
8057 706
8037 666
8016 611
7999 536
7988 456
7982 382
7981 322
7982 282
7983 270
7985 284
7988 309
7993 340
8000 383
8009 429
8017 468
8022 489
8026 486
8031 476
8041 466
8056 461
8077 465
8101 476
8127 497
8153 525
8177 564
8198 606
8213 649
8222 695
8228 739
8228 780
8222 796
8213 780
8200 756
8183 716
8164 660
8146 584
8129 504
8113 425
8101 351
8091 287
8082 234
8074 213
8069 229
8071 255
8075 290
8082 331
8088 377
8093 412
8102 431
8114 438
8134 440
8161 445
.PEN_UP
.PEN_DOWN
8501 513
8498 526
8489 526
8476 523
8467 518
8431 463
8422 442
8417 422
8414 400
8419 377
8430 369
8444 374
8458 382
8470 395
8478 413
8483 434
8487 457
8489 480
8491 495
8500 504
8514 507
8533 504
8549 496
8559 483
8559 465
8555 444
8549 422
8547 400
8552 384
8558 384
8567 391
8577 402
8586 416
8593 438
8599 463
8602 484
8605 492
8607 487
8614 478
8626 469
8643 465
8663 470
8682 479
8696 492
8696 507
8689 514
8682 508
8675 497
8668 478
8662 458
8663 433
8671 413
8683 404
8699 409
8715 418
8728 432
8736 449
8740 470
8742 491
8742 512
8743 530
8747 536
8752 529
8760 517
8767 502
8773 485
8777 461
8775 437
8773 412
8776 390
8783 383
8794 384
.PEN_UP
.PEN_DOWN
9059 411
9069 421
9081 435
9096 455
9110 472
9143 531
9157 556
9171 586
9182 622
9189 661
9187 693
9179 706
9166 694
9151 671
9135 640
9123 596
9116 542
9117 493
9122 448
9131 418
9146 413
9165 425
9187 448
9209 476
9231 518
9253 571
9274 626
9291 684
9303 740
9309 785
9307 817
9299 810
9284 786
9266 749
9245 700
9224 644
9210 582
9201 526
9196 478
9197 442
9203 431
9214 441
9227 458
9242 477
9252 495
9256 495
9253 483
9252 466
9254 446
9263 427
9278 414
9298 413
9322 417
9341 425
9349 439
9345 454
9337 467
9325 466
9310 457
9295 438
9288 413
9298 389
9319 375
9346 381
9378 389
9412 398
9429 409
.PEN_UP
.PEN_DOWN
8927 618
8937 609
8957 604
8991 604
9020 604
9135 637
9173 653
9214 667
.PEN_UP
.PEN_DOWN
9554 401
9559 411
9576 423
9586 431
9593 440
9624 479
9638 494
9655 510
9670 513
9678 505
9676 493
9670 480
9665 463
9660 445
9661 440
9666 444
9675 455
9685 470
9699 488
9712 509
9723 524
9732 520
9736 511
9739 499
9739 481
9742 463
9751 446
9766 441
9786 447
9806 460
9821 475
9830 494
9825 508
9816 508
9803 498
9786 482
9769 462
9760 438
9765 414
9777 399
9792 401
9810 412
9829 424
9845 442
9860 463
9874 480
9888 486
9900 479
9911 468
9921 454
9931 436
9945 419
9960 412
9977 417
9993 427
10007 444
10020 471
10031 506
10046 551
10061 603
10074 656
10086 710
10094 757
10094 792
10090 802
10083 791
10076 767
10068 733
10061 688
10056 630
10053 574
10057 523
10065 476
10076 440
10090 411
10106 400
.PEN_UP
.PEN_DOWN
9891 691
9920 691
9954 691
9973 691
10005 691
10146 702
10193 710
10239 717
.PEN_UP
.PEN_DOWN
9959 533
9947 518
9937 487
9927 465
9910 440
9875 374
9869 356
9864 337
.PEN_UP
.PEN_DOWN
10317 431
10317 421
10329 418
10339 418
10349 423
10400 483
10417 513
10435 545
10455 583
10476 624
10490 664
10496 702
10493 737
10487 758
10479 754
10464 737
10445 706
10422 653
10398 583
10379 507
10364 432
10356 368
10356 320
10358 282
10364 274
10372 284
10383 301
10393 319
10400 344
10405 377
10407 411
10410 443
10414 466
10421 471
10431 462
10446 453
10465 449
10487 453
10511 463
10533 477
10539 497
10534 514
10523 519
10511 509
10499 496
10488 479
10483 459
10485 437
10494 418
10511 417
10530 425
10553 436
10574 448
10587 465
10597 484
10596 490
10592 485
10588 475
10586 461
10586 443
10591 436
10600 443
10611 451
10622 455
10625 449
10627 440
10629 428
10638 418
10652 422
10670 431
10685 442
10694 460
10698 480
10695 498
10695 502
10702 499
10714 502
10732 508
10755 514
.PEN_UP
.PEN_DOWN
10854 399
10861 409
10871 418
10880 428
10890 438
10930 494
10943 507
10956 508
10966 503
10973 494
10976 480
10976 463
10982 454
10992 458
11005 466
11019 482
11027 503
11031 527
11033 552
11034 562
11034 553
11034 539
11033 516
11030 485
11025 441
11019 397
11011 352
11002 310
10992 273
10978 241
10962 219
10943 219
10927 233
10918 253
10921 282
10928 311
10939 342
10953 368
10970 388
10991 403
11013 413
11038 421
11062 428
11086 440
11106 457
11122 476
11131 498
11127 517
11119 521
11107 514
11094 500
11081 482
11071 459
11065 432
11065 406
11072 386
11084 376
11100 381
11120 390
11141 404
11161 423
11177 445
11191 466
11196 474
11193 466
11189 455
11182 442
11175 426
11166 408
11165 404
11171 411
11178 423
11185 438
11191 455
11194 465
11192 462
11191 455
11192 442
11197 430
11206 430
11217 437
11228 447
11235 459
11237 475
11239 497
11243 508
11255 513
11269 507
11283 496
11285 480
11280 460
11283 438
11290 427
11299 432
11313 442
11330 459
11344 483
11357 514
11368 549
11379 578
11387 591
11394 583
11397 569
11401 551
11405 532
11409 510
11409 488
11403 471
11389 460
11370 457
11348 460
11331 457
11342 454
11364 453
11392 455
11428 460
11474 469
11513 481
.PEN_UP
.PEN_DOWN
11800 506
11802 516
11802 528
11792 533
11775 533
11736 518
11727 505
11716 486
11707 461
11707 434
11714 419
11723 424
11733 432
11746 447
11758 466
11769 486
11775 493
11777 485
11778 469
11778 452
11781 435
11788 428
11798 436
11813 452
11829 477
11844 511
11862 556
11879 606
11896 661
11910 712
11919 755
11916 781
11907 769
11894 745
11879 711
11863 666
11851 606
11855 547
11864 494
11877 450
11893 432
.PEN_UP
.PEN_DOWN
11690 650
11702 650
11729 650
11756 650
11785 652
11874 668
11913 674
11955 682
.PEN_UP
.PEN_DOWN
12143 538
12131 545
12122 545
12112 538
12102 528
12060 471
12052 452
12053 435
12060 430
12071 435
12087 444
12103 456
12116 471
12123 481
12125 474
12124 463
12124 447
12124 428
12130 420
12141 424
12154 431
12170 443
12181 462
12188 484
12195 512
12201 542
12211 562
12223 567
12234 556
12245 543
12253 528
12259 507
12264 484
12261 465
12254 452
12241 447
12226 447
12208 447
12204 445
12213 443
12232 442
12257 441
12292 443
12331 447
12364 451
.PEN_UP
.PEN_DOWN
12521 414
12531 433
12541 453
12551 470
12575 492
12614 539
12622 543
12625 537
12622 524
12618 507
12614 484
12611 465
12613 465
12617 473
12627 489
12642 508
12660 526
12673 533
12676 526
12673 516
12666 499
12659 477
12653 455
12656 447
12663 453
12673 467
12684 486
12696 510
12708 530
12714 533
12717 526
12715 516
12714 502
12713 483
12715 465
12722 462
12731 470
12743 484
12755 502
12762 521
12768 529
12770 522
12770 509
12770 492
12770 470
12771 443
12777 430
12786 430
12800 439
12814 451
12826 469
12833 493
12838 518
12836 532
12835 528
12833 518
12832 505
12831 487
12832 468
12837 450
12847 446
12861 453
12877 464
12890 477
12902 495
12911 516
12920 526
12932 530
12942 525
12954 517
12954 518
12949 522
12937 528
12920 533
12899 530
12881 521
12868 510
12862 491
12862 466
12865 438
12874 411
12889 388
12909 372
12932 370
12956 377
12976 389
12996 407
13014 431
13032 462
13049 499
13066 539
13082 588
13097 641
13109 690
13118 737
13119 769
13113 772
13107 756
13097 730
13086 692
13074 643
13061 587
13049 533
13041 486
13035 445
13033 421
13036 426
13041 440
13050 455
13060 466
13069 458
13077 447
13084 432
13095 417
13109 405
13128 396
.PEN_UP
.PEN_DOWN
13409 509
13397 516
13380 516
13363 509
13353 504
13316 466
13308 453
13304 437
13306 419
13313 410
13326 416
13344 425
13366 440
13386 457
13396 466
13398 461
13396 453
13396 440
13399 426
13408 416
13422 423
13440 432
13459 446
13474 462
13483 479
13490 501
13495 521
13502 532
13509 525
13518 516
13526 498
13532 476
13536 453
13534 427
13526 407
13512 393
13492 391
13466 393
13459 391
13470 389
13489 386
13518 387
13553 391
.PEN_UP
.PEN_DOWN
14116 647
14106 647
14091 647
14081 647
14072 647
14030 615
14012 593
13993 563
13974 526
13958 487
13949 452
13949 420
13954 393
13965 368
13983 352
14007 349
14035 355
14061 363
14084 375
14106 393
14121 415
14123 440
14115 464
14101 484
14080 495
14052 493
14019 486
13991 474
13969 459
.PEN_UP
.PEN_DOWN
14276 612
14262 610
14247 598
14240 588
14233 569
14212 498
14206 472
14202 442
14204 406
14210 371
14224 350
14245 361
14268 378
14291 401
14308 430
14317 465
14322 504
14321 541
14316 573
14308 598
.PEN_UP
.PEN_DOWN
14376 325
14379 310
14379 300
14379 291
14374 281
.PEN_UP
.PEN_DOWN
14586 632
14576 632
14567 632
14550 625
14532 615
14480 536
14469 505
14465 464
14470 421
14482 379
14500 352
14523 344
14552 353
14578 369
14599 392
14613 423
14617 460
14614 497
14606 533
14598 564
.PEN_UP
.PEN_DOWN
14774 630
14764 632
14749 632
14740 630
14730 622
14680 559
14670 531
14667 497
14669 461
14675 425
14687 398
14704 381
14726 385
14747 399
14765 417
14779 446
14787 480
14787 517
14781 555
14774 585
.PEN_UP
.PEN_DOWN
14935 600
14920 610
14908 612
14898 612
14886 612
14841 584
14830 565
14820 538
14817 505
14821 471
14831 438
14844 413
14861 398
14885 402
14912 416
14939 438
14961 468
14977 504
14979 543
14973 577
.PEN_UP
.PEN_DOWN
15130 471
15140 471
15159 471
15179 471
15196 471
.PEN_UP
.PEN_DOWN
15496 488
15505 498
15508 510
15505 520
15493 522
15444 490
15430 477
15413 457
15395 432
15380 404
15376 378
15382 359
15394 356
15408 362
15426 373
15444 388
15458 409
15468 434
15476 460
15482 480
15482 482
15479 473
15477 459
15475 443
15476 424
15481 404
15493 387
15510 378
.PEN_UP
.PEN_DOWN
15752 376
15761 378
15771 383
15783 388
15798 400
15827 443
15833 460
15838 478
15841 493
15841 498
15842 490
15842 472
15842 444
15840 404
15837 355
15832 309
15825 265
15819 227
15813 194
15804 166
15794 169
15785 185
15781 211
15784 251
15791 297
15801 349
15816 399
15834 440
15856 476
15877 504
15898 510
15915 504
15926 492
15931 474
15931 452
15926 426
15917 400
15901 381
15881 376
15863 383
15856 385
15862 381
15874 375
15889 372
15907 375
15932 382
15952 395
15966 412
15975 434
15978 457
15978 478
15977 501
15977 522
15980 531
15987 529
15998 521
16012 509
16024 493
16029 472
16029 449
16030 426
16034 406
16043 398
16057 403
16077 413
16096 427
16114 441
16123 447
16122 442
16119 433
16114 418
16110 401
16108 379
16114 360
16124 354
16137 361
16151 373
16161 390
16161 412
16157 438
16152 462
16146 473
16144 468
16149 463
16157 457
16170 456
16189 460
16212 466
16235 474
16253 486
16264 498
16270 498
16273 492
16275 482
16276 466
16278 445
16278 417
16278 383
16277 348
16276 313
16273 276
16267 246
16257 220
16244 195
16228 178
16212 176
16199 186
16190 202
16186 224
16186 250
16187 280
16193 304
16206 326
16225 346
16248 362
16273 376
16296 390
16317 406
16339 423
16354 442
16363 462
16365 482
16359 499
16350 502
16338 495
16327 482
16317 466
16313 444
16318 420
16327 401
16340 396
16360 402
16382 411
16406 423
16433 439
16455 453
16463 458
16457 454
16449 444
16440 428
16440 409
16446 389
16455 380
16468 385
16485 394
16504 405
16522 419
16537 439
16548 462
16559 487
16568 517
16579 548
16591 579
16601 612
16608 639
16612 651
16612 643
16610 627
16604 603
16595 570
16584 532
16575 498
16573 466
16575 441
16583 423
16595 420
16609 428
16625 441
16638 456
16650 464
16654 455
16656 446
16656 432
16656 418
16663 407
16678 409
16695 418
16713 428
16726 444
16722 451
16717 443
16712 432
16709 417
16708 399
16712 380
16721 378
16733 383
16745 394
16754 409
16759 427
16758 452
16758 475
16764 491
16776 501
16792 503
16812 503
16834 503
16853 501
16872 495
16879 482
16875 464
16869 444
16861 423
16856 403
16861 392
16870 397
16886 408
16907 425
16933 447
16960 472
16978 489
16985 488
16985 479
16984 465
16987 445
17000 421
17021 399
17051 387
17086 384
17120 388
17148 394
.PEN_UP
.PEN_DOWN
16754 573
16744 573
16734 573
16722 561
16715 547
.PEN_UP
.PEN_DOWN
16400 571
16425 571
16439 573
16464 573
16493 573
16631 584
16676 589
16728 596
16780 602
.PEN_UP
.PEN_DOWN
16266 661
16256 656
16247 651
.PEN_UP
.PEN_DOWN
17293 344
17288 330
17288 320
17297 320
17314 332
17354 393
17370 416
17389 446
17410 486
17431 533
17446 579
17458 623
17465 664
17470 696
17468 706
17464 695
17457 675
17446 641
17434 595
17421 537
17410 478
17404 429
17401 388
17403 357
17409 337
17421 336
17438 346
17460 362
17486 390
17511 427
17537 476
17560 530
17581 582
17596 634
17606 677
17608 710
17602 719
17592 705
17577 679
17557 640
17533 583
17510 518
17493 454
17487 404
17492 373
17499 368
17509 381
17521 398
17533 415
17543 420
17549 409
17552 395
17555 380
17566 367
17582 361
17603 366
17625 374
17642 386
17659 403
17662 420
17656 421
17645 411
17632 397
17621 380
17621 362
17630 355
17642 360
17656 368
17669 380
17681 396
17689 413
17688 410
17683 399
17677 385
17673 369
17676 352
17683 346
17694 352
17709 366
17728 385
17746 413
17766 453
17783 497
17799 548
17817 605
17834 667
17853 724
17858 762
17850 748
17836 718
17817 669
17799 612
17784 547
17788 480
17800 430
17821 389
17847 362
17873 351
17896 356
17902 365
.PEN_UP
.PEN_DOWN
17653 566
17675 556
17702 554
17727 552
17753 552
17855 569
17889 578
17929 590
.PEN_UP
.PEN_DOWN
17268 593
17268 583
17283 578
17312 578
17339 578
17425 598
17456 609
17493 618
.PEN_UP
.PEN_DOWN
18039 344
18048 352
18058 356
18065 366
18083 381
18105 419
18113 433
18124 447
18132 458
18137 452
18136 439
18134 424
18132 404
18134 385
18142 371
18155 367
18171 372
18189 382
18205 398
18219 421
18230 451
18242 485
18250 506
18259 501
18266 488
18271 468
18275 441
18277 413
18278 383
18275 361
18266 346
18252 345
18233 352
18220 360
18228 363
18240 363
18260 363
18289 364
18327 368
18367 373
18401 381
.PEN_UP
.PEN_DOWN
18190 693
18175 688
18165 683
18156 676
18153 666
.PEN_UP
.PEN_DOWN
18646 483
18646 495
18651 505
18658 522
18660 532
18625 476
18612 451
18596 423
18584 393
18581 364
18589 345
18600 345
18614 356
18632 370
18650 388
18663 406
18673 412
18677 407
18680 398
18684 385
18691 376
18705 376
18722 386
18741 401
18756 422
18766 448
18772 478
18773 500
18774 509
18775 503
18781 494
18792 489
18808 489
18829 491
18846 499
18860 504
18864 499
18862 491
18859 480
18854 464
18854 442
18859 421
18869 406
18884 403
18905 409
18931 420
18958 436
18983 456
19008 479
19028 500
19033 509
19028 509
19017 503
19004 493
18985 476
18962 455
18943 428
18928 401
18930 377
18938 364
18949 365
18965 375
18984 395
19006 423
19028 459
19048 502
19064 543
19080 588
19093 635
19104 677
19110 715
19106 733
19098 723
19088 707
19076 676
19062 637
19052 587
19045 539
19042 497
19043 465
19049 440
19060 419
19077 406
19098 403
19119 409
19141 418
19161 434
19179 454
19191 478
19186 502
19174 518
19158 519
19140 508
19121 492
19106 468
19099 440
19103 411
19111 390
19123 378
19139 374
19161 379
19183 389
19207 408
19231 437
19254 477
19276 523
19295 574
19309 631
19319 690
19324 744
19320 787
19309 805
19293 795
19274 776
19251 743
19234 698
19222 637
19214 574
19214 518
19219 471
19226 438
19237 417
19252 420
19270 432
19288 448
19303 469
19314 492
19323 506
19329 507
19338 509
19346 506
19350 498
19353 485
19352 469
19352 449
19357 431
19366 417
19382 411
19402 415
19421 426
19436 440
19445 460
19450 485
19453 512
19453 539
19453 561
19450 566
19445 554
19437 536
19428 510
19419 469
19410 419
19401 362
19390 304
19375 250
19354 200
19330 154
19303 116
19274 86
19249 69
19224 66
19210 75
19214 93
19227 118
19247 150
19280 187
19321 223
19372 263
19426 303
19478 343
19522 381
19555 412
.PEN_UP
.PEN_DOWN
18863 686
18851 676
18841 666
18834 656
18826 642
.PEN_UP
.PEN_DOWN
19714 327
19719 339
19726 349
19733 361
19741 371
19765 420
19769 434
19773 451
19776 470
19783 489
19795 501
19810 499
19823 489
19827 473
19822 453
19816 431
19810 408
19804 388
19799 369
19802 351
19811 338
19825 338
19844 347
19863 361
19878 378
19888 399
19889 422
19885 440
19876 445
19865 440
19854 426
19845 409
19842 390
19845 367
19854 350
19868 343
19888 347
19911 355
19935 367
19960 386
19985 408
20009 434
20031 459
20040 476
20035 478
20024 468
20010 454
19993 439
19974 418
19958 396
19958 376
19966 365
19976 369
19989 379
20003 392
20015 406
20022 408
20021 395
20020 371
20016 341
20011 299
20004 254
19993 214
19980 174
19965 141
19945 114
19926 105
19911 114
19902 131
19905 155
19914 184
19929 218
19950 252
19978 283
20011 314
20046 345
20076 371
20103 396
20126 421
20134 438
20129 444
20122 436
20111 422
20101 406
20093 384
20090 359
20095 346
20104 354
20115 364
20127 382
20133 394
20137 392
20141 383
20151 375
20166 378
20183 384
20198 396
20208 412
20212 432
20219 450
20230 461
20247 462
20267 456
20276 445
20276 431
20273 412
20276 391
20285 381
20300 385
20318 395
20336 408
20341 417
20335 413
20328 406
20322 396
20313 380
20304 359
20302 337
20308 326
20319 331
20331 343
20348 366
20367 397
20385 436
20402 480
20417 525
20432 571
20445 614
20451 646
20447 647
20441 630
20435 608
20427 576
20416 534
20403 487
20392 442
20384 404
20386 379
20393 372
20402 379
20414 391
20429 406
20440 418
20448 419
20452 412
20452 401
20457 396
20468 400
20483 406
20502 416
20520 426
20526 423
20528 413
20528 401
20534 391
20545 393
20561 402
20579 412
20597 425
20610 431
20615 425
20611 417
20606 404
20605 389
20610 374
20620 367
20636 371
20657 379
20680 390
20704 404
20728 420
20736 432
20733 432
20725 425
20712 414
20698 398
20694 381
20699 371
20708 376
20719 383
20729 381
20737 374
20741 359
20741 337
20737 307
20729 273
20714 237
20690 197
20658 156
20622 117
20587 77
20555 46
20528 25
20504 17
20490 29
20490 49
20502 78
20519 114
20545 155
20579 193
20617 229
20656 265
20697 299
20742 335
20786 370
20828 400
20862 426
20874 445
.PEN_UP
.PEN_DOWN
20594 583
20579 581
20570 576
20550 561
20540 552
.PEN_UP
.PEN_DOWN
21315 435
21312 445
21300 450
21288 450
21276 445
21246 404
21234 384
21222 360
21213 331
21210 302
21217 286
21230 284
21246 292
21264 306
21279 328
21289 353
21295 368
21299 364
21306 357
21320 352
21337 357
21354 367
21368 383
21377 402
21386 427
21399 435
21414 429
21430 421
21444 407
21452 393
21455 374
21450 355
21440 342
21425 333
21405 330
21382 330
21370 325
21380 318
21401 314
21434 319
21472 326
21519 337
.PEN_UP
.PEN_DOWN
21807 286
21815 296
21829 311
21839 333
21846 347
21875 406
21880 418
21881 418
21879 409
21877 394
21875 377
21874 356
21873 335
21876 319
21884 315
21896 322
21910 333
21924 351
21935 372
21945 397
21953 410
21957 405
21958 396
21958 382
21960 367
21969 365
21981 371
21998 382
22017 392
22029 391
22039 384
22044 372
22045 359
22045 342
22045 328
22048 328
22055 334
22063 345
22075 360
22088 380
22101 399
22113 403
22122 397
22126 387
22129 375
22134 360
22142 340
22156 327
22173 324
22191 332
22207 349
22219 368
22230 391
22238 417
22250 433
22264 441
22279 438
22299 432
22315 422
22325 407
22329 389
22328 365
22332 342
22340 324
22354 319
22373 326
22393 338
22411 353
22426 372
22431 397
22425 413
22417 415
22407 405
22399 392
22391 376
22390 354
22394 330
22404 315
22417 315
22434 323
22456 332
22478 348
22501 367
22521 388
22531 399
22528 394
22521 385
22510 369
22498 350
22494 335
22500 334
22509 345
22519 360
22530 379
22541 395
22548 396
22552 388
22553 376
22555 360
22563 351
22576 359
22593 369
22610 387
22626 409
22640 440
22655 479
22669 522
22681 567
22688 607
22689 639
22684 659
22676 657
22664 643
22652 624
22639 594
22626 555
22614 509
22603 458
22596 412
22595 373
22598 342
22604 320
22617 308
22632 307
22651 314
22669 328
22685 344
22696 350
22707 345
22718 334
22729 324
22744 326
22758 332
22771 342
22781 357
22791 380
22799 406
22807 432
22814 449
22819 444
22822 433
22825 419
22828 401
22830 379
22831 355
22826 332
22816 316
22800 318
22789 315
22795 312
22805 307
22818 308
22833 313
22851 326
22873 347
22894 375
22912 410
22927 449
22938 488
22946 529
22953 569
22959 604
22963 628
22966 625
22964 611
22962 591
22960 562
22958 526
22954 485
22949 443
22944 402
22943 369
22947 340
22957 328
22969 334
22982 344
22994 358
23003 375
23010 391
23015 394
23019 385
23022 373
23026 357
23035 349
23049 353
23069 360
23090 374
23111 390
23131 406
23151 418
23158 418
23153 413
23145 405
23131 392
23119 374
23110 354
23110 333
23117 316
23129 308
23148 315
23173 326
23200 341
23226 356
23248 373
23250 373
23244 366
23232 356
23223 342
23224 329
23231 325
23239 333
23248 346
23259 360
23269 365
23275 358
23279 346
23285 339
23295 344
23311 357
23331 375
23350 400
23369 436
23388 475
23405 518
23420 564
23427 603
23422 614
23413 600
23399 572
23383 536
23364 491
23350 437
23339 388
23334 348
23335 316
23343 306
23355 313
23375 332
23400 360
23428 399
23456 452
23481 506
23503 562
23520 612
23533 651
23534 678
23528 677
23520 660
23512 638
23502 600
23490 551
23478 495
23467 438
23459 392
23462 361
23468 349
23476 357
23489 373
23506 395
23525 420
23538 433
23545 424
23545 410
23543 391
23543 369
23550 350
23562 347
23575 358
23590 371
23603 385
23613 404
23625 409
23633 399
23637 382
23633 359
23626 327
23611 282
23586 234
23550 180
23510 126
23466 79
23427 40
23393 11
23363 0
23346 5
23342 15
23350 33
23365 57
23389 86
23428 124
23481 165
23542 207
23611 254
23682 301
23749 346
23808 387
23855 420
23889 446
.PEN_UP
.PEN_DOWN
23134 501
23124 489
23119 479
23114 469
23109 459
.PEN_UP
.PEN_DOWN
22773 484
22783 486
22792 491
22807 496
22839 501
22944 523
22993 536
23053 552
23111 570
23168 586
.PEN_UP
.PEN_DOWN
22817 618
22805 603
22800 591
22790 574
.PEN_UP
.PEN_DOWN
24094 328
24104 337
24116 347
24133 374
24146 389
24179 446
24193 475
24211 514
24228 560
24245 608
24254 654
24251 689
24242 708
24228 698
24207 677
24185 644
24162 600
24143 543
24130 483
24125 430
24129 388
24135 357
24144 337
24159 326
24177 331
24199 340
24223 358
24248 379
24270 403
24281 418
24278 416
24270 405
24256 384
24246 359
24240 331
24244 304
24253 287
24267 286
24280 294
24293 309
24302 328
24305 352
24300 384
24292 412
24280 435
24267 441
24257 434
24260 425
24268 417
24282 412
24301 411
24323 414
24347 417
24359 415
24360 409
24355 397
24351 379
24354 360
24362 350
24373 354
24389 362
24408 377
24426 396
24441 420
24451 435
24453 428
24450 417
24449 403
24449 384
24455 371
24466 374
24480 381
24494 391
24502 406
24501 424
24499 445
24499 466
24504 479
24515 486
24530 487
24549 486
24570 486
.PEN_UP
.PEN_DOWN
24565 342
24562 325
24560 315
24553 303
24543 294
24506 283
24510 293
24520 308
.PEN_UP
