

.STYLE CURSIVE
.COMMENT previously: .WRITER_ID wcdr.433
.WRITER_ID wcd
.HAND R
.SEX M

.PEN_DOWN
12 654
0 654
0 669
0 681
2 691
65 752
83 768
101 781
115 781
126 769
130 753
131 734
132 711
141 694
165 690
205 701
262 722
323 748
383 782
436 817
477 845
.PEN_UP
.PEN_DOWN
202 603
210 615
210 630
212 642
212 652
203 598
193 567
180 530
162 486
140 438
118 400
96 370
75 349
57 345
43 352
31 366
24 385
20 409
17 437
20 452
27 451
39 444
58 437
84 430
.PEN_UP
.PEN_DOWN
212 342
210 333
210 323
222 320
231 328
301 421
322 455
343 497
363 546
383 598
396 648
399 690
395 722
384 731
368 714
346 680
321 628
299 562
282 490
270 427
267 382
272 350
284 346
302 359
323 379
347 402
364 429
375 444
381 436
378 423
376 405
377 385
385 366
397 356
414 361
436 370
455 384
469 398
475 418
470 436
458 439
444 429
430 411
423 392
428 367
445 345
471 339
504 346
543 354
.PEN_UP
.PEN_DOWN
939 669
929 652
921 630
914 613
909 601
907 568
917 572
935 579
959 589
987 596
1013 593
1035 581
1051 564
1061 537
1058 507
1051 477
1037 448
1015 422
982 397
938 372
894 349
853 337
.PEN_UP
.PEN_DOWN
870 649
892 659
907 662
941 669
975 679
1092 735
1130 750
.PEN_UP
.PEN_DOWN
1209 701
1209 688
1209 679
1209 669
1209 659
1218 648
1224 659
1230 674
1236 692
1248 704
1263 712
1281 714
1305 717
1330 725
1356 736
1383 750
1408 764
1424 769
1430 764
1427 754
1416 732
1394 698
1362 648
1322 590
1283 534
1249 480
1222 435
1199 399
1181 367
.PEN_UP
.PEN_DOWN
1399 520
1409 525
1421 530
1446 537
1463 545
.PEN_UP
.PEN_DOWN
1577 406
1590 420
1599 430
1609 447
1626 464
1666 495
1672 487
1673 470
1671 450
1671 425
1677 409
1691 412
1709 420
1730 436
1751 459
1768 488
1782 518
1790 546
1786 564
1782 555
1775 536
1767 505
1754 456
1739 395
1724 328
1711 266
1702 217
1691 180
1681 171
1671 182
1667 202
1671 226
1679 255
1691 284
1709 307
1731 324
1758 337
1784 349
1809 363
1834 379
1856 399
1873 421
1885 443
1886 467
1879 486
1868 501
1851 506
1831 500
1810 484
1793 462
1790 434
1797 402
1806 379
1817 365
1837 366
1859 371
1882 380
1906 394
1928 415
1948 439
1964 461
1967 464
1960 455
1949 440
1935 424
1924 402
1922 391
1930 396
1940 405
1952 419
1963 435
1967 439
1963 431
1960 417
1959 400
1963 383
1971 376
1982 382
1997 393
2010 409
2019 429
2024 455
2026 482
2028 500
2036 504
2048 497
2060 485
2065 471
2062 451
2058 426
2058 403
2064 384
2076 372
2092 374
.PEN_UP
.PEN_DOWN
2194 471
2204 471
2226 471
2245 474
2265 476
.PEN_UP
.PEN_DOWN
2365 469
2355 464
2333 454
2323 445
2314 432
2304 382
2310 368
2320 360
2334 360
2353 366
2373 377
2391 394
2404 417
2405 444
2398 471
2388 488
2375 489
2364 481
2358 472
2362 460
2371 451
2384 451
2401 460
2422 470
2442 489
2461 514
2479 547
2494 586
2505 627
2512 672
2515 713
2513 743
2507 744
2499 725
2489 698
2479 655
2469 598
2458 532
2446 466
2434 411
2426 369
2429 341
2438 332
2455 342
2477 362
2507 396
2536 434
2551 466
2549 477
2541 470
2526 456
2507 437
2487 414
2467 388
2466 366
2473 364
2489 376
2507 397
2533 424
2560 463
2584 511
2607 566
2624 614
2630 659
2625 693
2616 712
2602 708
2582 685
2558 647
2543 597
2552 545
2564 496
2579 460
.PEN_UP
.PEN_DOWN
2972 640
2982 645
3001 649
3028 659
3045 664
3110 729
3124 746
3123 751
3113 746
3095 740
3072 731
3045 720
3021 708
3012 702
3019 706
3039 713
3064 723
3095 733
3130 744
3157 748
3176 743
3180 727
3172 700
3156 658
3133 605
3100 548
3063 491
3028 440
2998 398
2979 368
2979 365
2995 379
3022 411
3063 455
3109 508
3156 572
3195 623
3220 662
3226 677
3215 663
3197 635
3172 595
3142 543
3111 486
3087 435
3083 402
3097 407
3121 433
3155 466
3192 510
3234 565
3272 625
3301 676
3311 701
3302 687
3286 665
3266 627
3242 579
3215 518
3192 456
3177 406
3173 370
3179 348
3190 341
3203 347
3221 363
3245 389
3263 418
3277 454
3282 482
3278 492
3272 488
3275 481
3285 475
3299 477
3316 474
3327 465
3324 450
3319 429
3315 403
3318 383
3325 374
3337 374
.PEN_UP
.PEN_DOWN
3452 411
3440 396
3435 386
3430 376
3428 367
.PEN_UP
.PEN_DOWN
3669 352
3677 362
3686 386
3696 413
3716 440
3755 520
3769 554
3780 594
3785 639
3780 688
3771 734
3760 772
3746 789
3724 774
3702 747
3683 712
3675 671
3680 623
3689 584
3702 552
3720 540
3747 547
3775 562
3802 589
3826 624
3841 670
3851 720
3855 767
3855 810
3855 844
3856 848
3858 832
3861 804
3864 767
3866 714
3865 650
3861 584
3853 522
3843 470
3828 428
3808 396
3785 372
3755 350
3724 343
3693 352
3666 371
3648 394
3636 421
3635 450
3640 472
3653 488
3670 493
3695 489
3723 483
3749 476
3779 471
.PEN_UP
.PEN_DOWN
3838 342
3852 359
3862 369
3872 389
3886 411
3902 457
3901 472
3899 487
3903 495
3912 501
3926 501
3942 496
3951 485
3948 467
3941 444
3934 421
3937 400
3944 385
3955 384
3971 391
3991 401
4008 415
4022 434
4027 455
4023 476
4015 484
4001 478
3986 464
3972 445
3963 425
3960 399
3962 379
3971 368
3986 368
4006 374
4028 384
4049 399
4064 420
4074 444
4080 468
4081 490
4082 486
4083 475
4084 458
4085 439
4089 414
4091 388
4086 367
4077 351
4064 351
4058 350
4064 347
4074 344
4087 346
4103 352
4120 363
4140 380
4157 401
4171 425
4180 451
4187 478
4193 506
4197 525
4200 516
4202 500
4203 479
4204 454
4205 426
4205 397
4201 374
4189 363
4174 368
4155 378
4140 389
4137 390
4142 384
4153 371
4168 364
4187 363
4211 368
4233 375
4256 384
4277 398
4295 418
4307 439
4311 460
4306 480
4296 488
4280 480
4262 466
4246 447
4234 427
4228 402
4227 380
4231 360
4242 345
4257 338
4276 341
4299 351
4320 368
4341 391
4360 423
4379 461
4397 504
4412 554
4424 612
4432 668
4437 719
4441 754
4440 752
4435 733
4427 705
4416 667
4404 616
4390 555
4378 496
4370 441
4364 396
4364 364
4372 355
4390 368
4415 395
4442 430
4471 482
4496 549
4518 617
4540 684
4552 733
4549 755
4543 745
4533 721
4520 684
4503 638
4487 580
4474 519
4464 459
4459 404
4456 358
4461 326
4472 315
4490 325
4515 344
4540 371
4564 404
4578 436
4584 465
4578 483
4566 477
4552 460
4535 438
4519 410
4510 378
4515 350
4522 332
4541 327
4566 334
4599 343
4638 359
.PEN_UP
.PEN_DOWN
4308 550
4325 552
4369 559
4413 567
4462 576
4619 629
4663 644
.PEN_UP
.PEN_DOWN
4728 384
4728 374
4728 354
4725 330
4720 318
.PEN_UP
.PEN_DOWN
4862 340
4876 357
4891 386
4901 398
4910 420
4950 471
4955 485
4952 482
4948 471
4943 450
4938 424
4934 395
4937 371
4945 366
4957 374
4969 384
4984 390
4994 385
5003 378
5014 381
5027 388
5039 401
5048 421
5052 451
5052 479
5053 491
5056 488
5062 479
5072 467
5087 463
5107 471
5129 482
5154 501
5177 526
5193 558
5206 592
5214 633
5219 676
5225 718
5222 745
5217 739
5210 722
5201 691
5188 643
5173 584
5159 521
5147 461
5137 411
5131 375
5127 355
5129 366
5135 381
5146 408
5161 435
5175 451
5186 443
5192 429
5193 410
5198 391
5207 375
5222 368
5240 372
5261 380
5278 391
5286 406
5278 407
5268 397
5255 384
5250 369
5255 352
5264 339
5277 345
5292 359
5306 378
5317 398
5315 423
5311 448
5304 458
5303 454
5310 447
5325 443
5348 446
5376 453
.PEN_UP
.PEN_DOWN
5503 367
5510 376
5520 386
5530 398
5539 415
5576 472
5583 484
5584 479
5581 467
5576 450
5573 425
5568 395
5571 370
5577 360
5585 367
5594 377
5606 392
5618 407
5627 409
5632 400
5635 388
5641 389
5649 395
5658 405
5666 418
5669 438
5669 462
5669 482
5669 490
5669 482
5671 471
5678 460
5689 452
5707 446
5728 449
5751 458
5769 469
5774 472
5766 467
5754 456
5740 438
5723 416
5717 396
5722 389
5734 402
5749 418
5764 439
5772 454
5771 454
5768 443
5763 425
5759 401
5759 373
5765 354
5776 353
5788 359
5804 369
5821 386
5834 410
5845 440
5854 473
5861 502
5866 521
5869 519
5870 507
5869 487
5869 459
5869 428
5869 399
5865 375
5856 360
5841 357
5822 363
5804 370
5807 373
5824 373
5853 373
5889 379
5926 389
.PEN_UP
.PEN_DOWN
6208 476
6195 476
6186 476
6161 469
6144 459
6097 396
6087 377
6089 357
6099 344
6115 350
6139 365
6168 383
6197 406
6221 430
6228 438
6224 430
6217 418
6216 402
6223 391
6233 389
6249 400
6272 418
6295 444
6319 479
6339 521
6353 568
6364 619
6369 671
6367 717
6360 739
6347 724
6330 697
6311 657
6291 602
6272 532
6261 463
6262 404
6270 359
6282 339
6300 347
6321 361
6343 382
6358 410
6368 438
6373 467
6375 483
6377 478
6377 468
6378 452
6378 433
6378 410
6378 386
6378 364
6370 343
6356 329
6337 323
6313 326
6299 334
6302 333
6311 328
6323 323
6343 321
6367 323
6396 329
6428 340
6459 358
6487 379
6509 402
6520 425
6512 434
6500 426
6484 412
6470 395
6458 376
6456 352
6461 333
6469 319
6484 317
6502 324
6520 336
6536 353
6544 375
6541 400
6533 426
6522 449
6506 459
6489 453
6477 442
6475 427
6481 416
6493 410
6511 415
6535 424
6562 434
.PEN_UP
.PEN_DOWN
6815 301
6815 292
6815 279
6829 277
6839 279
6892 326
6908 351
6922 379
6934 407
6941 435
6936 457
6925 465
6909 457
6889 440
6869 413
6856 384
6852 349
6858 320
6868 300
6884 291
6903 294
6927 302
6951 318
6973 341
6996 374
7019 417
7039 464
7058 514
7071 565
7078 613
7080 654
7078 688
7069 696
7055 680
7035 649
7013 611
6995 553
6984 486
6982 425
6985 370
6990 330
6999 307
7015 308
7035 319
7057 334
7078 353
7095 376
7107 401
7106 426
7098 445
7087 453
7073 445
7057 433
7042 415
7032 394
7026 367
7027 340
7033 315
7046 295
7064 288
7085 291
7108 299
7131 314
7152 335
7173 363
7194 394
7209 420
7220 431
7225 426
7228 419
7228 412
7223 411
7214 412
7200 410
7182 401
7166 385
7154 363
7149 335
7151 308
7156 283
7168 267
7184 264
7204 271
7228 285
7252 305
7277 336
7302 378
7325 428
7344 482
7358 538
7366 589
7369 628
7369 658
7365 656
7359 640
7351 612
7340 574
7329 521
7317 461
7308 399
7300 343
7296 297
7297 261
7304 244
7320 252
7342 268
7368 292
7392 320
7409 349
7417 377
7413 389
7406 383
7397 372
7395 362
7399 363
7403 371
7407 382
7404 393
7397 393
7388 384
7377 372
7368 359
7363 339
7364 317
7370 298
7381 282
7396 275
7417 278
7438 284
7459 295
7479 312
7498 335
7516 359
7532 383
7537 400
7531 406
7521 401
7512 391
7501 376
7489 359
7481 336
7476 313
7480 296
7492 293
7509 304
7530 323
7558 351
7582 389
7604 434
7626 483
7644 536
7659 591
7668 638
7670 677
7664 696
7652 685
7632 661
7610 623
7587 575
7569 516
7563 463
7567 418
7574 385
7586 358
7600 344
7622 345
.PEN_UP
.PEN_DOWN
7178 569
7192 555
7227 543
7258 535
7295 530
7431 531
7473 534
.PEN_UP
.PEN_DOWN
8070 382
8070 396
8070 406
8065 418
8058 433
8019 439
8005 435
7987 423
7969 401
7954 368
7950 332
7956 296
7970 269
7991 258
8019 266
8051 281
8085 308
8120 344
8154 396
8186 449
8213 505
8237 566
8255 629
8263 689
8259 742
8250 775
8238 774
8223 754
8203 721
8180 667
8157 594
8136 519
8126 450
8129 397
8135 361
8147 348
8161 356
8177 373
8196 394
8212 416
8224 440
8231 439
8235 425
8236 406
8237 386
8245 364
8258 351
8276 355
8300 363
8323 377
8345 396
8359 417
8354 426
8343 418
8328 404
8309 383
8297 359
8301 347
8310 353
8319 365
8330 380
8342 399
8349 408
8352 400
8350 386
8346 367
8345 345
8349 322
8356 315
8371 321
8388 332
8404 345
8416 362
8421 383
8424 400
8424 399
8424 388
8424 373
8425 354
8431 339
8442 335
8454 344
8464 356
8470 372
8472 397
8473 423
8475 449
8476 462
8477 457
8483 450
8494 445
8510 438
8525 427
8536 410
8538 388
8534 364
8531 343
8534 329
8540 327
8551 334
8566 347
8587 364
8607 388
8625 410
8637 418
8640 412
8635 394
8626 374
8615 351
8608 325
8612 320
8619 326
8630 336
8644 349
8659 368
8675 393
8687 418
8697 431
8696 425
8692 413
8685 396
8679 375
8681 355
8689 348
8700 355
8708 367
8718 382
8729 398
8737 410
8745 407
8750 400
8751 389
8752 372
8760 363
8775 368
8794 376
8818 388
8840 403
8851 419
8848 425
8841 418
8830 403
8812 380
8794 354
8780 324
8782 312
8791 318
8803 327
8816 341
8828 357
8836 366
8837 359
8836 350
8839 344
8849 350
8864 360
8885 375
8910 392
8933 414
8948 426
8953 421
8948 408
8942 389
8934 365
8929 341
8933 329
8940 336
8950 350
8963 369
8980 391
9004 422
9025 446
9037 444
9035 427
9027 405
9022 377
9025 346
9035 319
9060 309
9093 314
9138 324
9183 338
.PEN_UP
.PEN_DOWN
8414 667
8404 662
8395 645
8395 626
8395 613
.PEN_UP
.PEN_DOWN
9553 433
9543 438
9533 440
9516 443
9506 443
9455 386
9443 369
9437 350
9442 343
9451 347
9463 358
9479 374
9495 394
9507 413
9514 420
9512 413
9508 396
9503 374
9497 348
9500 323
9508 316
9518 324
9532 338
9551 356
9571 378
9588 404
9599 419
9600 416
9596 404
9590 389
9581 367
9582 350
9588 347
9599 355
9610 369
9624 386
9639 397
9649 396
9654 388
9658 375
9666 364
9681 365
9701 375
9727 388
9750 403
9770 425
9786 446
9788 462
9782 464
9769 451
9751 430
9728 403
9706 371
9694 340
9701 326
9712 335
9733 351
9755 376
9785 405
9815 446
9842 490
9866 539
9887 594
9901 647
9895 689
9881 692
9863 666
9839 622
9816 566
9803 499
9812 435
9830 390
9859 361
9891 352
9930 355
.PEN_UP
.PEN_DOWN
10238 421
10228 431
10218 438
10204 438
10194 438
10152 412
10140 396
10133 376
10137 353
10145 331
10159 319
10182 325
10213 339
10248 362
10283 390
10315 425
10345 463
10371 502
10392 546
10405 594
10404 644
10399 689
10392 726
10379 728
10364 709
10346 677
10324 630
10304 561
10285 486
10273 416
10271 361
10276 337
10289 345
10308 359
10331 381
10356 405
10375 429
10384 436
10383 425
10379 407
10374 385
10370 360
10373 336
10384 330
10398 336
10414 348
10433 361
10446 381
10455 395
10458 384
10457 369
10457 351
10458 330
10465 311
10479 310
10499 319
10520 330
10537 343
10548 362
10555 382
10558 406
10558 430
10552 437
10542 429
10531 412
10520 390
10515 367
10517 341
10525 325
10538 325
10555 330
10583 340
10611 362
10642 392
10672 436
10695 483
10717 536
10731 594
10737 647
10733 697
10725 730
10713 728
10700 709
10682 680
10663 628
10645 555
10626 471
10609 383
10593 299
10579 227
10569 172
10573 160
10581 179
10591 208
10607 246
10624 294
10640 341
10651 362
10652 349
10652 333
10652 314
10663 309
10682 314
10709 325
10739 341
.PEN_UP
.PEN_DOWN
10491 613
10482 613
10472 606
10462 584
.PEN_UP
.PEN_DOWN
10906 328
10916 338
10930 360
10940 367
10955 379
10987 428
10992 442
10990 457
10982 468
10969 466
10953 452
10933 432
10916 403
10911 371
10918 345
10929 332
10943 339
10960 352
10979 366
10994 383
11007 403
11016 420
11026 428
11038 427
11049 420
11059 408
11067 392
11070 372
11072 348
11077 325
11085 303
11098 289
11113 290
11129 298
11144 311
11156 330
11168 351
11181 374
11195 396
11207 416
11214 437
11211 457
11203 471
11189 475
11172 469
11153 457
11139 439
11133 415
11136 388
11141 361
11152 343
11168 335
11192 339
11219 347
11245 360
11269 376
11293 399
11316 422
11336 438
11355 441
11366 443
11365 448
11357 452
11346 448
11335 441
11325 430
11318 414
11316 394
11317 373
11324 350
11336 333
11354 325
11379 328
11405 337
11428 349
11448 365
11462 384
11470 406
11467 422
11461 422
11455 411
11450 397
11447 378
11447 354
11453 339
11463 342
11477 350
11493 364
11508 385
11522 409
11527 426
11523 421
11519 405
11514 385
11512 361
11512 335
11518 322
11530 327
11545 336
11564 354
11582 376
11599 407
11616 442
11631 484
11646 534
11659 587
11669 642
11670 682
11666 684
11659 666
11649 640
11635 599
11621 546
11610 484
11603 428
11601 382
11602 348
11608 328
11617 331
11629 343
11646 362
11660 388
11671 410
11676 418
11674 406
11670 387
11666 366
11663 340
11666 319
11676 316
11689 325
11703 339
11722 358
11739 382
11753 401
11763 400
11763 390
11759 376
11755 358
11751 340
11749 319
11752 305
11758 304
11770 314
11784 331
11799 353
11810 384
11817 411
11821 424
11821 421
11820 411
11820 398
11823 382
11831 367
11844 358
11862 362
11883 370
11902 383
11916 402
11925 424
11929 447
11926 467
11918 474
11905 468
11887 452
11868 425
11855 391
11853 352
11863 319
11882 304
11908 308
11941 318
11974 334
.PEN_UP
.PEN_DOWN
11784 521
11774 516
11764 506
11752 491
11737 472
.PEN_UP
.PEN_DOWN
11391 560
11415 560
11459 560
11508 560
11559 562
11724 600
11781 621
11834 641
.PEN_UP
.PEN_DOWN
10969 304
10981 318
10991 328
11011 360
11023 374
11109 469
11137 500
11166 533
.PEN_UP
.PEN_DOWN
12227 399
12227 409
12227 418
12215 418
12203 409
12167 377
12160 364
12154 346
12150 325
12150 302
12156 289
12168 293
12184 300
12200 313
12214 331
12225 353
12231 380
12235 405
12235 430
12231 443
12225 436
12219 422
12216 405
12221 387
12230 374
12243 377
12262 384
12285 396
12310 417
12334 445
12355 479
12374 522
12387 566
12394 610
12398 654
12395 673
12387 659
12371 635
12351 596
12329 542
12305 465
12283 377
12261 294
12242 217
12228 160
12220 136
12219 149
12224 174
12231 209
12242 250
12254 294
12264 330
12275 345
12288 338
12304 330
12329 325
12358 328
12388 334
.PEN_UP
.PEN_DOWN
12625 396
12615 404
12598 404
12588 404
12571 396
12529 346
12518 329
12509 309
12512 295
12525 291
12544 297
12566 308
12591 323
12614 343
12623 360
12625 361
12621 350
12618 336
12617 318
12623 303
12633 303
12651 315
12676 333
12701 356
12728 387
12751 424
12768 463
12786 511
12800 558
12810 605
12815 646
12810 669
12796 660
12778 633
12752 590
12724 530
12701 465
12689 401
12693 350
12701 316
12719 302
12742 313
12772 332
12805 360
12834 394
12861 440
12885 494
12906 552
12921 613
12930 669
12928 711
12919 723
12903 709
12881 679
12851 631
12819 566
12793 491
12773 420
12771 363
12781 322
12797 293
12818 283
.PEN_UP
.PEN_DOWN
13049 316
13064 323
13076 333
13098 345
13120 372
13169 450
13182 475
13196 506
13208 545
13213 587
13208 631
13200 671
13191 709
13180 741
13166 749
13152 734
13140 710
13132 677
13135 630
13144 576
13162 521
13182 474
13207 435
13231 405
13242 377
13244 352
13236 331
13224 314
13208 309
13186 312
13159 319
13129 331
13096 347
13074 360
13076 368
13087 371
13105 371
.PEN_UP
.PEN_DOWN
13356 423
13356 433
13347 438
13330 431
13320 421
13299 380
13302 364
13313 352
13331 346
13353 350
13384 358
13415 370
13443 384
13470 399
13489 417
13491 427
13483 423
13470 416
13455 406
13433 388
13408 366
13391 341
13387 322
13396 319
13406 326
13419 336
13434 349
13444 366
13446 369
13444 361
13444 347
13444 333
13449 325
13460 325
13477 334
13499 350
13518 372
13534 392
13538 399
13534 391
13528 379
13525 365
13522 350
13524 346
13529 350
13540 362
13554 376
13572 391
13585 398
13592 391
13593 379
13594 363
13599 347
13612 337
13630 340
13653 347
13676 358
13699 373
13722 394
13744 418
13751 439
13746 447
13734 439
13717 423
13697 402
13672 377
13651 349
13646 326
13651 311
13662 312
13676 320
13691 334
13712 354
13732 380
13749 409
13755 432
13749 438
13741 427
13735 406
13735 381
13740 352
13749 327
13763 313
13783 313
13805 316
.PEN_UP
.PEN_DOWN
14023 247
14047 252
14057 261
14062 273
14072 298
14104 364
14111 388
14115 413
14117 434
14118 441
14118 431
14119 408
14123 378
14128 341
14133 303
14135 271
14130 250
14120 240
14105 245
14093 255
14094 255
14102 250
14114 245
14130 245
14149 249
14171 257
14191 271
14211 293
14230 318
14243 343
14246 361
14241 358
14236 343
14230 321
14225 295
14225 268
14232 250
14243 252
14258 264
14274 281
14288 306
14298 333
14305 350
14309 340
14311 323
14313 303
14313 283
14319 265
14329 260
14344 269
14363 287
14383 316
14401 350
14416 390
14428 436
14435 487
14439 542
14442 592
14438 620
14431 605
14420 579
14407 540
14395 491
14385 426
14379 365
14379 309
14382 264
14386 235
14394 233
14406 248
14421 269
14435 292
14444 323
14450 354
14450 377
14449 387
14446 380
14443 368
14443 352
14447 338
14455 318
14467 302
14483 300
14499 305
14513 315
14523 329
14527 344
14529 364
14534 381
14542 381
14552 372
14564 361
14571 348
14575 330
14579 308
14576 288
14568 281
14559 280
14559 272
14565 261
14578 256
14595 263
14613 271
14635 284
14655 302
14674 324
14687 348
14688 362
14683 357
14682 347
14680 331
14677 310
14677 288
14682 271
14693 271
14706 277
14723 291
14741 310
14757 337
14773 367
14785 390
14791 400
14787 395
14777 385
14767 374
14755 359
14741 339
14732 315
14724 291
14725 267
14731 251
14742 252
14756 262
14773 278
14790 302
14806 333
14821 371
14835 410
14851 454
14865 500
14874 543
14879 584
14878 613
14872 615
14865 601
14855 573
14841 528
14829 466
14817 402
14811 346
14814 304
14820 277
14831 268
14843 273
14858 287
14873 308
14884 333
14892 363
14896 380
14898 374
14898 361
14898 343
14898 322
14901 303
14910 290
14925 294
14943 302
14963 316
14981 333
14989 346
14984 346
14976 340
14964 331
14952 317
14942 300
14934 277
14938 258
14946 256
14958 264
14969 276
14983 291
14993 309
14999 328
15004 334
15002 328
14998 317
14995 304
14997 287
15005 273
15017 278
15032 287
15048 300
15061 317
15068 340
15072 368
15075 396
15072 418
15067 425
15066 418
15071 409
15080 401
15095 391
15110 377
15118 360
15118 340
15115 319
15112 298
15109 279
15111 261
15117 251
15128 255
15142 262
15159 277
15176 295
15192 316
15207 340
15214 352
15213 346
15209 336
15205 322
15202 303
15202 282
15205 263
15215 250
15229 250
15248 257
15273 269
15298 286
15320 304
15336 326
15345 346
15348 366
15345 385
15337 397
15324 396
15308 388
15293 374
15281 355
15273 335
15270 310
15273 286
15280 265
15290 250
15305 248
15325 255
15344 265
15365 279
15387 297
15407 318
15424 342
15435 367
15440 388
15442 397
15442 392
15443 381
15444 366
15445 348
15445 326
15439 306
15427 291
15410 284
15397 281
15402 275
15421 265
15455 257
15508 257
15572 262
15649 275
15728 291
15805 311
15876 332
.PEN_UP
.PEN_DOWN
15398 590
15388 588
15374 583
15354 573
15344 564
.PEN_UP
.PEN_DOWN
15040 573
15030 571
15020 569
14996 564
14981 554
.PEN_UP
.PEN_DOWN
14752 617
14742 617
14723 615
14710 608
14701 598
.PEN_UP
.PEN_DOWN
15910 286
15910 276
15910 266
15910 237
15905 217
15872 159
.PEN_UP
.PEN_DOWN
16156 259
16166 264
16176 271
16185 288
16190 303
16197 358
16201 376
16205 394
16210 413
16214 420
16219 412
16226 396
16234 372
16242 342
16249 308
16246 281
16237 260
16224 249
16208 255
16191 264
16187 269
16194 262
16207 260
16224 263
16244 273
16263 288
16275 307
16280 330
16282 350
16285 354
16288 348
16293 350
16298 357
16300 370
16303 387
16305 401
16307 404
16308 396
16306 385
16303 370
16301 351
16298 330
16296 310
16299 292
16307 284
16319 291
16333 301
16347 314
16357 332
16362 355
16367 379
16371 403
16375 418
16377 416
16376 406
16374 393
16372 375
16372 353
16372 328
16374 305
16379 284
16390 278
16403 284
16417 296
16431 312
16442 333
16451 358
16459 380
16466 391
16476 389
16488 383
16498 380
16503 386
16500 391
16492 396
16480 393
16466 384
16451 372
16441 352
16441 327
16446 301
16456 279
16471 265
16490 268
16511 276
16532 290
16553 306
16571 325
16589 346
16606 365
16621 377
16635 384
16652 386
16660 387
16655 393
16646 398
16634 396
16620 388
16606 377
16596 360
16590 337
16589 311
16592 286
16601 265
16617 251
16639 249
16664 256
16690 264
16714 275
16736 293
16752 316
16761 341
16758 367
16751 387
16739 398
16723 394
16706 383
16692 368
16683 350
16682 329
16686 308
16694 290
16709 276
16729 272
16753 276
16779 283
16802 293
16825 306
16847 323
16862 342
16874 363
16880 387
16879 412
16873 434
16863 444
16849 440
16834 430
16819 417
16808 398
16801 375
16797 352
16796 327
16797 304
16805 281
16816 266
16833 262
16854 268
16878 281
16903 299
16928 321
16952 347
16971 371
16985 393
16994 412
16993 418
16986 414
16975 404
16961 392
16944 376
16926 351
16908 323
16905 296
16912 275
16925 278
16939 290
16955 306
16976 328
16995 355
17012 386
17027 422
17040 469
17050 522
17059 579
17061 631
17055 653
17048 643
17042 620
17032 584
17024 532
17018 477
17016 419
17019 369
17024 333
17035 309
17049 308
17066 318
17083 332
17097 354
17107 382
17115 412
17120 430
17124 426
17128 414
17133 394
17137 371
17139 348
17139 324
17134 307
17124 295
17108 295
17090 292
17086 287
17097 282
17115 277
17140 274
17176 275
17221 281
17266 290
17306 299
.PEN_UP
.PEN_DOWN
17709 278
17700 278
17690 278
17678 278
17668 278
17629 308
17616 319
17602 335
17586 360
17574 396
17567 440
17569 491
17575 546
17584 597
17597 647
17614 686
17633 712
17654 704
17672 683
17687 648
17699 597
17707 538
17714 462
17719 385
17716 309
17710 235
17701 172
17684 117
17660 74
17633 36
17605 10
17582 0
17563 8
17550 35
17543 71
17544 112
17552 160
17564 190
17582 211
17605 222
17634 229
17667 239
17704 256
17743 279
17779 304
17811 331
17827 348
17825 348
17816 337
17806 321
17796 301
17792 277
17797 258
17807 256
17818 264
17828 274
17837 288
17841 308
17840 331
17838 352
17834 361
17829 356
17824 348
17827 336
17836 326
17850 323
17868 329
17891 342
17913 359
17937 385
17960 421
17982 463
18002 512
18016 563
18025 612
18029 657
18026 684
18018 676
18006 657
17991 627
17976 585
17963 535
17952 476
17942 422
17933 373
17925 332
17922 303
17926 296
17937 309
17951 328
17970 347
17991 370
18002 385
18009 379
18011 369
18009 354
18007 334
18005 312
18004 291
18009 282
18019 288
18034 301
18051 319
18068 340
18080 356
18089 354
18097 345
18103 334
18106 318
18111 300
18114 290
18122 298
18133 306
18145 321
18158 338
18169 355
18179 358
18186 349
18191 337
18196 324
18210 316
18234 313
18264 316
.PEN_UP
.PEN_DOWN
18729 559
18714 559
18704 559
18694 554
18682 549
18614 451
18589 413
18567 368
18545 319
18535 270
18542 233
18556 213
18581 224
18615 247
18656 283
18695 319
18728 368
18753 415
18770 459
18780 505
18778 543
18771 549
18761 538
18748 512
18732 477
18715 429
18704 375
18705 330
18712 297
18723 276
18740 268
18758 274
18776 284
18793 298
18804 312
18810 317
.PEN_UP
.PEN_DOWN
18875 264
18860 247
18846 234
18836 232
18831 242
18863 285
.PEN_UP
.PEN_DOWN
19138 571
19145 581
19153 590
19163 600
19182 610
19213 643
19222 657
19224 664
19217 658
19207 650
19202 642
19209 639
19218 644
19232 653
19249 653
19268 647
19281 634
19288 614
19286 582
19280 539
19269 491
19255 437
19235 383
19215 332
19195 286
19183 255
19185 248
19194 263
19209 288
19228 316
19250 351
19270 374
19283 373
19286 366
19282 355
19278 339
19273 320
19266 295
19259 272
19255 252
19258 248
19265 260
19279 285
19298 315
19324 362
19355 422
19388 487
19422 551
19451 604
19477 641
.PEN_UP
.PEN_DOWN
19475 378
19462 381
19450 381
19426 378
19409 369
19367 299
19353 276
19347 254
19354 237
19361 228
19373 233
19387 245
19407 262
19427 284
19444 313
19455 337
19459 346
19458 340
19458 328
19457 311
19457 292
19461 278
19469 278
19480 285
19493 297
19504 313
19513 331
19519 352
19524 375
19528 398
19530 410
19531 409
19533 400
19541 387
19557 377
19574 367
19585 355
19583 339
19576 316
19570 289
19572 267
19580 258
19592 264
19607 273
19624 291
19639 313
19652 338
19660 367
19665 390
19667 413
19667 432
19667 436
19667 428
19670 417
19679 410
19693 404
19713 400
19730 394
19738 384
19734 369
19727 348
19718 326
19710 304
19714 284
19722 273
19734 277
19752 287
19772 303
19796 323
19816 347
19830 372
19838 395
19836 417
19829 423
19817 415
19802 398
19782 373
19768 344
19764 313
19771 287
19783 277
19797 281
19821 291
19850 307
19877 325
19904 346
19921 365
19926 366
19921 356
19914 341
19906 324
19901 305
19905 305
19916 313
19931 323
19952 342
19978 368
20003 398
20016 419
20017 411
20013 394
20006 371
20001 342
20005 313
20014 293
20030 289
20050 297
.PEN_UP
.PEN_DOWN
20150 276
20152 286
20140 281
20135 271
20138 281
20167 316
20177 318
20185 313
20191 304
20192 290
20187 274
20177 270
20166 276
.PEN_UP
