

.STYLE CURSIVE
.COMMENT previously: .WRITER_ID wcdr.355
.WRITER_ID wcd
.HAND R
.SEX M

.PEN_DOWN
139 389
129 391
119 398
110 406
97 423
84 486
83 510
83 541
84 580
89 624
100 669
114 707
129 738
144 755
152 750
159 734
163 709
165 667
164 610
160 543
155 475
148 412
138 359
129 314
118 276
107 244
95 218
81 201
66 195
48 200
29 209
12 221
0 237
2 258
11 278
23 298
41 315
61 330
83 343
106 354
129 364
151 374
174 385
193 398
209 413
223 429
234 443
242 446
248 440
251 430
251 416
251 398
256 384
263 385
273 392
284 405
293 423
301 443
306 464
310 466
311 459
312 446
312 432
316 417
326 412
341 416
360 424
379 438
395 455
404 473
400 476
392 469
385 459
378 446
371 428
365 407
368 388
374 379
385 385
398 397
415 418
430 444
443 482
453 524
458 569
461 612
462 643
460 643
457 626
451 600
446 559
441 511
439 463
439 424
442 398
449 391
461 398
478 412
500 431
522 453
541 477
546 482
538 472
527 459
516 443
505 423
501 403
506 387
518 384
529 392
542 403
552 414
558 418
560 408
560 391
558 369
557 339
555 306
550 277
543 249
534 225
521 209
508 210
496 224
487 245
486 268
490 294
497 318
510 333
529 347
553 357
579 369
601 388
618 410
630 437
635 464
630 481
624 482
617 471
609 452
602 429
602 401
608 373
618 355
638 350
666 356
698 367
729 383
.PEN_UP
.PEN_DOWN
958 667
965 676
975 681
990 689
1007 698
1056 733
1063 739
1058 737
1049 729
1034 719
1020 708
1014 703
1022 709
1035 719
1049 727
1065 736
1085 735
1099 724
1106 702
1102 671
1094 627
1081 575
1064 521
1042 471
1020 428
1004 398
999 389
.PEN_UP
.PEN_DOWN
1197 820
1192 810
1190 793
1185 776
1180 754
1159 660
1152 625
1145 582
1138 531
1131 481
1126 438
1123 409
1121 404
1117 414
1112 432
1102 454
1085 482
1064 515
1045 534
1033 534
1035 525
1041 514
1058 504
1085 501
1122 507
1166 516
1208 526
.PEN_UP
.PEN_DOWN
1277 540
1265 535
1256 525
1246 515
1236 503
1217 454
1215 439
1217 427
1225 427
1238 434
1253 445
1266 455
1275 456
1282 450
1291 453
1302 460
1314 471
1321 489
1324 510
1326 534
1331 554
1341 567
1357 572
1374 568
1386 556
1388 538
1386 515
1385 488
1389 471
1398 471
1412 479
1430 491
1445 505
1448 504
1443 495
1438 477
1435 459
1438 438
1445 426
1453 431
1460 440
1467 454
1470 472
1469 494
1467 513
1465 519
1468 517
1475 514
1487 513
1505 516
1525 524
1543 539
1559 558
1571 582
1580 608
1587 638
1595 673
1601 710
1608 743
1611 772
1611 783
1608 772
1600 753
1590 724
1576 685
1561 631
1547 576
1536 526
1539 489
1548 474
1561 480
1579 490
1599 503
1622 521
1640 539
1643 548
1637 543
1626 530
1613 515
1597 496
1578 474
1569 453
1575 439
1584 441
1598 451
1616 466
1637 490
1658 520
1678 556
1693 595
1702 641
1709 690
1714 735
1711 758
1703 741
1690 715
1671 674
1652 625
1643 568
1648 517
1656 480
1670 454
1688 440
1710 440
.PEN_UP
.PEN_DOWN
2099 713
2099 730
2099 740
2099 749
2097 764
2050 775
2032 771
2011 756
1993 736
1980 710
1982 682
1992 665
2006 662
2025 671
2045 683
2062 700
2071 725
2071 753
2066 779
2058 796
2040 790
2014 774
1981 749
1949 713
1920 663
1894 600
1876 538
1871 477
1878 430
1889 398
1901 380
1921 377
1948 382
1980 392
2014 405
2047 422
.PEN_UP
.PEN_DOWN
2126 411
2119 401
2109 398
2111 411
2116 420
2143 441
.PEN_UP
.PEN_DOWN
2640 779
2631 774
2621 764
2601 745
2577 723
2527 646
2510 617
2488 577
2468 532
2457 487
2462 453
2471 442
2484 452
2502 471
2524 494
2548 524
2573 563
2598 606
2621 653
2639 701
2649 743
2645 760
2638 751
2629 730
2617 696
2602 654
2590 605
2580 556
2574 511
2570 474
2567 440
2569 414
2576 400
2590 405
2605 414
2621 427
2631 446
2635 469
2638 496
2640 521
2643 539
2650 554
2658 569
2665 585
2673 608
2678 635
2683 664
2690 694
2696 724
2695 740
2691 731
2684 715
2675 683
2663 637
2650 585
2637 528
2624 476
2614 435
2612 401
2619 387
2632 393
2647 403
2666 420
2683 441
2695 469
2703 498
2706 526
2708 541
2709 538
2713 532
2721 525
2733 527
2746 533
2756 545
2760 562
2762 574
2769 577
2780 571
2791 562
2800 549
2798 531
2792 510
2782 487
2772 463
2770 441
2777 423
2788 420
2804 426
2825 439
2849 456
2874 478
2894 503
2904 525
2899 529
2891 522
2882 510
2871 496
2860 478
2854 457
2859 447
2867 452
2878 461
2889 474
2901 490
2908 499
2907 494
2904 485
2901 470
2897 452
2899 436
2905 428
2914 434
2927 444
2944 459
2961 480
2979 504
2988 512
2990 502
2987 487
2981 467
2980 450
2985 443
2992 448
3001 458
3015 474
3031 494
3044 516
3053 526
3054 521
3051 507
3047 489
3043 469
3040 445
3040 431
3042 432
3048 437
3056 445
3068 460
3083 479
3095 488
3106 482
3107 472
3106 457
3108 441
3115 430
3129 435
3144 445
3159 457
3170 474
3176 491
3182 511
3188 533
3194 556
3203 573
3209 575
3214 565
3218 549
3218 529
3218 506
3217 482
3215 461
3213 440
3205 423
3193 414
3180 419
3168 429
3168 438
3175 438
3186 432
3202 428
3222 430
3244 436
3266 447
3289 463
3303 484
3307 494
3306 487
3303 473
3296 452
3290 432
3288 408
3293 401
3304 408
3314 419
3323 435
3329 453
3326 479
3321 505
3311 521
3299 520
3300 515
3310 514
3325 517
3341 522
3362 527
3385 529
3401 523
3404 511
3398 492
3390 471
3388 454
3393 455
3399 462
3409 472
3421 487
3436 505
3450 522
3461 525
3468 515
3472 500
3477 483
3487 464
3505 452
.PEN_UP
.PEN_DOWN
3704 411
3704 423
3704 433
3704 442
3708 457
3712 508
3715 524
3717 538
3720 540
3727 535
3737 531
3754 528
3773 522
3786 509
3789 492
3786 470
3786 446
3791 434
3801 434
3816 440
3836 449
3859 464
3881 484
3901 507
3906 518
3901 515
3891 508
3879 495
3861 476
3851 457
3854 448
3861 453
3870 465
3882 479
3889 488
3892 482
3890 471
3888 456
3888 435
3893 421
3900 425
3915 435
3934 449
3953 468
3967 485
3969 488
3965 477
3962 461
3960 444
3963 431
3971 435
3985 446
3998 462
4013 482
4024 504
4031 515
4038 507
4043 496
4044 475
4041 454
4040 429
4036 406
4027 392
4014 392
4000 400
3993 405
3999 409
4010 411
4023 411
4039 412
4060 418
4081 427
4101 443
4117 463
4119 479
4113 488
4103 484
4093 474
4083 460
4074 443
4072 423
4078 406
4089 405
4104 413
4124 423
4146 435
4168 453
4184 473
4191 487
4185 489
4176 482
4168 473
4160 457
4152 435
4155 414
4165 410
4177 418
4191 431
4207 448
4219 472
4232 502
4244 538
4255 580
4264 624
4270 666
4271 697
4268 703
4261 687
4250 654
4238 610
4227 557
4225 505
4230 463
4238 432
4252 406
4274 391
4300 390
4327 396
.PEN_UP
.PEN_DOWN
4062 703
4047 701
4033 693
4018 684
4006 674
.PEN_UP
.PEN_DOWN
4513 396
4523 413
4530 437
4540 452
4550 472
4582 535
4593 558
4603 587
4611 622
4617 662
4616 682
4611 671
4604 652
4596 613
4586 564
4580 510
4580 458
4583 421
4589 404
4600 406
4616 423
4634 449
4650 483
4666 524
4679 572
4694 623
4708 674
4719 722
4727 756
4725 754
4720 733
4711 702
4699 652
4685 594
4671 534
4659 485
4654 455
4655 445
4660 450
4668 465
4678 485
4688 507
4697 521
4702 512
4706 498
4711 481
4722 462
4738 457
4755 462
4770 474
4775 492
4770 507
4762 510
4755 499
4749 482
4751 465
4758 446
4771 431
4789 430
4810 435
4828 443
.PEN_UP
.PEN_DOWN
4450 606
4474 606
4498 601
4530 596
4564 593
4691 591
4733 591
4780 593
.PEN_UP
.PEN_DOWN
4991 396
5003 396
5013 401
5023 411
5040 420
5077 469
5086 489
5094 511
5101 536
5108 551
5111 538
5110 517
5107 479
5100 429
5091 367
5078 306
5064 255
5051 218
5037 194
5026 195
5018 208
5014 230
5017 268
5024 319
5035 375
5051 433
5071 480
5089 515
5108 529
5123 519
5136 503
5148 479
5155 453
5160 423
5158 397
5152 379
5139 370
5123 374
5103 383
5091 397
5092 401
5100 402
5112 402
5130 405
5150 411
5170 422
5187 438
5202 456
5217 474
5227 488
5228 488
5223 481
5217 468
5210 450
5203 429
5198 405
5201 385
5208 377
5220 382
5232 390
5244 402
5251 417
5254 437
5253 462
5250 490
5243 509
5236 511
5234 501
5240 489
5250 479
5266 481
5284 490
5303 503
5316 520
5323 542
5327 561
5331 567
5336 561
5340 549
5345 531
5347 507
5349 478
5349 450
5345 426
5336 411
5322 407
5308 412
5307 414
5318 415
5333 419
5350 427
5367 440
5380 459
5388 481
5392 503
5397 522
5404 524
5413 516
5423 503
5430 487
5434 466
5431 442
5421 425
5405 414
5385 419
5373 418
5378 414
5388 411
5402 412
5420 419
5440 430
5462 447
5482 469
5497 491
5508 509
5511 515
5509 507
5504 488
5501 466
5498 441
5500 416
5507 409
5519 415
5531 424
5548 441
5565 468
5581 506
5598 548
5610 592
5620 635
5627 679
5633 719
5640 757
5645 788
5645 804
5643 794
5638 771
5626 730
5610 679
5589 613
5567 546
5548 485
5535 432
5533 390
5537 358
5544 348
5555 352
5570 362
5587 380
5600 405
5609 433
5613 464
5615 481
5621 483
5633 480
5651 480
5672 481
5690 484
5699 481
5702 474
5701 462
5700 446
5700 425
5707 413
5719 416
5735 423
5756 436
5778 461
5800 496
5822 541
5843 587
5859 635
5869 680
5875 721
5878 753
5878 763
5876 752
5871 730
5861 698
5847 651
5828 592
5809 535
5794 482
5784 440
5783 410
5788 387
5798 379
5813 386
5832 397
5853 415
5869 435
5880 456
5885 461
5884 454
5883 444
5886 434
5894 430
5907 437
5924 449
5941 472
5956 500
5970 542
5985 591
5999 644
6013 698
6026 746
6035 774
6039 761
6035 741
6026 708
6015 668
6000 618
5984 562
5973 513
5969 469
5973 448
5986 449
6000 457
6018 472
6034 491
6043 506
6045 499
6044 487
6044 474
6047 457
6054 444
6067 442
6084 451
6102 465
6117 483
6125 497
6122 491
6118 477
6109 454
6096 420
6079 381
6053 332
6021 275
5982 217
5939 160
5897 110
5855 68
5815 34
5777 4
5747 0
5734 15
5739 39
5754 73
5776 120
5806 174
5842 229
5886 280
5940 328
6001 374
6067 416
6133 458
6194 497
6244 531
.PEN_UP
.PEN_DOWN
5532 701
5518 701
5505 701
5496 686
5496 674
.PEN_UP
.PEN_DOWN
5739 652
5727 652
5715 652
5710 642
.PEN_UP
.PEN_DOWN
5910 589
5898 591
5893 579
5881 567
.PEN_UP
.PEN_DOWN
5908 652
5925 652
5961 652
5995 652
6032 652
.PEN_UP
.PEN_DOWN
6461 498
6449 506
6439 501
6429 491
6420 481
6387 430
6383 416
6386 405
6395 404
6408 411
6421 421
6437 434
6448 452
6454 463
6458 459
6459 451
6459 438
6460 422
6467 407
6479 402
6497 407
6521 418
6544 434
6566 455
6588 485
6608 523
6628 563
6646 607
6660 652
6669 694
6669 726
6663 729
6651 710
6634 675
6610 630
6580 563
6546 482
6514 400
6484 322
6461 261
6447 217
6444 204
6449 216
6462 238
6479 270
6499 308
6519 354
6532 389
6544 404
6557 409
6573 408
6598 409
6626 418
6658 436
6693 462
6723 496
6749 532
6771 571
6789 615
6802 657
6811 696
6807 723
6797 714
6779 689
6757 652
6728 596
6702 534
6681 470
6668 417
6664 379
6670 351
6682 344
6697 349
6717 362
6737 379
6752 400
6763 428
6765 453
6761 463
6752 457
6741 445
6730 427
6724 405
6726 382
6733 361
6745 357
6763 363
6782 376
6800 392
6813 414
6822 443
6831 471
6842 496
6857 507
6868 501
6875 494
6871 477
6864 454
6857 429
6854 401
6859 377
6873 359
6895 351
6924 356
6957 365
.PEN_UP
.PEN_DOWN
6646 569
6678 569
6715 569
6754 569
6773 569
6927 587
.PEN_UP
.PEN_DOWN
7179 355
7184 365
7193 387
7203 409
7218 433
7240 510
7245 536
7250 569
7253 607
7256 647
7259 683
7258 702
7254 688
7249 666
7242 627
7236 580
7232 521
7230 467
7231 422
7233 387
7242 364
7255 354
7272 359
7291 371
7310 388
7326 409
7340 434
7345 449
7339 445
7331 437
7323 423
7313 404
7305 383
7309 367
7317 370
7325 379
7334 390
7344 404
7353 423
7360 435
7364 426
7366 412
7366 394
7367 374
7375 361
7387 365
7402 375
7418 389
7430 410
7440 435
7448 465
7456 502
7463 544
7469 589
7474 633
7477 670
7473 675
7467 658
7459 623
7452 580
7447 527
7445 473
7447 431
7451 399
7459 376
7472 366
7488 369
7506 378
7525 394
7541 416
7553 446
7562 482
7567 519
7569 562
7572 608
7575 656
7579 706
7579 752
7577 785
7575 785
7570 764
7566 732
7560 684
7554 627
7549 563
7544 503
7541 456
7540 417
7540 391
7543 386
7550 391
7559 403
7572 422
7584 444
7596 471
7610 482
7622 476
7632 468
7636 454
7632 437
7625 422
7620 417
7623 412
7630 402
7642 392
7660 390
7681 397
7702 409
7717 424
7726 440
7730 464
7732 489
7731 511
7730 520
7729 509
7727 487
7727 456
7726 418
7724 379
7720 347
7711 329
7697 329
7687 336
7688 343
7695 349
7709 354
7734 356
7767 360
7810 368
7854 383
7892 400
7924 416
.PEN_UP
.PEN_DOWN
7179 516
7189 528
7198 531
7223 535
7252 545
7375 575
7423 588
.PEN_UP
.PEN_DOWN
8088 326
8098 335
8108 357
8117 377
8130 401
8170 469
8184 496
8196 529
8205 563
8211 602
8211 637
8210 655
8206 640
8199 614
8190 570
8180 520
8171 455
8167 397
8167 353
8174 330
8185 337
8202 352
8221 374
8236 399
8247 425
8246 440
8243 429
8242 412
8242 391
8242 370
8247 350
8256 349
8266 360
8270 373
8265 393
8261 414
8265 432
8273 441
8291 444
8315 449
8342 456
.PEN_UP
.PEN_DOWN
7998 555
8030 552
8064 550
8100 550
8132 552
8268 578
8312 592
8365 610
.PEN_UP
.PEN_DOWN
8493 357
8495 348
8510 348
8525 353
8534 360
8580 408
8591 427
8600 448
8605 472
8604 498
8598 515
8588 519
8578 511
8569 496
8561 472
8558 443
8558 409
8564 383
8573 379
8586 386
8604 395
8622 406
8642 422
8659 438
8669 438
8673 426
8673 410
8673 393
8677 381
8686 383
8700 390
8717 403
8732 422
8745 439
8755 447
8763 439
8770 425
8778 410
8788 396
8803 390
8822 395
8844 404
8866 416
8886 433
8904 456
8916 478
8912 496
8903 503
8891 495
8872 475
8850 448
8828 415
8817 380
8823 359
8831 355
8843 364
8858 380
8876 402
8897 431
8914 464
8926 499
8937 540
8945 586
8949 630
8945 647
8939 632
8932 606
8925 568
8926 524
8932 475
8944 435
8961 410
.PEN_UP
.PEN_DOWN
9198 462
9202 477
9202 487
9190 494
9181 492
9129 454
9112 434
9100 410
9104 388
9112 377
9129 382
9151 392
9175 407
9197 425
9209 434
9214 426
9215 414
9216 395
.PEN_UP
.PEN_DOWN
9419 389
9419 379
9429 382
9439 387
9468 399
9531 461
9545 484
9561 511
9577 541
9594 579
9606 618
9610 657
9607 696
9601 724
9591 719
9576 693
9553 653
9528 589
9502 513
9475 425
9452 338
9432 263
9418 201
9411 159
9416 152
9426 167
9439 191
9456 225
9473 269
9487 318
9494 364
9495 404
9494 429
9495 427
9499 416
9506 404
9519 397
9539 396
9561 401
9587 411
9611 425
9627 446
9628 466
9618 474
9607 467
9596 456
9586 442
9582 426
9584 404
9590 385
9605 380
9624 386
9645 396
9663 410
9674 426
9682 447
9689 467
9695 480
9695 476
9693 466
9690 453
9688 434
9686 413
9688 395
9696 393
9708 401
9720 410
9733 422
9742 443
9746 466
9749 480
9748 475
9745 464
9742 445
9738 424
9738 401
9743 384
9754 386
9769 392
9786 402
9805 414
9822 432
9837 456
9855 481
9867 506
9865 515
9857 510
9849 502
9836 488
9819 466
9803 439
9800 410
9808 389
9820 388
9832 397
9848 409
9867 427
9884 451
9898 477
9910 507
9921 541
9930 577
9939 622
9941 671
9938 714
9931 740
9917 724
9898 694
9880 646
9869 593
9870 533
9876 483
9889 447
9907 421
9930 402
.PEN_UP
.PEN_DOWN
10134 396
10144 406
10153 416
10166 433
10185 453
10233 518
10241 541
10252 572
10264 614
10275 660
10283 706
10283 746
10277 757
10265 742
10248 711
10231 669
10215 616
10201 546
10191 480
10185 424
10183 377
10187 352
10194 351
10205 360
10218 374
10231 395
10244 424
10253 456
10258 483
10263 493
10267 488
10274 479
10286 470
10304 464
10326 464
10348 471
10366 481
10367 494
10359 495
10349 490
10339 480
10328 462
10319 441
10314 413
10315 386
10319 369
10330 364
10343 371
10362 382
10383 399
10400 424
10417 456
10433 494
10449 536
10466 584
10482 637
10494 686
10501 733
10503 761
10498 756
10489 735
10478 702
10465 657
10448 600
10431 537
10418 481
10410 432
10414 402
10422 396
10436 407
10451 422
10469 444
10486 474
10499 501
10502 501
10497 485
10491 464
10486 439
10488 408
10494 383
10504 378
10515 388
10527 400
10536 410
10540 410
10543 403
10546 395
10555 399
10568 406
10582 418
10592 435
10596 455
10597 480
10597 495
10597 494
10598 486
10599 475
10605 462
10616 449
10631 440
10652 444
10670 454
10684 469
10684 487
10677 497
10670 491
10659 480
10649 464
10641 444
10636 423
10638 401
10646 387
10659 387
10676 395
10698 406
10717 421
10734 438
10747 459
10756 480
10758 501
10753 512
10745 507
10736 498
10725 484
10713 466
10704 445
10702 424
10707 405
10717 391
10732 392
10752 399
10776 412
10801 430
10825 451
10842 468
10848 466
10841 455
10832 439
10824 417
10819 394
10825 386
10834 392
10845 403
10856 416
10870 434
10882 459
10895 487
10906 517
10913 529
10917 519
10916 502
10914 478
10914 450
10919 419
10928 393
10942 376
10962 373
10980 378
.PEN_UP
.PEN_DOWN
10309 650
10331 643
10348 635
10373 630
10400 626
10499 623
10537 623
.PEN_UP
.PEN_DOWN
11195 387
11204 401
11214 416
11231 440
11243 460
11285 515
11299 539
11316 570
11332 611
11345 653
11352 691
11355 723
11354 735
11351 721
11343 698
11329 659
11311 611
11292 550
11278 491
11271 441
11273 407
11282 403
11295 417
11312 435
11333 460
11348 485
11354 486
11352 471
11349 453
11347 428
11345 397
11345 367
11350 354
11358 359
11367 367
11379 381
11388 398
11396 416
11401 428
11405 425
11407 416
11408 404
11414 394
11424 399
11434 411
11443 425
11447 444
11449 465
11451 472
11454 467
11464 461
11478 457
11498 457
11517 460
11523 458
11517 453
11509 437
11503 417
11499 390
11498 361
11503 350
11512 353
11523 360
11533 374
11542 394
11546 419
11546 448
11544 477
11537 494
11529 491
11532 483
11542 478
11560 473
11585 473
11616 477
.PEN_UP
.PEN_DOWN
11036 609
11048 609
11080 609
11112 609
11153 609
11288 609
11336 609
11390 609
.PEN_UP
.PEN_DOWN
11785 357
11802 372
11811 382
11826 392
11838 409
11867 448
11875 451
11874 440
11869 421
11863 398
11857 368
11855 340
11859 331
11866 341
11877 355
11892 373
11909 393
11923 418
11932 432
11934 422
11932 410
11931 393
11934 382
11941 381
11952 388
11964 399
11977 414
11986 433
11994 444
11999 439
12002 429
12005 416
12011 402
12024 400
12042 406
12063 415
12082 427
12090 443
12084 451
12076 445
12066 434
12055 416
12047 397
12051 391
12059 397
12067 407
12075 410
12081 403
12085 395
12094 387
12107 392
12124 402
12144 413
12160 430
12171 452
12177 469
12178 468
12176 457
12173 439
12169 413
12166 382
12162 348
12158 318
12154 291
12144 267
12127 245
12107 228
12085 228
12068 237
12060 253
12063 271
12071 295
12085 319
12107 340
12134 362
12163 380
12190 397
12215 412
12239 427
12255 444
12256 456
12249 449
12241 435
12234 417
12229 394
12230 368
12239 348
12252 349
12264 358
12274 370
12279 385
12278 403
12276 424
12272 446
12268 469
12267 479
12272 481
12283 479
12299 478
12321 477
12336 469
12344 456
12341 436
12337 411
12337 388
12342 370
12352 359
12367 357
12386 359
12409 361
12430 366
.PEN_UP
.PEN_DOWN
12267 635
12250 635
12228 630
12214 623
12204 613
.PEN_UP
.PEN_DOWN
12657 455
12648 462
12638 462
12626 462
12614 462
12580 424
12574 406
12570 385
12573 365
12583 346
12599 336
12621 340
12645 346
12667 357
12684 370
12697 387
12705 406
12709 426
12711 447
12711 467
12711 483
12718 491
12730 493
12747 492
12764 487
12773 477
12772 462
12766 440
12761 418
12763 396
12769 380
12782 380
12796 389
12815 400
12832 414
12843 433
12851 455
12851 477
12843 489
12833 486
12819 476
12804 458
12793 435
12787 411
12790 387
12801 375
12817 377
12835 386
12858 399
12878 417
12896 438
12911 458
12914 464
12911 458
12901 446
12893 431
12882 413
12870 389
12872 370
12878 367
12890 376
12902 389
12915 407
12928 430
12936 463
12944 504
12951 547
12956 597
12959 645
12962 684
12964 705
12965 693
12964 670
12961 639
12956 595
12949 538
12940 482
12933 429
12937 394
12946 381
12959 388
12973 400
12991 416
13005 435
13009 443
13006 435
13003 421
13003 402
13008 388
13017 382
13030 391
13047 405
13066 423
13086 453
13109 492
13132 538
13154 588
13173 636
13184 679
13180 699
13171 684
13160 661
13142 620
13123 574
13101 514
13084 456
13076 412
13080 378
13088 365
13100 370
13115 381
13132 395
13150 413
13166 435
13177 457
13181 470
13175 462
13165 447
13153 429
13141 406
13135 381
13139 360
13149 357
13161 366
13170 377
13180 392
13183 413
13182 436
13180 462
13177 479
13173 480
13177 474
13186 469
13199 468
13217 469
13240 474
13257 470
13267 464
13266 452
13262 436
13259 415
13256 392
13259 373
13266 361
13278 362
13295 372
13316 385
13336 403
13353 425
13365 450
13375 477
13381 504
13386 523
13389 521
13391 506
13390 486
13388 458
13386 427
13381 397
13370 375
13356 359
13336 350
13311 352
13293 361
13292 371
13306 382
13327 393
13357 398
13395 402
13442 409
13488 419
13528 432
.PEN_UP
.PEN_DOWN
13001 565
13023 570
13050 574
13082 574
13111 574
13238 578
13279 581
13328 586
.PEN_UP
.PEN_DOWN
13138 713
13123 711
13111 706
13101 699
13096 689
.PEN_UP
.PEN_DOWN
13579 335
13589 335
13603 340
13623 348
13633 353
13682 421
13696 446
13711 472
13724 505
13735 544
13739 582
13738 620
13735 653
13731 670
13726 662
13716 644
13701 610
13683 562
13662 498
13640 423
13619 351
13601 283
13588 224
13581 177
13577 140
13578 120
13584 130
13593 148
13607 176
13622 211
13633 253
13641 294
13647 330
13653 358
13662 370
13675 373
13693 373
13716 376
13739 381
13762 388
13785 401
13806 416
13821 435
13818 451
13809 454
13800 447
13786 436
13770 422
13754 403
13743 380
13749 363
13757 355
13769 360
13782 372
13796 385
13808 402
13815 424
13820 437
13819 436
13817 428
13815 418
13813 402
13816 384
13824 374
13834 379
13847 387
13862 400
13871 418
13880 434
13886 436
13889 429
13891 419
13891 405
13898 391
13909 386
13925 393
13942 406
13956 421
13966 439
13976 463
13984 485
13990 506
13994 526
13997 549
13999 575
14000 604
14001 634
14001 658
13998 665
13993 658
13986 641
13975 614
13963 577
13951 534
13940 488
13934 448
13933 413
13936 381
13945 361
13958 347
13976 343
13995 347
14012 357
14026 371
14039 391
14049 413
14057 436
14054 455
14047 460
14036 452
14024 438
14014 423
14007 405
14009 384
14015 369
14029 366
14046 373
14067 384
14089 398
14107 416
14126 438
14139 461
14140 476
14134 475
14126 467
14119 457
14110 442
14102 423
14098 401
14098 379
14104 363
14114 361
14128 369
14146 380
14162 397
14178 424
14191 457
14203 498
14213 545
14218 592
14221 642
14220 685
14215 714
14205 712
14191 690
14175 658
14161 609
14155 556
14160 500
14172 452
14192 415
14219 384
14254 363
14286 357
14315 363
.PEN_UP
.PEN_DOWN
13896 591
13886 596
13879 587
13886 574
.PEN_UP
.PEN_DOWN
14627 439
14627 449
14620 459
14607 459
14598 459
14564 435
14552 417
14540 397
14530 373
14524 349
14526 332
14534 327
14546 334
14561 345
14580 363
14597 385
14613 412
14624 434
14629 439
14627 432
14623 417
14617 398
14611 374
14607 347
14610 329
14616 326
14628 332
14642 345
14662 364
14683 391
14703 421
14718 438
14726 439
14723 430
14719 415
14714 396
14718 384
14726 385
14737 392
14749 405
14765 421
14777 429
14785 420
14791 409
14793 392
14796 377
14805 368
14818 373
14837 381
14858 395
14878 410
14897 429
14913 451
14917 467
14912 462
14898 448
14882 429
14864 404
14843 376
14830 347
14823 322
14830 306
14842 310
14856 323
14873 346
14893 377
14912 413
14928 454
14945 505
14958 557
14964 607
14958 644
14946 637
14933 616
14918 584
14906 535
14909 482
14920 425
14934 383
14952 352
14973 336
14995 333
.PEN_UP
.PEN_DOWN
15278 439
15275 452
15263 452
15253 449
15239 432
15198 382
15187 364
15178 345
15174 324
15179 316
15190 322
15205 332
15220 346
15238 365
15253 389
15263 406
15270 401
15274 388
15275 375
15282 364
15293 366
15309 374
15326 386
15343 405
15359 432
15374 466
15387 500
15398 540
15406 584
15414 628
15422 678
15420 706
15413 697
15405 680
15393 649
15379 603
15367 546
15357 487
15352 439
15354 401
15360 378
15371 374
15387 385
15410 407
15433 441
15457 488
15479 547
15497 608
15509 663
15517 715
15513 744
15505 730
15488 700
15469 649
15446 585
15428 512
15429 446
15440 398
15459 365
15484 355
15514 362
15548 374
.PEN_UP
.PEN_DOWN
15731 286
15741 298
15758 317
15773 352
15783 361
15826 441
15841 470
15855 501
15866 537
15877 583
15886 627
15893 672
15894 685
15891 671
15885 640
15875 594
15862 532
15849 462
15847 406
15853 366
15861 358
15873 368
15893 389
15916 419
15938 457
15961 506
15980 561
15995 620
16007 678
16016 729
16019 762
16015 756
16009 732
15995 695
15976 640
15954 567
15932 494
15918 432
15913 387
15919 366
15928 371
15939 383
15955 401
15970 424
15983 443
15992 441
15997 427
16000 409
16000 387
16002 365
16010 347
16020 345
16033 353
16047 366
16058 382
16066 404
16071 431
16073 456
16073 482
16074 496
16082 501
16094 498
16108 490
16121 479
16128 462
16126 436
16123 407
16119 378
16122 354
16130 347
16141 355
16155 367
16171 383
16184 405
16192 432
16197 460
16194 480
16188 478
16178 465
16172 448
16165 423
16161 397
16162 369
16170 347
16182 339
16201 345
16226 355
16252 372
16277 394
16301 427
16320 462
16330 497
16327 529
16319 542
16305 532
16286 513
16269 489
16255 460
16254 425
16260 395
16272 371
16292 361
16317 365
16348 375
16380 386
16409 401
16426 420
.PEN_UP
.PEN_DOWN
15687 561
15697 559
15714 559
15744 559
15773 559
15915 562
15963 568
16025 579
.PEN_UP
.PEN_DOWN
16675 313
16663 317
16663 327
16675 334
16685 349
16713 395
16721 412
16728 431
16731 454
16728 472
16732 477
16741 475
16753 470
16765 459
16773 442
16774 421
16772 395
16769 370
16769 347
16775 331
16786 331
16802 338
16821 350
16842 366
16856 387
16865 409
16869 432
16865 452
16855 459
16843 453
16829 442
16817 425
16810 406
16806 381
16806 357
16808 334
16815 315
16828 307
16847 313
16872 323
16901 338
16929 356
16955 380
16979 405
16998 432
17006 449
17003 448
16997 441
16987 427
16975 409
16963 384
16951 356
16951 334
16957 323
16967 325
16979 332
16991 345
17002 361
17010 381
17014 404
17014 429
17011 454
17005 478
16996 484
16988 477
16986 466
16992 453
17003 444
17015 439
17033 440
17051 447
17065 460
17078 472
17087 473
17096 465
17101 453
17098 438
17093 418
17085 394
17089 373
17095 359
17105 355
17119 361
17137 376
17159 395
17184 421
17210 450
17230 478
17242 501
17235 508
17224 500
17209 487
17192 468
17171 446
17151 418
17140 391
17147 378
17157 383
17171 392
17185 406
17201 426
17217 446
17224 443
17223 428
17220 405
17214 374
17204 338
17191 293
17173 251
17152 212
17129 175
17106 146
17084 129
17069 129
17064 139
17069 158
17081 186
17099 223
17124 262
17160 301
17197 339
17234 373
17269 408
17298 438
17324 464
17342 488
17343 499
17335 496
17326 489
17312 475
17293 454
17272 430
17257 400
17254 375
17262 359
17273 358
17287 366
17305 381
17326 401
17340 424
17346 446
17339 446
17329 435
17324 418
17319 398
17319 374
17324 364
17336 371
17352 382
17369 396
17386 415
17397 426
17400 417
17397 405
17394 390
17392 376
17397 372
17406 380
17418 391
17433 405
17448 424
17459 447
17468 461
17475 461
17474 453
17470 439
17466 418
17462 394
17465 369
17472 360
17482 367
17493 379
17504 396
17510 414
17516 434
17523 440
17528 435
17532 425
17533 413
17533 398
17533 378
17534 358
17540 344
17549 344
17560 354
17575 367
17590 385
17605 406
17623 428
17641 441
17653 438
17663 429
17668 417
17667 400
17662 381
17653 361
17639 341
17619 323
17611 321
17614 329
17622 337
17636 345
17654 343
17674 336
17691 324
17702 308
17706 290
17702 265
17693 242
17683 218
17668 194
17650 174
17628 156
17603 138
17577 121
17550 105
17527 94
17514 97
17514 110
17520 130
17531 159
17548 190
17570 225
17597 259
17627 292
17657 325
17684 353
17711 376
17734 393
17756 410
17775 426
17777 436
17770 435
17762 424
17752 410
17740 389
17729 366
17729 344
17737 335
17748 340
17761 348
17776 363
17789 382
17800 404
17809 429
17814 450
17817 456
17814 450
17808 436
17801 417
17796 392
17792 363
17795 343
17803 337
17816 343
17831 356
17848 374
17864 401
17878 435
17891 471
17903 512
17913 559
17923 610
17933 662
17943 705
17950 730
17949 719
17944 699
17936 664
17923 618
17908 565
17894 509
17882 460
17876 421
17879 390
17886 377
17898 382
17911 392
17927 406
17940 423
17947 431
17948 428
17943 421
17938 409
17933 393
17935 375
17942 357
17951 354
17965 360
17979 371
17985 383
17989 398
17995 414
18005 427
18019 438
18035 448
18040 452
18034 451
18022 446
18009 439
17993 428
17977 411
17972 390
17978 370
17988 355
18002 348
18019 352
18036 362
18049 377
18050 396
18044 420
18033 436
18022 438
18019 434
18025 432
18036 433
18049 435
18064 438
18085 441
18103 437
18112 427
18109 414
18104 397
18097 376
18094 356
18099 349
18107 354
18121 362
18139 373
18159 392
18178 414
18187 430
18189 431
18187 422
18185 410
18183 391
18182 370
18187 349
18197 335
18212 328
18236 327
18266 329
18297 336
18330 346
18358 358
.PEN_UP
.PEN_DOWN
18070 595
18060 590
18045 578
18040 569
18023 554
.PEN_UP
.PEN_DOWN
17594 603
17582 608
17572 600
17562 593
17553 586
17531 544
.PEN_UP
.PEN_DOWN
17672 556
17694 564
17733 573
17765 583
17801 603
17949 662
17997 680
18046 697
18090 715
.PEN_UP
.PEN_DOWN
18465 339
18482 347
18491 352
18501 361
18516 371
18562 412
18572 428
18581 450
18589 472
18593 475
18592 461
18588 434
18583 401
18575 354
18564 297
18551 245
18536 197
18523 159
18509 143
18500 145
18498 152
18503 172
18516 207
18534 254
18558 313
18586 369
18610 415
18632 444
18648 443
18658 429
18663 411
18661 388
18656 363
18650 337
18641 313
18628 302
18616 308
18605 315
18600 326
18604 329
18615 332
18633 338
18658 348
18688 369
18716 401
18744 439
18769 485
18789 532
18803 576
18811 618
18812 656
18810 687
18804 698
18795 684
18780 659
18764 626
18748 582
18736 527
18727 471
18721 416
18722 372
18728 348
18739 345
18755 353
18777 366
18801 383
18826 404
18842 421
18839 421
18827 410
18811 394
18790 375
18770 351
18760 328
18765 315
18774 318
18786 325
18801 339
18817 357
18833 379
18842 394
18842 391
18840 381
18837 366
18840 347
18849 341
18861 346
18876 358
18895 374
18913 393
18932 417
18940 429
18941 420
18938 407
18934 391
18930 371
18932 358
18937 360
18948 370
18960 386
18976 410
18987 423
18991 418
18994 405
18994 391
18995 372
19004 356
19018 353
19034 361
19049 371
19060 385
19068 403
19078 426
19089 450
19097 477
19104 493
19105 483
19103 465
19101 441
19098 409
19095 374
19092 342
19090 315
19084 307
19074 313
19059 323
19043 335
19042 344
19051 346
19066 344
19091 343
19124 344
19166 347
19208 353
19248 364
.PEN_UP
.PEN_DOWN
19389 308
19403 322
19416 339
19423 349
19428 359
19460 419
19469 435
19476 452
19475 462
19471 452
19467 433
19462 406
19458 378
19457 343
19463 326
19471 327
19484 334
19500 346
19518 365
19537 390
19552 414
19559 424
19556 416
19550 400
19544 379
19541 356
19548 340
19558 341
19569 348
19581 361
19594 379
19608 404
19622 434
19633 460
19635 461
19631 450
19630 429
19632 404
19636 376
19644 347
19657 328
19671 327
.PEN_UP
.PEN_DOWN
19557 637
19545 627
19535 612
19525 598
19518 583
.PEN_UP
.PEN_DOWN
19923 315
19928 325
19935 334
19945 349
19954 364
20000 438
20015 464
20028 494
20041 535
20050 580
20055 623
20055 659
20050 667
20041 653
20027 621
20012 583
19999 531
19991 469
19993 418
20001 374
20015 347
20036 347
20059 359
20083 375
20105 400
20126 433
20142 473
20156 517
20166 563
20172 609
20177 648
20173 670
20164 655
20150 630
20133 591
20110 538
20089 473
20080 415
20083 365
20092 345
20108 354
20128 371
20149 396
20167 419
20179 437
20183 434
20180 423
20177 407
20178 386
20182 366
20192 352
20209 356
20227 368
20241 384
20242 404
20235 423
20224 425
20211 415
20199 398
20196 378
20202 354
20218 332
20238 320
20264 323
20293 330
20317 340
20336 353
.PEN_UP
.PEN_DOWN
19910 544
19920 544
19954 544
19986 544
20018 544
20142 554
20184 561
20232 570
.PEN_UP
.PEN_DOWN
20588 449
20579 456
20569 456
20557 454
20542 444
20509 404
20505 389
20503 369
20507 350
20517 340
20533 344
20556 352
20581 365
20608 380
20631 399
20651 421
20663 440
20662 448
20657 443
20648 429
20637 413
20624 394
20609 370
20601 351
20607 339
20614 343
20624 352
20637 365
20649 381
20659 397
20664 403
20661 397
20660 386
20660 372
20665 361
20673 361
20686 370
20700 382
20712 397
20724 418
20733 442
20742 464
20749 473
20750 466
20748 451
20746 429
20743 405
20741 377
20734 356
20722 351
20710 357
20700 367
20705 365
20715 359
20732 353
20755 353
20780 356
20805 361
20827 373
20841 391
20851 414
20856 439
20852 459
20844 462
20833 449
20819 428
20806 404
20803 373
20808 343
20821 320
20841 305
20869 302
20902 307
20932 313
20960 322
.PEN_UP
.PEN_DOWN
21120 322
21115 334
21120 344
21134 361
21139 371
21150 408
21154 420
21157 436
21160 454
21159 468
21161 470
21167 468
21176 462
21186 455
21199 443
21207 425
21208 406
21205 384
21204 362
21203 341
21203 319
21205 306
21213 305
21228 310
21249 317
21273 328
21294 343
21316 362
21334 381
21347 400
21347 408
21337 403
21326 396
21307 381
21286 361
21264 339
21250 314
21253 299
21263 304
21275 315
21292 328
21310 345
21327 363
21341 384
21350 403
21348 407
21343 402
21338 390
21332 376
21327 357
21326 333
21330 316
21337 314
21346 322
21358 332
21374 344
21391 363
21410 384
21427 407
21444 423
21452 424
21449 415
21443 401
21435 385
21424 364
21423 345
21430 347
21442 357
21457 371
21478 393
21500 420
21514 445
21514 453
21508 443
21502 427
21496 407
21497 385
21503 362
21513 347
21529 338
21549 333
.PEN_UP
.PEN_DOWN
21744 333
21737 323
21749 333
21759 342
21769 362
21807 430
21818 449
21827 468
21832 476
21834 467
21832 452
21830 427
21828 401
21828 371
21832 355
21842 358
21855 366
21869 378
21882 395
21893 414
21901 427
21909 422
21914 411
21914 394
21913 374
21913 357
21916 350
21923 357
21931 368
21941 382
21952 402
21963 427
21973 442
21980 432
21984 417
21984 397
21983 373
21983 349
21988 332
21996 335
22007 346
22023 362
22037 390
22054 428
22070 478
22084 536
22097 591
22106 644
22113 688
22114 712
22111 700
22106 677
22099 643
22092 598
22085 543
22082 484
22081 429
22083 385
22090 353
22102 346
22119 356
22139 372
22157 391
22169 412
22176 431
22174 430
22168 417
22159 399
22151 375
22146 349
22147 321
22154 302
22166 302
22183 313
22199 327
22213 345
22220 366
22218 390
22211 407
22203 407
22197 399
22192 390
22196 379
22205 371
22221 370
22244 375
22271 385
22298 399
22313 415
.PEN_UP
.PEN_DOWN
21942 523
21952 515
21966 508
21986 498
22008 493
22105 490
22140 495
22176 504
22215 518
22253 536
.PEN_UP
.PEN_DOWN
21869 637
21852 630
21842 620
21832 610
21822 601
.PEN_UP
.PEN_DOWN
22500 267
22512 279
22517 289
22517 298
22520 311
22521 355
22522 368
22522 385
22524 402
22533 416
22547 419
22564 412
22578 401
22580 385
22577 365
22573 341
22570 316
22570 291
22577 272
22590 267
22607 273
22628 283
22652 297
22673 317
22693 342
22708 367
22716 391
22715 413
22707 424
22696 419
22684 411
22672 398
22664 379
22658 357
22651 332
22650 309
22656 288
22666 276
22679 277
22694 286
22708 297
22718 315
22722 336
22719 359
22714 382
22704 403
22692 415
22678 410
22672 403
22677 392
22686 382
22698 376
22714 376
22735 379
22757 386
22779 391
22800 396
22817 403
22829 409
22826 415
22818 410
22806 399
22794 380
22782 358
22776 332
22782 314
22791 315
22800 324
22810 335
22820 352
22828 374
22838 396
22844 419
22840 424
22836 418
22834 402
22834 382
22834 361
22839 335
22848 322
22863 323
22883 332
22906 344
22929 361
22951 381
22972 405
22989 427
23003 446
23005 455
22999 451
22987 442
22973 427
22952 409
22929 385
22911 360
22908 337
22915 327
22925 332
22936 343
22954 364
22974 388
22993 416
23010 451
23023 485
23033 522
23040 562
23045 599
23046 630
23044 627
23038 611
23029 584
23019 543
23010 494
23005 441
23002 396
23002 361
23006 333
23015 316
23026 313
23042 310
23059 308
23077 312
23097 320
23118 334
23139 357
23159 386
23177 421
23194 463
23208 508
23218 550
23221 590
23218 621
23212 634
23203 625
23190 605
23173 572
23157 527
23142 468
23128 403
23120 343
23115 291
23118 248
23123 217
23134 204
23148 207
23165 214
23181 228
23193 247
23201 270
23209 301
23215 332
23217 357
23217 367
23218 361
23224 352
23235 341
23251 335
23272 340
23292 349
23310 362
23325 381
23337 409
23345 440
23350 479
23352 521
23353 559
23353 597
23350 622
23343 617
23332 602
23318 578
23301 536
23289 481
23280 420
23279 368
23284 327
23289 299
23302 282
23319 281
23338 291
23362 307
23383 327
23404 351
23422 374
23425 388
23418 390
23409 382
23397 370
23383 352
23370 329
23364 304
23367 285
23377 286
23389 297
23401 310
23415 325
23423 345
23429 367
23429 390
23425 410
23421 417
23423 410
23430 403
23443 399
23460 401
23480 407
23503 415
23523 418
23531 415
23529 415
23523 411
23513 401
23503 386
23493 366
23490 342
23494 319
23503 302
23518 298
23538 308
23559 321
23577 338
23591 359
23602 385
23610 415
23618 450
23623 494
23626 541
23630 590
23633 637
23636 675
23638 701
23637 693
23636 674
23633 642
23628 595
23620 535
23609 467
23599 406
23590 357
23585 321
23584 302
23585 303
23589 310
23598 328
23614 353
23634 388
23655 426
23673 454
23685 466
23693 460
23696 449
23694 436
23690 418
23681 396
23668 384
23657 387
23656 384
23659 378
23662 368
23670 356
23683 343
23701 338
23723 343
23743 352
23759 363
23774 378
23784 399
23792 424
23798 453
23800 485
23803 517
23806 538
23808 535
23808 519
23806 496
23802 463
23797 428
23792 393
23786 366
23777 349
23764 345
23751 349
23749 346
23757 340
23770 332
23791 325
23822 320
23864 322
23911 329
23955 339
23992 349
.PEN_UP
.PEN_DOWN
24090 286
24080 286
24070 286
24061 284
24056 296
24067 329
24078 339
24092 343
24105 335
24115 327
24116 313
24110 296
24098 281
24085 283
24081 290
24086 297
.PEN_UP
