

.STYLE CURSIVE
.COMMENT previously: .WRITER_ID wcdr.292
.WRITER_ID wcd
.HAND R
.SEX M

.PEN_DOWN
0 698
10 698
20 698
29 698
51 705
112 745
128 759
137 772
132 768
124 755
115 731
102 697
87 652
72 597
60 547
51 501
42 462
34 433
23 416
15 427
15 452
21 493
36 547
60 617
92 680
131 735
163 775
191 796
212 787
221 770
217 742
204 709
187 674
167 640
142 614
122 595
115 583
122 578
138 575
157 569
178 556
199 536
211 511
213 484
206 459
197 437
177 416
149 397
114 382
77 372
44 371
16 375
.PEN_UP
.PEN_DOWN
207 388
217 393
232 401
241 408
251 418
281 450
279 462
272 472
261 479
245 476
226 469
206 455
191 437
181 417
182 394
188 373
200 354
217 341
236 341
259 348
283 359
306 375
329 392
354 412
376 428
390 432
400 431
395 432
387 432
373 429
357 422
340 408
338 389
348 366
364 351
382 350
404 356
432 369
461 387
489 409
516 433
536 450
540 454
534 449
521 439
505 427
484 408
458 388
447 368
452 354
461 351
473 357
485 367
496 379
507 397
510 411
509 406
507 393
506 379
509 366
518 369
531 382
547 398
561 415
566 419
568 411
568 397
568 383
573 378
581 384
592 398
606 418
618 437
626 448
631 443
630 432
628 417
629 399
635 388
647 392
661 403
677 420
692 442
703 466
712 480
720 473
724 460
727 442
728 422
728 400
722 381
711 369
694 370
677 377
674 376
681 373
693 370
714 368
740 370
771 376
799 387
822 404
843 428
861 453
871 478
870 505
862 526
848 528
829 517
809 498
789 475
779 445
785 412
800 388
824 378
855 381
892 389
927 399
.PEN_UP
.PEN_DOWN
1097 396
1097 413
1097 432
1100 447
1107 469
1152 542
1169 570
1184 601
1197 634
1204 664
1200 657
1195 634
1189 601
1183 558
1181 509
1183 462
1189 426
1199 404
1214 413
1237 435
1263 467
1289 516
1316 588
1342 671
1362 754
1376 824
1373 872
1365 884
1351 870
1332 838
1307 786
1277 710
1250 623
1228 539
1216 470
1214 424
1220 388
1229 372
1242 378
1260 396
1279 420
1295 449
1307 476
1314 484
1315 475
1314 461
1316 444
1322 426
1333 411
1350 404
1372 408
1390 418
1396 433
1389 450
1376 455
1365 447
1355 433
1353 416
1362 397
1379 379
1408 372
1445 378
1485 389
1523 403
.PEN_UP
.PEN_DOWN
1014 622
1041 622
1078 622
1127 625
1175 627
1310 648
1356 655
.PEN_UP
.PEN_DOWN
1670 401
1665 391
1658 376
1658 366
1658 357
1707 429
1725 464
1744 505
1763 554
1781 606
1792 655
1800 698
1798 729
1791 740
1779 727
1766 703
1748 664
1732 606
1721 535
1716 466
1719 407
1724 364
1730 338
1739 328
1750 334
1760 353
1770 378
1778 410
1785 448
1790 477
1793 489
1796 485
1803 474
1814 463
1831 458
1849 463
1867 474
1879 478
1883 471
1879 458
1876 440
1876 417
1881 392
1890 376
1903 376
1921 383
1942 395
1964 414
1986 436
2009 462
2028 485
2035 493
2030 489
2020 481
2005 469
1987 454
1970 437
1961 417
1968 406
1979 406
1993 412
2010 422
2028 435
2041 450
2049 455
2052 448
2052 428
2052 400
2050 362
2045 320
2038 281
2029 248
2019 221
2006 196
1987 180
1966 173
1944 178
1928 191
1927 212
1933 238
1947 273
1965 309
1992 342
2023 376
2052 406
2082 433
2110 457
2133 475
2140 484
2133 482
2122 475
2108 464
2093 449
2077 431
2070 411
2076 396
2086 392
2097 398
2109 408
2122 422
2133 437
2139 441
2139 430
2137 410
2136 386
2136 352
2135 311
2133 269
2130 230
2124 195
2115 166
2101 148
2086 148
2071 164
2062 187
2065 219
2072 253
2084 289
2099 319
2118 344
2141 367
2163 387
2185 409
2207 431
2224 453
2226 473
2216 483
2203 477
2193 466
2182 448
2174 428
2175 405
2183 386
2195 379
2214 385
2235 396
2254 411
2272 431
2285 456
2296 480
2302 500
2306 504
2308 495
2308 480
2309 459
2308 434
2305 406
2297 384
2284 370
2267 369
2248 375
2241 380
2246 383
2258 386
2275 388
2301 398
2331 418
2361 445
2386 480
2403 517
2415 559
2425 612
2436 670
2447 729
2448 772
2444 770
2436 744
2425 706
2411 647
2404 579
2409 514
2420 465
2436 432
.PEN_UP
.PEN_DOWN
2290 627
2319 627
2351 630
2385 635
2416 642
2536 659
2570 665
2606 671
.PEN_UP
.PEN_DOWN
2012 720
1999 715
1990 705
1980 696
1970 683
.PEN_UP
.PEN_DOWN
2714 483
2724 493
2733 503
2750 518
2760 527
2752 556
2740 557
2723 553
2699 538
2673 518
2649 489
2638 458
2643 430
2656 410
2674 407
2696 418
2723 431
2746 449
2763 470
2773 487
2771 485
2768 473
2761 454
2753 425
2743 388
2729 341
2713 294
2697 250
2679 208
2663 173
2648 157
2644 164
2648 178
2660 199
2675 225
2694 255
2720 287
2743 320
2767 353
2789 384
2808 415
2824 443
2834 471
2837 499
2834 511
2834 509
2842 503
2856 499
2874 497
2896 497
2918 497
2928 494
2924 484
2917 470
2907 447
2898 423
2902 401
2911 391
2922 396
2938 407
2956 422
2975 439
2980 458
2974 457
2965 446
2956 431
2949 413
2947 391
2953 371
2964 364
2975 369
2988 382
2998 401
3003 426
3004 456
2999 481
2995 491
2998 494
3007 493
3021 494
3042 499
3063 497
3074 492
3071 484
3063 468
3054 448
3054 431
3060 426
3073 434
3088 444
3103 448
3112 443
3114 435
3116 424
3124 418
3136 424
3150 433
3163 446
3170 464
3172 486
3172 498
3172 494
3179 490
3192 493
3211 500
3236 510
3256 524
3274 545
3290 572
3304 602
3319 636
3333 670
3346 702
3352 728
3347 733
3341 719
3330 692
3318 656
3302 608
3286 553
3273 499
3265 453
3267 411
3275 386
3289 392
3308 406
3330 429
3355 466
3383 516
3410 578
3436 648
3462 719
3481 781
3491 832
3486 851
3475 835
3456 805
3432 764
3402 708
3369 633
3339 553
3312 480
3292 417
3287 373
3294 352
3307 356
3332 375
3365 406
3400 445
3425 477
3427 491
3420 480
3413 461
3405 438
3400 411
3404 381
3414 355
3436 341
3466 342
3504 350
3541 362
3571 377
.PEN_UP
.PEN_DOWN
3080 620
3101 618
3140 613
3184 610
3236 608
3414 624
3467 635
.PEN_UP
.PEN_DOWN
3701 364
3711 364
3723 371
3733 379
3743 388
3788 443
3797 456
3798 457
3794 451
3791 436
3788 417
3791 396
3798 390
3811 399
3830 413
3858 433
3881 455
3893 462
3889 451
3879 432
3868 412
3860 391
3864 381
3874 386
3886 395
3903 411
3922 429
3937 448
3947 454
3947 445
3945 431
3944 418
3949 401
3958 386
.PEN_UP
.PEN_DOWN
3792 674
3782 669
3772 664
3762 654
3760 642
.PEN_UP
.PEN_DOWN
4169 386
4174 396
4184 405
4194 418
4216 440
4275 491
4292 509
4306 518
4309 509
4302 493
4290 470
4275 443
4261 411
4256 391
4264 390
4275 397
4290 409
4311 427
4335 451
4355 475
4364 478
4361 467
4354 450
4343 433
4334 413
4337 405
4345 412
4358 427
4376 447
4396 472
4415 497
4420 502
4414 491
4406 471
4399 449
4393 422
4390 394
4396 378
4407 375
4421 380
4437 389
4451 403
4461 422
4468 447
4471 472
4466 489
4459 489
4447 476
4431 456
4416 431
4406 404
4409 380
4418 367
4430 370
4447 379
4470 397
4496 420
4524 448
4544 470
4546 460
4538 445
4530 428
4525 410
4527 405
4534 411
4543 420
4557 434
4572 451
4582 454
4580 445
4575 434
4572 419
4575 406
4583 398
4594 402
4609 410
4626 422
4640 437
4651 456
4660 480
4668 505
4675 522
4676 518
4671 504
4665 483
4656 454
4644 424
4632 393
4621 368
4607 353
4594 355
4592 361
4596 364
4607 366
4623 370
4643 379
4668 394
4696 416
4720 443
4746 472
4769 501
4785 525
4787 525
4780 511
4769 487
4753 454
4738 416
4731 379
4736 361
4746 364
4755 372
4769 389
4788 412
4804 438
4813 456
4815 448
4812 434
4810 417
4813 401
4823 401
4833 408
4845 418
4859 431
4865 451
4871 473
4875 496
4879 515
4885 518
4889 510
4893 498
4898 484
4906 469
4920 458
4939 463
4958 470
4974 483
4982 498
4977 514
4966 515
4952 506
4936 489
4919 470
4910 445
4914 421
4923 406
4937 406
4957 412
4983 426
5010 445
5036 467
5061 492
5074 508
5069 511
5058 503
5043 488
5021 465
4997 434
4980 402
4984 384
4995 385
5009 392
5028 405
5047 424
5066 447
5080 473
5085 488
5084 482
5080 469
5074 453
5068 433
5068 413
5076 403
5087 410
5099 420
5110 437
5121 456
5129 480
5136 506
5143 531
5150 543
5158 542
5165 535
5170 522
5169 505
5163 483
5153 456
5140 428
5130 401
5134 378
5145 365
5165 368
.PEN_UP
.PEN_DOWN
5296 386
5308 401
5318 410
5328 420
5337 430
5368 459
5370 454
5368 441
5367 424
5367 403
5374 383
5388 381
5408 390
5430 400
5448 414
5461 434
5469 458
5477 483
5484 497
5490 486
5495 474
5498 454
5497 432
5497 407
5493 382
5483 366
5467 357
5445 352
5421 353
5404 358
5408 362
5423 368
5445 374
5480 380
5517 388
.PEN_UP
.PEN_DOWN
5391 647
5381 647
5374 635
.PEN_UP
.PEN_DOWN
5686 398
5693 408
5701 418
5710 427
5720 442
5733 467
5732 454
5728 431
5723 402
5719 370
5720 342
5727 329
5739 335
5756 345
5775 363
5796 385
5816 408
5837 433
5851 445
5856 439
5852 426
5848 410
5846 390
5850 380
5858 385
5869 393
5884 407
5902 428
5917 452
5926 462
5924 452
5920 438
5915 419
5917 399
5922 376
.PEN_UP
.PEN_DOWN
5805 637
5796 637
5781 637
5769 630
5759 620
.PEN_UP
.PEN_DOWN
6276 486
6276 498
6276 510
6261 515
6252 515
6209 485
6198 469
6188 447
6184 423
6189 397
6198 381
6211 378
6228 382
6252 389
6277 399
6302 415
6326 438
6347 461
6366 486
6372 502
6366 497
6354 481
6338 464
6320 441
6297 416
6287 398
6291 396
6298 402
6311 413
6327 428
6344 447
6358 467
6362 473
6358 464
6356 448
6354 430
6357 411
6367 401
6379 406
6393 414
6407 426
6418 446
6427 470
6437 491
6446 500
6452 493
6455 480
6456 462
6456 440
6456 415
6453 392
6444 373
6431 360
6413 359
6398 367
6395 369
6403 366
6415 364
6433 366
6456 371
6480 381
6504 396
6524 415
6542 439
6557 464
6566 489
6572 513
6569 524
6564 515
6557 500
6549 475
6540 448
6532 416
6527 388
6529 369
6537 365
6548 374
6561 386
6578 403
6593 428
6601 446
6604 447
6603 439
6603 429
6603 415
6606 402
6615 395
6629 396
6648 403
6668 414
6688 428
6711 445
6730 466
6738 479
6732 477
6719 469
6701 458
6680 444
6653 426
6631 405
6617 383
6620 364
6627 357
6641 362
6657 372
6677 386
6699 402
6716 424
6727 444
6725 444
6719 435
6712 420
6706 406
6709 391
6719 381
6731 383
6747 390
6768 404
6788 424
6808 449
6828 480
6848 515
6872 559
6896 611
6919 661
6934 704
6929 731
6914 721
6894 699
6868 665
6837 613
6812 548
6798 483
6804 428
6816 389
6835 364
6857 351
6882 355
6907 359
.PEN_UP
.PEN_DOWN
7095 355
7105 362
7124 372
7141 386
7158 403
7194 461
7207 477
7218 495
7227 507
7235 499
7242 478
7249 450
7255 417
7261 379
7261 348
7258 321
7251 305
7239 307
7224 315
7208 325
7199 336
7205 341
7216 347
7232 347
7250 351
7275 360
7298 376
7321 396
7340 420
7352 439
7358 437
7356 424
7351 401
7344 364
7334 314
7322 261
7309 214
7297 177
7288 159
7281 170
7280 192
7284 228
7292 277
7307 342
7328 407
7353 464
7378 502
7399 502
7412 484
7420 464
7418 438
7413 410
7404 383
7390 370
7377 375
7375 377
7383 378
7394 376
7407 375
7427 375
7452 378
7477 386
7501 399
7516 416
7514 431
7505 431
7494 421
7478 407
7464 386
7457 359
7460 332
7472 316
7487 317
7505 325
7525 336
7539 355
7546 379
7543 405
7535 432
7528 446
7530 442
7537 437
7547 436
7558 440
7571 447
7587 447
7598 442
7606 433
7608 419
7604 402
7600 381
7602 361
7608 347
7618 345
7632 352
7649 364
7667 384
7686 414
7703 453
7720 498
7736 541
7750 588
7761 632
7764 671
7759 698
7751 686
7742 662
7734 631
7728 589
7721 534
7715 479
7713 428
7715 387
7721 363
7731 357
7744 366
7760 383
7775 407
7786 437
7793 469
7797 489
7801 486
7807 474
7815 460
7821 442
7824 422
7821 400
7813 378
7801 362
7782 354
7766 359
7761 363
7769 364
7780 364
7794 366
7812 372
7834 384
7857 406
7878 432
7894 459
7901 475
7898 467
7894 455
7888 434
7883 412
7886 392
7895 386
7905 394
7915 407
7925 416
7931 415
7930 408
7929 396
7929 381
7933 363
7942 354
7953 359
7965 366
7976 380
7983 398
7988 418
7991 441
7991 451
7991 447
7990 438
7991 424
7998 408
8010 398
8026 396
8049 401
8069 409
8084 421
8094 438
8092 458
8082 471
8067 471
8049 464
8034 450
8024 429
8020 406
8023 380
8030 360
8042 351
8059 355
8082 364
8106 381
8131 402
8154 426
8173 450
8179 467
8174 473
8163 468
8150 458
8131 445
8109 425
8090 400
8076 373
8079 350
8089 342
8103 346
8120 358
8140 375
8160 397
8176 418
8182 424
8183 414
8182 399
8185 384
8195 379
8210 381
8230 389
8250 400
8267 416
8278 437
8284 461
8286 485
8286 509
8283 529
8284 535
8289 531
8298 523
8310 512
8323 497
8332 479
8328 456
8321 432
8309 407
8297 383
8297 360
8305 342
8328 334
8360 337
8404 345
8453 356
8497 369
8536 384
.PEN_UP
.PEN_DOWN
7446 552
7456 552
7480 552
7512 552
7531 552
7716 557
7814 570
7927 587
.PEN_UP
.PEN_DOWN
8628 369
8628 360
8628 350
8628 340
8628 330
.PEN_UP
.PEN_DOWN
8850 581
8860 589
8870 598
8880 608
8897 635
8927 674
8931 672
8932 661
8930 641
8929 609
8927 565
8922 515
8914 466
8905 422
8895 388
8885 375
8878 385
8877 407
8882 441
8894 485
8914 544
8943 604
8977 659
9012 706
9041 720
9059 707
9064 688
9060 660
9052 629
9038 589
9021 551
9010 523
9014 505
9024 497
9039 492
9058 484
9076 468
9088 447
9087 421
9080 395
9067 371
9045 351
9020 335
8985 323
8947 313
8910 310
8876 315
8851 324
.PEN_UP
.PEN_DOWN
9072 347
9084 347
9094 355
9104 364
9114 374
9129 414
9132 429
9134 447
9136 465
9139 486
9145 492
9155 492
9172 487
9185 476
9188 460
9183 441
9181 418
9179 396
9182 374
9190 363
9203 365
9223 373
9246 385
9269 400
9291 418
9296 429
9291 426
9282 417
9271 404
9265 386
9268 367
9277 356
9289 364
9301 373
9310 387
9311 403
9305 422
9296 444
9284 458
9275 458
9276 453
9284 449
9295 451
9313 454
9335 459
9358 460
9373 454
9374 443
9368 425
9361 404
9352 379
9351 357
9357 343
9366 341
9378 348
9389 359
9397 374
9398 395
9396 421
9390 447
9379 467
9365 472
9352 465
9350 455
9359 450
9375 452
9395 459
9420 467
9445 479
9468 498
9486 523
9499 551
9506 585
9509 624
9509 662
9507 696
9502 698
9493 680
9483 653
9471 614
9461 563
9452 506
9444 453
9438 409
9436 378
9439 377
9448 390
9460 413
9478 441
9497 474
9516 496
9530 495
9538 484
9534 468
9527 449
9515 429
9501 412
9486 406
9483 398
9491 386
9505 372
9519 361
9538 361
9559 369
9577 383
9590 400
9599 419
9603 445
9608 467
9615 469
9622 458
9629 437
9633 420
9632 398
9628 374
9619 355
9603 342
9583 337
9560 342
9550 349
9560 353
9577 358
9602 360
9632 362
.PEN_UP
.PEN_DOWN
9850 589
9860 589
9887 591
9913 596
9933 606
9992 649
9991 662
9984 659
9976 649
9967 630
9957 599
9945 557
9935 498
9923 438
9911 387
9899 351
9887 347
9878 362
9878 384
9884 417
9900 462
9925 521
9956 582
9995 640
10032 686
10065 713
10090 707
10101 688
10103 668
10099 640
10093 612
10082 583
10068 557
10050 539
10029 526
10009 518
10002 515
10009 514
10021 513
10037 511
10057 504
10081 491
10099 474
10112 452
10114 429
10109 406
10098 386
10081 370
10059 359
10026 351
9991 345
9956 343
9922 346
.PEN_UP
.PEN_DOWN
10152 379
10167 374
10177 377
10189 389
10196 399
10206 438
10206 452
10203 468
10200 486
10204 501
10214 508
10223 504
10234 495
10241 481
10238 465
10234 443
10231 421
10231 398
10235 379
10246 367
10263 371
10284 378
10308 390
10325 404
10326 414
10319 415
10312 408
10306 398
10301 383
10304 365
10315 353
10327 354
10341 363
10352 375
10350 393
10346 413
10339 434
10329 440
10320 434
10322 425
10334 418
10350 419
10373 424
10401 432
10425 446
10446 465
10463 492
10475 522
10485 551
10492 584
10500 614
10505 641
10503 647
10498 635
10492 612
10483 586
10471 545
10461 499
10453 455
10453 414
10459 385
10470 372
10489 383
10513 403
10539 431
10565 466
10585 506
10600 549
10611 595
10619 644
10624 693
10627 735
10624 757
10616 741
10605 718
10594 678
10579 631
10565 565
10549 503
10535 450
10529 404
10534 379
10544 376
10555 385
10569 401
10587 423
10603 446
10609 454
10609 445
10607 429
10607 413
10609 393
10618 373
10634 365
10652 367
10675 373
10695 383
10708 396
10713 413
10709 433
10701 446
10690 446
10678 439
10664 428
10657 410
10661 389
10669 370
10682 366
10696 374
10713 384
10729 399
10743 420
10754 441
10765 450
10772 444
10776 433
10775 416
10771 398
10768 376
10771 358
10782 360
10796 370
10814 382
10834 398
10848 416
10859 437
10867 459
10875 471
10880 465
10884 455
10884 441
10881 422
10877 401
10869 378
10857 355
10840 336
10820 324
10797 322
10774 327
10754 333
10747 337
10758 340
10779 342
10809 345
10847 351
10893 362
10938 377
10977 393
.PEN_UP
.PEN_DOWN
10135 503
10174 494
10191 489
10243 481
10291 481
10492 500
10554 509
.PEN_UP
.PEN_DOWN
11123 350
11132 360
11142 369
11152 389
11162 401
11184 447
11183 450
11180 440
11178 424
11176 402
11179 376
11188 363
11202 369
11218 380
11236 401
11251 426
11264 460
11275 496
11282 526
11287 536
11289 523
11289 503
11289 480
11293 449
11298 417
11303 389
11300 366
11292 353
11281 348
11265 353
11247 363
11239 371
11248 373
11265 371
11289 369
11316 370
11346 373
.PEN_UP
.PEN_DOWN
11123 642
11113 642
11103 642
11089 635
11079 625
.PEN_UP
.PEN_DOWN
11584 389
11593 401
11596 411
11606 425
11615 438
11599 467
11585 465
11569 456
11551 438
11536 415
11530 385
11533 356
11542 334
11555 323
11574 328
11599 338
11627 354
11656 380
11684 414
11711 452
11739 496
11763 544
11783 594
11796 646
11794 692
11787 715
11776 705
11762 686
11744 654
11723 607
11700 547
11676 483
11659 424
11649 379
11652 356
11659 356
11672 371
11688 388
11706 411
11723 433
11734 441
11739 435
11740 422
11740 405
11743 385
11752 369
11768 368
11789 376
11812 387
11824 398
11818 401
11808 393
11794 379
11778 361
11763 341
11761 321
11767 313
11778 317
11791 328
11806 344
11823 364
11835 386
11840 395
11840 389
11839 379
11839 366
11845 357
11856 359
11870 366
11889 375
11905 389
11920 407
11932 429
11943 454
11954 479
11962 501
11963 506
11960 495
11956 477
11951 456
11945 427
11939 395
11934 367
11931 340
11922 323
11912 325
11901 335
11890 347
11887 354
11892 351
11904 348
11920 348
11940 351
11964 359
11984 373
12004 392
12019 413
12030 435
12038 456
12041 469
12039 463
12034 447
12028 428
12022 403
12020 377
12026 367
12037 370
12051 379
12070 395
12090 415
12110 438
12124 453
12129 448
12126 437
12122 423
12120 404
12121 392
12127 392
12138 398
12151 408
12168 421
12182 436
12193 438
12200 431
12203 419
12210 409
12223 401
12240 402
12262 410
12283 422
12301 437
12303 445
12292 439
12275 431
12254 415
12231 394
12218 370
12223 356
12230 358
12242 365
12255 378
12272 396
12288 402
12298 393
12295 381
12289 362
12272 336
12248 298
12215 253
12175 202
12136 151
12097 100
12058 58
12023 22
11990 0
11966 2
11952 14
11956 34
11975 67
12008 112
12059 165
12120 219
12190 271
12261 321
12330 370
12393 418
12446 461
12484 496
.PEN_UP
.PEN_DOWN
12079 681
12069 686
12059 686
12049 686
12040 686
.PEN_UP
.PEN_DOWN
12595 330
12598 340
12600 350
12591 350
12586 340
12584 345
12598 363
12618 385
12643 412
12671 441
12696 466
12710 481
12709 472
12704 457
12699 438
12692 417
12687 393
12690 386
12699 395
12713 408
12732 424
12752 435
12762 435
12763 424
12758 409
12752 390
12750 370
12754 361
12762 366
12773 375
12788 389
12807 407
12817 414
12819 405
12815 393
12812 376
12812 358
12818 344
12830 341
12847 346
12870 356
12895 370
12913 386
12913 389
12905 380
12898 365
12892 350
12893 333
12897 328
12903 334
12908 344
12910 359
12908 377
12905 397
12903 399
12904 391
12911 384
12922 388
12939 395
12958 404
12973 418
12984 437
12993 449
12999 447
13003 440
13003 430
12999 415
12995 396
12990 375
12987 354
12990 335
13000 326
13016 327
13036 332
13058 341
13077 354
13092 376
13104 401
13113 426
13114 453
13106 467
13091 458
13075 442
13056 422
13042 396
13042 368
13054 342
13073 328
13099 330
13130 335
13161 343
.PEN_UP
.PEN_DOWN
13395 401
13400 411
13402 421
13412 433
13417 445
13399 470
13383 465
13361 450
13340 427
13322 400
13318 371
13325 354
13336 359
13355 373
13378 391
13402 414
13423 437
13436 456
13443 460
13446 453
13450 443
13459 443
13476 453
13497 467
13520 487
13542 514
13562 545
13577 579
13588 612
13595 647
13598 683
13598 713
13591 725
13580 710
13565 680
13544 640
13521 585
13493 512
13465 438
13440 365
13417 293
13400 231
13387 186
13378 174
13378 188
13382 211
13389 239
13401 273
13417 310
13440 338
13467 357
13495 372
13526 385
13558 398
13588 411
13616 421
.PEN_UP
.PEN_DOWN
13795 335
13800 345
13810 357
13824 377
13844 399
13894 470
13910 498
13928 531
13946 564
13962 599
13968 627
13963 629
13953 614
13939 585
13922 549
13906 506
13895 457
13894 417
13898 385
13907 368
13920 376
13942 393
13967 417
13992 449
14020 495
14044 548
14073 612
14099 674
14115 725
14106 728
14092 706
14070 674
14045 626
14019 571
13992 511
13970 457
13956 415
13953 380
13959 365
13970 371
13983 384
14002 403
14023 426
14042 451
14055 467
14058 467
14056 458
14056 445
14056 428
14062 411
14072 404
14091 410
14114 418
14133 426
14139 431
14129 426
14117 416
14101 402
14084 385
14080 365
14087 359
14098 365
14111 373
14128 383
14149 401
14167 422
14175 433
14171 432
14164 423
14157 409
14150 390
14147 371
14152 356
14162 356
14174 363
14189 372
14204 387
14215 404
14226 423
14237 445
14249 467
14265 491
14281 520
14295 552
14309 588
14320 627
14330 665
14341 701
14347 730
14343 732
14337 712
14323 678
14302 628
14279 570
14257 507
14248 454
14252 413
14259 379
14273 362
.PEN_UP
.PEN_DOWN
14175 559
14205 557
14241 557
14275 557
14292 559
14420 587
14454 598
14483 607
.PEN_UP
.PEN_DOWN
13641 542
13680 542
13710 542
13761 542
13819 547
14036 574
14096 585
.PEN_UP
.PEN_DOWN
14590 239
14590 227
14590 212
14590 203
14603 210
14641 275
14656 301
14674 336
14690 374
14702 419
14710 466
14715 510
14719 549
14719 580
14716 579
14708 558
14697 528
14685 483
14671 426
14663 366
14664 311
14667 269
14675 247
14686 245
14699 255
14713 271
14722 293
14730 318
14735 342
14739 355
14742 351
14746 346
14756 342
14772 339
14792 341
14812 347
14826 356
14831 358
14828 353
14824 342
14822 326
14824 312
14832 309
14844 318
14857 331
14870 344
14879 363
14882 376
14881 369
14880 358
14878 344
14878 326
14884 320
14892 324
14902 332
14914 347
14923 367
14932 391
14941 417
14947 434
14950 432
14949 420
14949 405
14949 382
14950 357
14951 332
14949 307
14941 290
14931 291
14926 289
14933 286
14944 288
14960 295
14974 305
14989 321
15005 345
15017 369
15027 392
15034 408
15034 400
15031 387
15027 370
15024 350
15024 329
15028 322
15038 327
15051 337
15066 352
15084 372
15100 388
15109 389
15110 381
15106 369
15103 350
15101 331
15103 323
15109 328
15119 338
15131 352
15145 368
15158 385
15165 389
15170 380
15171 366
15171 349
15173 332
15181 321
15194 326
15211 334
15228 347
15241 364
15249 383
15253 405
15252 427
15247 437
15237 433
15226 422
15212 406
15201 382
15194 356
15194 328
15201 310
15213 306
15227 313
15245 325
15264 341
15280 365
15295 393
15304 419
15311 441
15314 441
15315 430
15315 413
15315 392
15316 367
15318 341
15318 319
15313 301
15302 299
15287 307
15278 309
15278 305
15285 301
15295 300
15312 304
15334 317
15358 336
15383 360
15403 389
15417 417
15426 447
15430 478
15432 511
15430 528
15428 522
15426 508
15424 487
15424 461
15426 430
15428 399
15427 371
15421 349
15410 335
15392 335
15369 339
15345 341
15328 339
15330 334
15342 327
15366 326
15403 334
15451 352
15506 373
15557 400
15603 427
.PEN_UP
.PEN_DOWN
15122 571
15105 571
15095 571
.PEN_UP
.PEN_DOWN
15651 305
15639 305
15627 305
15624 315
15624 324
15653 351
15666 350
15676 344
15677 333
.PEN_UP
