

.STYLE CURSIVE
.COMMENT previously: .WRITER_ID wcdr.547
.WRITER_ID wcd
.HAND R
.SEX M

.PEN_DOWN
0 638
5 626
22 619
37 616
51 619
84 652
93 667
101 683
105 686
103 674
100 653
96 623
93 579
90 530
88 482
86 440
83 407
81 395
80 407
82 431
87 464
97 508
110 565
129 618
147 666
166 704
185 732
204 746
220 741
231 728
237 711
235 685
228 654
213 620
194 586
172 560
162 543
167 535
180 533
199 533
219 531
241 524
258 510
267 487
270 460
266 431
257 403
241 381
216 361
184 347
148 338
112 339
81 345
57 358
45 375
50 395
.PEN_UP
.PEN_DOWN
268 348
278 358
288 367
293 380
302 397
310 418
308 411
306 400
305 384
307 370
316 366
329 373
343 383
357 387
365 381
369 372
371 360
375 351
386 353
402 365
424 385
445 417
466 465
487 521
506 580
520 634
521 664
513 653
500 626
483 587
466 537
454 480
458 424
468 374
482 335
.PEN_UP
.PEN_DOWN
324 558
351 555
388 555
427 558
471 563
605 593
.PEN_UP
.PEN_DOWN
605 294
617 311
629 326
636 346
646 358
684 401
698 414
713 425
722 426
724 418
721 404
717 385
721 373
727 371
739 378
755 390
775 408
785 418
788 409
784 394
778 373
778 354
786 347
797 354
810 368
825 386
839 401
847 409
848 402
847 387
847 370
851 354
861 342
877 347
898 355
918 368
934 383
932 395
924 389
913 373
897 350
883 322
879 294
888 273
899 273
913 284
929 299
941 322
948 350
951 381
950 411
946 430
939 431
933 424
937 414
947 404
960 401
975 408
991 422
1006 432
1016 430
1022 421
1023 409
1020 395
1016 374
1015 351
1021 333
1032 326
1048 332
1068 343
1088 359
1104 379
1113 406
1111 431
1102 441
1090 434
1074 419
1061 394
1056 362
1062 326
1074 295
1092 280
1122 286
.PEN_UP
.PEN_DOWN
1280 311
1280 321
1285 341
1285 360
1290 372
1306 422
1309 437
1311 452
1317 464
1326 465
1338 460
1353 453
1359 440
1357 424
1353 403
1349 382
1346 361
1349 343
1358 334
1373 335
1391 341
1414 353
1431 372
1444 395
1453 420
1453 445
1448 459
1439 454
1428 443
1417 429
1409 409
1405 387
1407 365
1416 350
1432 345
1452 351
1476 363
1498 381
1518 403
1534 419
1543 417
1547 410
1547 402
1548 402
1548 407
1545 415
1538 414
1525 408
1509 396
1495 379
1492 359
1497 339
1508 326
1524 329
1544 336
1567 346
1587 362
1604 381
1612 403
1606 418
1598 416
1589 406
1582 393
1573 372
1567 347
1568 322
1575 309
1586 311
1601 318
1622 329
1645 346
1668 370
1689 396
1705 423
1712 438
1710 431
1704 417
1696 398
1687 376
1679 352
1680 337
1689 340
1699 348
1712 359
1726 376
1737 389
1740 387
1737 375
1733 361
1730 342
1733 327
1744 331
1758 343
1778 360
1800 382
1818 408
1831 439
1841 471
1851 505
1861 542
1872 576
1881 609
1882 630
1878 625
1871 607
1862 580
1851 538
1838 494
1830 448
1825 406
1824 374
1826 348
1835 339
1852 347
1876 365
1904 389
1931 423
1954 466
1975 513
1994 565
2007 617
2016 664
2019 705
2017 736
2012 754
2001 746
1984 723
1961 690
1936 637
1911 570
1890 500
1875 434
1867 384
1865 348
1871 332
1882 336
1900 350
1923 371
1948 402
1964 427
1968 435
1965 423
1960 405
1957 386
1958 365
1967 348
1979 349
1997 357
2018 368
2037 386
2054 407
2065 428
2066 434
2062 426
2053 409
2041 381
2026 340
2008 287
1992 236
1975 189
1956 144
1934 105
1909 73
1887 64
1875 75
1884 98
1901 128
1929 169
1962 213
2006 257
2049 295
2090 330
2125 365
.PEN_UP
.PEN_DOWN
1712 524
1746 528
1780 536
1797 541
1833 550
1977 578
2019 588
.PEN_UP
.PEN_DOWN
2192 338
2187 328
2182 319
2172 304
2165 289
.PEN_UP
.PEN_DOWN
2326 324
2336 336
2346 348
2353 360
2363 380
2394 454
2407 479
2422 513
2439 555
2455 600
2457 629
2451 618
2443 597
2435 564
2425 523
2417 475
2414 425
2419 395
2427 393
2439 406
2456 430
2477 471
2497 522
2516 585
2532 647
2543 698
2544 713
2537 696
2527 659
2515 614
2498 551
2480 476
2466 409
2455 353
2454 315
2460 315
2473 332
2490 354
2511 387
2530 420
2541 435
2542 424
2539 407
2536 387
2535 366
2539 346
2549 341
2563 349
2577 360
2590 373
2593 392
2591 414
2585 428
2574 420
2558 406
2544 389
2543 370
2553 350
2570 340
2594 345
2622 353
2650 365
.PEN_UP
.PEN_DOWN
2275 541
2289 548
2309 548
2341 548
2355 548
2484 553
2530 559
2577 567
.PEN_UP
.PEN_DOWN
2848 382
2858 389
2867 399
2877 414
2892 433
2911 476
2914 487
2918 486
2921 478
2923 456
2921 421
2915 371
2906 314
2894 259
2880 214
2868 181
2858 163
2851 170
2850 185
2853 209
2861 247
2878 294
2899 345
2927 395
2953 431
2970 448
2983 446
2988 434
2991 419
2991 397
2988 371
2983 342
2974 314
2960 296
2944 297
2930 306
2919 319
2917 326
2920 320
2926 315
2938 312
2955 315
2977 322
3003 333
3027 347
3050 365
3072 385
3088 404
3094 425
3086 427
3074 415
3063 395
3055 373
3049 346
3053 323
3063 315
3077 320
3091 329
3103 343
3110 364
3112 390
3111 420
3108 448
3100 467
3086 468
3070 457
3058 445
3060 429
3068 411
3082 397
3099 394
3119 399
3141 409
3161 422
3171 435
3174 436
3170 424
3165 404
3157 378
3151 351
3152 323
3159 311
3170 315
3186 325
3203 341
3220 364
3236 393
3242 417
3241 419
3238 404
3235 387
3233 368
3236 351
3243 350
3255 359
3272 373
3290 393
3306 418
3317 434
3318 428
3315 416
3311 397
3306 374
3303 352
3307 340
3314 345
3326 357
3339 374
3355 395
3365 409
3366 400
3365 388
3365 374
3371 361
3381 353
3397 357
3421 366
3443 378
3463 393
3474 411
3468 418
3461 412
3449 398
3434 376
3417 353
3406 324
3411 309
3418 316
3429 328
3442 345
3459 373
3480 412
3502 457
3524 511
3545 568
3560 621
3559 666
3547 670
3531 647
3513 614
3491 566
3474 507
3471 447
3481 393
3494 358
3511 340
3534 339
.PEN_UP
.PEN_DOWN
3660 294
3669 304
3687 314
3701 333
3716 353
3766 434
3781 464
3796 497
3809 534
3818 577
3820 618
3818 654
3812 679
3803 671
3790 646
3773 605
3756 551
3738 485
3724 420
3719 366
3723 327
3735 327
3750 341
3770 359
3795 383
3817 406
3833 416
3842 409
3847 396
3847 383
3851 372
3861 367
3876 370
3896 376
3918 386
3928 397
3926 398
3920 393
3909 384
3894 370
3885 353
3889 340
3898 342
3908 351
3920 364
3931 381
3941 401
3946 420
3945 426
3941 418
3937 403
3932 382
3931 360
3936 340
3944 338
3957 347
3973 361
3990 382
4003 409
4012 439
4018 467
4022 483
4023 479
4023 466
4023 447
4023 422
4022 397
4020 369
4013 352
3999 354
3989 361
3992 364
4004 366
4020 368
4045 372
4074 379
4104 388
.PEN_UP
.PEN_DOWN
4238 302
4247 311
4257 321
4274 331
4296 353
4334 419
4348 446
4362 477
4379 515
4395 561
4405 603
4407 642
4402 656
4392 640
4380 614
4364 572
4346 516
4330 448
4318 385
4311 336
4316 302
4327 293
4343 301
4363 318
4382 341
4398 370
4407 405
4412 434
4413 447
4411 445
4410 436
4413 425
4421 413
4435 405
4455 409
4480 417
4501 431
4511 448
4506 461
4497 459
4484 446
4472 426
4461 402
4456 377
4461 358
4472 357
4488 366
4507 378
4525 392
4540 414
4549 440
4554 465
4549 477
4541 470
4531 456
4519 435
4509 414
4502 389
4501 364
4506 347
4517 344
4536 351
4559 365
4587 384
4613 410
4630 434
4633 434
4625 420
4618 403
4611 383
4605 360
4608 344
4615 343
4626 347
4641 358
4662 377
4683 404
4704 434
4716 459
4713 463
4706 448
4697 425
4687 398
4685 367
4691 340
4702 325
4716 322
4733 326
.PEN_UP
.PEN_DOWN
4903 321
4913 331
4935 355
4942 367
4959 392
5013 467
5028 493
5042 523
5053 561
5061 605
5066 644
5066 680
5060 703
5050 693
5038 672
5022 636
5005 583
4989 510
4973 430
4960 353
4951 287
4945 240
4941 205
4942 195
4947 204
4956 225
4969 253
4981 288
4991 329
4995 364
4995 385
4997 385
5004 382
5017 384
5036 389
5061 395
5086 402
5097 410
5094 409
5087 403
5076 393
5064 378
5065 364
5072 366
5081 378
5096 393
5113 412
5122 422
5126 417
5124 408
5125 393
5129 384
5139 387
5154 394
5171 407
5192 429
5211 462
5231 507
5254 560
5274 611
5290 660
5300 702
5296 725
5288 717
5274 693
5259 656
5240 606
5222 545
5206 476
5194 416
5191 360
5197 332
5207 343
5223 360
5245 390
5271 434
5297 491
5320 555
5340 620
5353 679
5356 725
5349 734
5337 714
5325 679
5309 641
5292 586
5280 523
5272 465
5267 410
5266 366
5268 350
5278 365
5292 384
5310 403
5327 421
5333 429
5334 422
5332 407
5329 386
5332 373
5338 370
5347 377
5360 393
5377 412
5388 426
5392 420
5389 405
5386 383
5383 361
5383 345
5387 342
5396 350
5406 362
5417 379
5428 395
5435 398
5439 390
5444 380
5453 377
5466 382
5484 387
5504 398
5525 412
5545 434
5559 456
5558 468
5549 461
5534 446
5515 421
5493 394
5472 363
5461 334
5468 324
5475 328
5485 339
5497 358
5511 379
5524 399
5532 405
5536 397
5534 380
5531 357
5525 326
5515 285
5501 242
5482 194
5460 147
5431 100
5400 56
5371 22
5342 3
5326 11
5325 30
5333 57
5348 92
5370 134
5402 176
5434 219
5466 255
5497 288
5524 318
.PEN_UP
.PEN_DOWN
5471 650
5462 650
5447 650
5427 645
5413 636
.PEN_UP
.PEN_DOWN
5686 307
5691 316
5696 326
5700 336
5710 346
5740 388
5748 405
5758 428
5767 451
5768 457
5763 448
5759 426
5754 398
5748 362
5746 320
5750 288
5759 283
5772 294
5786 311
5802 329
5812 353
5819 379
5822 401
5824 406
5826 397
5827 386
5827 373
5830 361
5838 361
5847 369
5858 380
5864 395
5867 413
5868 433
5868 437
5872 436
5882 437
5894 439
5906 434
5914 425
5913 412
5912 389
5910 365
5910 341
5917 329
5926 334
5938 345
5953 365
5966 394
5981 434
5996 478
6012 527
6029 578
6042 626
6053 672
6058 705
6054 705
6048 687
6037 656
6023 606
6006 546
5990 475
5979 409
5976 357
5980 319
5989 315
6002 334
6020 361
6040 401
6059 457
6074 518
6088 584
6101 643
6112 691
6114 718
6109 702
6099 671
6083 621
6064 564
6042 487
6024 415
6017 357
6021 311
6028 295
6042 306
6057 325
6075 348
6092 370
6100 377
6105 369
6106 353
6113 335
6128 321
6150 315
6178 323
6207 335
.PEN_UP
.PEN_DOWN
5915 606
5903 606
5886 602
5876 597
5866 589
.PEN_UP
.PEN_DOWN
5920 531
5949 538
5976 548
6003 558
6030 570
6110 611
.PEN_UP
.PEN_DOWN
6300 292
6310 302
6322 309
6332 314
6342 319
6394 378
6410 402
6427 429
6442 462
6458 502
6467 542
6474 585
6478 627
6483 665
6481 688
6480 685
6474 669
6464 641
6452 597
6438 549
6425 493
6416 445
6410 408
6407 380
6407 373
6410 379
6416 390
6428 407
6443 428
6457 444
6466 440
6465 429
6462 415
6458 393
6458 375
6465 365
6478 367
6494 377
6511 392
6526 410
6531 415
6532 408
6532 399
6533 386
6542 378
6555 376
6574 381
6595 389
6615 402
6633 419
6640 435
6635 439
6624 427
6606 409
6586 387
6567 361
6563 339
6571 335
6583 342
6597 356
6614 373
6629 392
6636 391
6636 378
6633 356
6628 329
6619 291
6608 248
6593 207
6576 169
6560 136
6543 116
6529 115
6524 126
6528 142
6539 161
6555 188
6580 223
6614 262
6648 306
6686 357
6722 410
6752 468
6778 525
6794 577
6799 621
6796 654
6789 670
6778 659
6763 636
6742 597
6724 551
6707 487
6696 424
6689 371
6690 326
6695 307
6704 314
6721 328
6740 352
6762 379
6778 404
6784 407
6786 395
6786 379
6787 361
6793 341
6805 322
6826 313
6852 317
6877 324
.PEN_UP
.PEN_DOWN
6654 628
6639 628
6622 623
6605 614
6593 594
.PEN_UP
.PEN_DOWN
7001 290
7001 280
7015 295
7025 305
7035 314
7078 375
7089 393
7099 415
7108 433
7110 428
7108 411
7105 391
7103 363
7103 335
7108 313
7116 309
7128 316
7145 328
7163 346
7182 367
7195 387
7201 392
7202 385
7201 373
7201 360
7205 355
7213 361
7226 373
7241 388
7254 402
7259 396
7259 384
7258 367
7257 344
7257 321
7263 309
7275 315
7292 326
7314 349
7337 378
7362 418
7385 468
7405 517
7420 570
7428 618
7429 658
7424 676
7413 660
7397 632
7376 592
7353 537
7331 462
7312 386
7296 311
7283 238
7275 179
7269 132
7270 102
7275 110
7284 129
7297 156
7312 192
7328 234
7338 276
7343 315
7342 336
7342 335
7348 329
7358 322
7375 321
7399 326
7427 341
7457 363
7484 399
7509 446
7529 495
7544 543
7553 589
7558 627
7553 651
7541 646
7524 624
7500 590
7478 545
7459 489
7450 427
7452 377
7456 332
7463 298
7475 282
7492 280
7514 289
7537 301
7560 319
7582 343
7598 368
7599 384
7591 382
7578 370
7561 351
7537 326
7524 301
7528 286
7536 288
7547 298
7562 315
7581 337
7597 360
7603 372
7598 365
7592 353
7588 335
7586 313
7589 290
7597 279
7610 285
7627 299
7647 322
7668 354
7686 393
7703 438
7720 490
7737 545
7753 599
7754 635
7747 632
7736 613
7723 584
7705 540
7687 484
7673 429
7668 381
7672 345
7678 326
7688 326
7701 338
7718 355
7737 378
7750 402
7749 407
7740 394
7732 372
7724 347
7720 315
7724 285
7733 272
7746 274
7761 283
7781 299
7798 321
7814 346
7825 362
7825 353
7819 339
7813 317
7807 293
7806 266
7810 253
7818 257
7826 266
7838 286
7849 312
7857 341
7861 375
7860 403
7857 420
7848 418
7837 408
7827 395
7825 377
7833 360
7847 355
7867 360
7888 367
7907 369
7916 364
7911 355
7903 338
7895 316
7895 297
7900 296
7912 310
7929 330
7951 360
7977 391
7997 423
8006 434
8004 423
7999 402
7995 376
7996 348
8005 319
8018 301
8036 296
.PEN_UP
.PEN_DOWN
7837 551
7827 551
7817 548
7808 539
7798 529
7778 476
7773 458
.PEN_UP
.PEN_DOWN
7583 497
7608 502
7625 504
7664 509
7708 519
7849 585
7885 599
.PEN_UP
.PEN_DOWN
7213 612
7193 609
7176 600
7166 590
7157 580
.PEN_UP
.PEN_DOWN
8134 285
8134 270
8130 258
8122 229
8112 205
8070 136
.PEN_UP
.PEN_DOWN
8312 278
8320 287
8329 297
8339 312
8349 326
8378 381
8387 398
8395 413
8398 411
8395 399
8389 377
8383 346
8377 308
8374 272
8378 250
8387 254
8399 268
8413 286
8425 312
8435 336
8441 360
8444 369
8446 363
8447 351
8448 337
8452 321
8460 316
8471 321
8482 331
8493 344
8498 360
8501 380
8504 400
8505 410
8506 401
8507 390
8511 372
8520 358
8535 350
8555 355
8578 368
8601 390
8623 419
8643 455
8657 496
8665 536
8668 583
8665 622
8657 637
8644 620
8627 585
8610 546
8595 492
8582 425
8574 366
8568 314
8571 283
8577 284
8587 299
8600 319
8618 345
8634 366
8643 368
8643 353
8639 335
8636 313
8637 290
8643 271
8649 266
8660 272
8672 283
8682 299
8693 320
8700 343
8704 358
8704 354
8701 341
8698 323
8697 300
8700 277
8707 261
8717 263
8734 273
8755 286
8776 306
8795 328
8812 350
8826 358
8839 359
8846 364
8844 371
8836 382
8824 381
8808 375
8793 362
8781 345
8775 322
8779 296
8788 282
8802 280
8819 288
8839 301
8861 327
8885 363
8909 409
8931 464
8946 520
8953 571
8953 612
8949 617
8942 600
8932 574
8922 537
8911 486
8901 429
8894 373
8892 331
8898 312
8908 317
8920 332
8935 350
8942 359
8948 350
8949 336
8949 317
8953 299
8964 280
8985 277
9010 284
9036 293
.PEN_UP
.PEN_DOWN
8820 597
8805 595
8795 585
8781 575
8771 558
.PEN_UP
.PEN_DOWN
9202 287
9212 297
9222 312
9241 339
9254 348
9305 432
9323 463
9341 497
9357 539
9370 585
9376 626
9371 663
9360 671
9345 655
9329 627
9310 586
9297 528
9292 463
9291 401
9293 354
9298 336
9306 347
9318 365
9335 385
9351 407
9363 421
9370 417
9373 407
9373 395
9376 383
9386 378
9402 383
9423 391
9445 401
9460 407
9457 407
9449 400
9439 389
9423 374
9413 354
9416 336
9423 331
9430 337
9439 348
9448 362
9458 381
9467 401
9469 403
9466 392
9463 377
9462 359
9463 336
9471 323
9484 326
9501 333
9520 346
9535 367
9548 393
9557 421
9563 444
9568 448
9567 439
9565 422
9562 401
9560 373
9559 343
9559 314
9554 293
9544 283
9531 289
9516 296
9512 295
9520 293
9540 293
9567 295
9601 302
.PEN_UP
.PEN_DOWN
9934 431
9924 431
9909 431
9900 426
9890 417
9845 352
9833 334
9826 313
9830 295
9838 291
9850 300
9869 315
9890 335
9907 357
9916 369
9915 361
9913 344
9913 326
9920 315
9932 319
9952 332
9976 351
9999 381
10022 418
10044 461
10066 507
10089 559
10109 613
10121 664
10115 703
10097 696
10072 668
10042 626
10010 571
9986 510
9973 447
9975 399
9980 361
9986 333
9996 320
10010 322
10028 329
10046 341
10065 362
10082 390
10099 423
10113 456
10119 477
10118 478
10116 468
10113 455
10112 439
10113 421
10114 400
10114 380
10112 357
10108 333
10100 315
10087 310
10075 317
10063 328
10054 338
10054 340
10057 333
10066 323
10079 314
10097 314
10117 320
10141 330
10164 346
10186 365
10202 387
10208 410
10203 421
10192 412
10182 399
10169 378
10160 353
10158 324
10165 299
10176 289
10189 294
10203 304
10218 318
10228 335
10233 357
10234 382
10232 408
10223 432
10208 445
10191 440
10174 428
10170 412
10178 395
10194 384
10217 383
10250 387
.PEN_UP
.PEN_DOWN
10409 314
10419 324
10429 334
10439 348
10453 378
10477 425
10479 444
10484 462
10489 468
10494 458
10499 435
10500 408
10500 379
10500 344
10500 318
10493 309
10482 315
10468 325
10452 337
10449 337
10455 332
10466 324
10478 320
10497 322
10522 329
10545 339
10569 353
10590 374
10603 398
10611 421
10612 444
10607 460
10597 465
10583 458
10569 447
10557 432
10549 412
10544 387
10544 361
10547 337
10555 319
10567 311
10586 315
10610 324
10633 339
10655 358
10671 382
10681 407
10682 431
10676 445
10665 445
10651 438
10637 424
10623 400
10614 371
10609 338
10612 307
10621 290
10636 290
10653 301
10676 315
10699 335
10722 362
10741 389
10755 410
10756 415
10750 407
10742 393
10733 372
10723 346
10722 321
10728 315
10739 327
10753 343
10771 360
10789 382
10794 388
10790 380
10784 367
10779 351
10776 332
10778 317
10785 314
10796 318
10809 328
10827 345
10842 368
10854 391
10859 393
10856 379
10850 363
10846 344
10848 324
10857 317
10866 321
10882 329
10905 340
10926 358
10945 381
10959 406
10955 423
10945 420
10933 408
10919 394
10907 372
10899 349
10897 326
10902 313
10912 312
10928 317
10950 327
10976 341
11002 360
11026 379
11037 396
11031 404
11022 401
11008 394
10989 379
10968 358
10949 334
10934 308
10938 293
10948 296
10965 305
10987 320
11011 344
11041 374
11068 410
11094 451
11120 497
11140 543
11154 589
11157 626
11150 652
11133 645
11110 623
11081 589
11052 539
11033 486
11029 429
11036 382
11046 347
11064 324
11086 318
11114 323
.PEN_UP
.PEN_DOWN
11426 368
11426 378
11409 385
11399 385
11389 383
11343 334
11329 312
11317 290
11315 271
11321 263
11330 270
11342 281
11357 297
11374 319
11387 342
11391 349
11390 343
11389 331
11386 317
11389 302
11396 296
11410 304
11427 316
11445 332
11458 351
11463 371
11463 377
11463 372
11465 376
11470 383
11477 395
11487 410
11500 429
11512 450
11523 474
11534 501
11541 529
11546 558
11550 587
11551 613
11547 633
11537 635
11525 625
11509 608
11492 578
11480 537
11469 491
11462 446
11459 408
11460 376
11463 348
11470 324
11480 305
11496 301
11515 307
11535 317
11555 330
11573 348
11588 362
11596 357
11593 345
11587 330
11578 310
11576 293
11581 292
11588 305
11600 324
11617 348
11635 377
11651 402
11660 411
11660 405
11658 390
11655 370
11652 348
11653 327
11660 328
11670 339
11683 351
11700 368
11709 379
11709 371
11707 360
11705 344
11706 324
11712 307
11724 303
11740 311
11761 320
11782 332
11798 349
11812 370
11813 382
11807 379
11797 370
11785 352
11774 329
11765 301
11768 274
11778 266
11789 270
11801 281
11811 296
11818 317
11822 343
11824 370
11823 397
11819 414
11812 410
11806 400
11801 390
11807 375
11820 366
11838 372
11859 381
11879 395
11893 413
11902 425
11906 423
11909 412
11911 395
11909 368
11906 337
11903 306
11894 283
11884 277
11874 286
11868 300
11867 308
11869 304
11875 296
11887 291
11902 294
11925 305
11949 323
11972 346
11996 381
12015 421
12031 467
12044 516
12058 565
12072 607
12072 628
12064 612
12051 586
12036 545
12019 499
12006 442
12005 389
12010 345
12018 309
.PEN_UP
.PEN_DOWN
11872 456
11887 441
11897 436
11933 434
11967 434
12090 460
12127 475
12169 493
12208 505
.PEN_UP
.PEN_DOWN
12275 263
12294 278
12306 300
12321 319
12331 329
12356 369
12357 361
12356 346
12355 323
12355 299
12356 272
12361 255
12371 253
12386 261
12404 276
12423 296
12442 323
12457 352
12469 370
12472 368
12469 355
12464 340
12461 320
12463 306
12469 307
12479 315
12490 325
12500 335
12505 335
12505 324
12505 311
12509 312
12518 318
12529 329
12543 344
12552 353
12554 351
12552 343
12552 332
12556 318
12565 312
12580 314
12598 322
12616 335
12631 353
12641 373
12644 382
12642 371
12638 356
12631 328
12624 290
12612 241
12599 192
12585 148
12570 112
12558 89
12552 94
12557 115
12566 143
12582 193
12603 252
12631 318
12655 378
12672 417
12684 427
12689 415
12692 402
12694 382
12694 360
12691 336
12684 314
12671 300
12653 299
12638 306
12629 315
12634 314
12642 307
12653 297
12670 290
12690 290
12711 299
12731 311
12744 328
12753 353
12757 379
12754 404
12745 412
12735 405
12724 388
12713 365
12709 342
12711 312
12715 289
12723 276
12735 277
12748 285
12761 298
12769 317
12775 341
12780 370
12784 398
12790 423
12793 433
12797 428
12801 420
12808 409
12818 398
12827 383
12836 364
12835 341
12832 315
12834 292
12839 283
12845 289
12854 300
12865 313
12874 328
12879 348
12885 368
12890 385
12900 398
12911 394
12920 385
12925 372
12922 354
12920 332
12920 307
12924 288
12932 293
12942 309
12952 328
12962 354
12970 383
12975 412
12980 431
12982 430
12982 422
12984 410
12989 396
13002 388
13020 388
13040 396
13056 407
13059 407
13055 401
13051 388
13047 370
13041 348
13037 323
13039 302
13047 295
13060 301
13078 314
13101 330
13124 349
13142 377
13144 393
13136 392
13125 380
13113 362
13099 338
13087 310
13082 282
13090 269
13102 271
13117 280
13132 294
13146 315
13156 340
13161 368
13163 394
13160 418
13150 433
13139 432
13125 424
13112 413
13107 393
13106 370
13111 346
13119 329
13134 325
13152 331
13174 341
13196 354
13216 372
13228 390
13227 395
13222 389
13216 376
13208 357
13201 335
13195 308
13199 290
13206 286
13214 294
13223 305
13235 323
13247 348
13257 369
13259 375
13254 363
13249 347
13245 329
13248 309
13257 297
13268 305
13282 318
13298 336
13309 360
13319 393
13326 426
13331 449
13336 444
13337 430
13336 412
13333 390
13329 366
13326 339
13323 315
13317 296
13305 292
13291 299
13292 304
13301 306
13318 307
13339 310
13368 315
13405 324
13439 335
.PEN_UP
.PEN_DOWN
13213 595
13184 587
13162 580
13143 570
13125 561
.PEN_UP
.PEN_DOWN
12372 529
12355 517
12345 507
12326 497
12314 487
12281 441
12285 430
.PEN_UP
.PEN_DOWN
13611 261
13620 270
13635 295
13645 319
13659 341
13703 420
13715 449
13728 485
13737 524
13743 565
13741 592
13737 590
13729 572
13719 543
13708 497
13696 443
13687 385
13681 337
13679 300
13684 281
13694 279
13709 290
13728 308
13746 333
13759 364
13756 379
13749 368
13741 354
13735 337
13731 318
13733 295
13741 279
13755 276
13768 285
13780 298
13781 313
13776 334
13768 342
13769 339
13774 336
13784 337
13799 345
.PEN_UP
.PEN_DOWN
13540 463
13559 465
13598 465
13635 468
13674 473
13763 490
13788 495
.PEN_UP
.PEN_DOWN
13935 239
13945 251
13952 261
13959 270
13964 280
13977 330
13984 350
13995 376
14008 405
14025 440
14042 475
14058 507
14066 523
14065 513
14060 494
14053 462
14043 418
14034 368
14027 318
14025 277
14032 254
14042 257
14058 271
14080 293
14104 327
14126 366
14147 418
14163 477
14176 539
14188 600
14197 653
14204 694
14201 708
14193 693
14182 665
14167 619
14149 563
14127 486
14106 411
14089 346
14078 290
14083 257
14090 252
14102 265
14116 286
14134 313
14154 343
14163 364
14166 358
14163 345
14161 321
14159 295
14161 267
14169 243
14184 237
14205 243
14231 254
14255 268
14272 287
14282 313
14283 338
14275 349
14260 339
14240 321
14224 300
14222 279
14236 255
14257 246
14285 250
14316 258
.PEN_UP
.PEN_DOWN
13903 390
13915 395
13928 397
13947 400
13974 405
14066 431
14094 441
14125 451
.PEN_UP
.PEN_DOWN
14446 243
14463 245
14473 252
14488 267
14505 287
14550 373
14562 402
14575 437
14588 480
14597 526
14600 570
14596 607
14589 630
14579 623
14565 598
14549 558
14536 499
14527 432
14521 362
14519 301
14520 257
14526 227
14536 233
14552 251
14573 278
14596 316
14617 354
14629 388
14630 398
14628 385
14625 361
14622 336
14621 303
14620 271
14622 246
14628 231
14639 233
14653 241
14669 252
14683 272
14696 296
14706 320
14713 328
14718 317
14720 297
14720 277
14721 255
14727 238
14737 239
14753 248
14773 263
14793 286
14814 314
14829 342
14833 361
14827 361
14817 350
14805 332
14786 306
14766 277
14758 252
14764 243
14776 254
14795 269
14815 285
14834 286
14843 275
14841 253
14836 225
14825 186
14811 143
14790 100
14761 59
14733 25
14704 0
14690 8
14693 28
14703 53
14722 85
14746 123
14776 165
14812 210
14846 261
14878 314
14906 371
14927 429
14941 484
14952 536
14954 577
14949 603
14936 599
14920 582
14898 555
14877 513
14865 463
14862 400
14865 344
14869 294
14873 255
14880 235
14890 243
14902 258
14915 277
14927 300
14936 319
14941 318
14944 305
14946 286
14947 265
14954 243
14968 226
14987 227
.PEN_UP
.PEN_DOWN
14788 525
14778 518
14768 508
14759 499
14749 489
.PEN_UP
.PEN_DOWN
15200 233
15207 250
15219 272
15229 284
15239 299
15254 345
15252 341
15249 328
15247 309
15247 285
15251 264
15261 266
15275 278
15296 291
15316 310
15326 311
15326 302
15323 288
15320 268
15319 247
15321 234
15329 236
15340 246
15354 263
15367 285
15375 306
15378 312
15379 300
15378 284
15378 269
15383 256
15393 261
15407 274
15423 292
15436 317
15445 348
15453 388
15457 431
15463 481
15469 531
15474 576
15474 594
15471 582
15466 561
15462 526
15459 482
15458 430
15462 376
15467 333
15475 301
15489 289
15506 294
15522 307
15535 324
15542 346
15544 373
15542 398
15536 415
15526 411
15513 400
15500 384
15492 361
15488 334
15490 304
15497 280
15509 272
15525 280
15544 294
15560 310
15571 332
15577 358
15582 382
15585 402
15591 406
15599 399
15603 387
15604 373
15600 353
15598 329
15596 305
15599 284
15610 277
15626 283
15644 292
15663 306
15675 325
15681 349
15677 367
15667 367
15652 357
15640 343
15630 324
15632 303
15640 284
15653 281
15670 288
15688 299
15708 315
15722 342
15734 374
15741 405
15745 427
15749 424
15748 414
15748 399
15748 375
15748 347
15748 314
15743 290
15733 283
15719 289
15705 300
15698 301
15704 295
15715 287
15732 283
15752 287
15777 298
15802 319
15827 347
15850 383
15872 426
15890 470
15902 521
15911 573
15912 615
15906 622
15897 600
15883 561
15868 518
15858 460
15863 401
15870 354
15883 314
15899 292
.PEN_UP
.PEN_DOWN
15256 467
15280 464
15314 464
15346 464
15380 467
15495 504
15532 518
15569 534
.PEN_UP
.PEN_DOWN
15266 603
15249 601
15234 591
15219 572
15210 560
.PEN_UP
.PEN_DOWN
15736 450
15768 457
15805 482
15848 503
15890 521
16034 579
16084 593
.PEN_UP
.PEN_DOWN
16129 213
16131 226
16141 247
16151 260
16160 274
16173 325
16171 342
16169 362
16172 378
16180 386
16193 380
16208 370
16222 358
16229 342
16228 320
16233 300
16240 287
16253 291
16270 298
16289 308
16308 321
16326 336
16335 347
16330 345
16322 338
16309 326
16295 310
16280 291
16268 269
16271 256
16280 260
16289 268
16302 280
16318 300
16334 322
16346 347
16350 362
16348 356
16346 346
16342 330
16338 307
16336 283
16339 262
16347 255
16358 262
16369 275
16385 292
16400 320
16414 357
16429 398
16443 446
16456 496
16466 544
16473 581
16470 588
16465 572
16457 547
16449 513
16440 464
16435 406
16434 348
16437 300
16442 263
16451 245
16464 252
16480 265
16496 284
16505 311
16507 340
16503 365
16493 374
16481 364
16468 345
16455 320
16450 290
16453 259
16464 239
16479 237
16497 244
16518 255
16534 273
16547 296
16557 325
16565 355
16570 381
16576 401
16579 403
16578 392
16577 374
16578 350
16579 321
16581 291
16581 265
16578 239
16567 231
16553 233
16536 239
16519 253
16508 263
16503 259
16506 252
16520 245
16543 243
16576 247
16617 253
16654 264
.PEN_UP
.PEN_DOWN
16236 508
16256 506
16287 506
16331 506
16365 506
16492 526
16537 537
16579 550
16617 562
.PEN_UP
.PEN_DOWN
16885 562
16899 574
16909 584
16921 591
16941 601
16982 631
16979 630
16970 626
16957 619
16938 610
16916 601
16901 597
16901 602
16912 615
16927 631
16948 647
16971 653
16991 645
17003 628
17003 606
16998 571
16990 529
16977 481
16960 429
16940 379
16918 335
16906 310
16911 316
16924 333
16943 358
16972 395
17004 441
17037 487
17062 519
17070 510
17065 488
17059 453
17049 408
17037 358
17025 309
17022 278
17027 275
17035 290
17051 318
17077 361
17109 421
17144 490
17174 549
17195 598
17198 615
17191 601
17181 577
17169 540
17154 496
17139 442
17129 391
17125 351
17125 317
17128 292
17137 287
17148 295
17162 310
17177 330
17187 355
17193 382
17196 392
17201 394
17207 386
17210 373
17207 356
17200 332
17193 305
17187 279
17191 260
17204 263
17221 273
17243 284
.PEN_UP
.PEN_DOWN
17355 308
17345 311
17336 299
17324 279
17316 267
.PEN_UP
.PEN_DOWN
17494 543
17494 525
17494 511
17497 496
17504 482
17541 461
17559 462
17580 468
17605 483
17631 504
17649 532
17661 562
17661 590
17655 617
17646 642
17632 648
17615 634
17595 610
17573 571
17552 520
17529 451
17504 376
17480 308
17455 245
17436 199
17423 174
17416 181
17418 198
17424 223
17434 258
17450 294
17471 327
17491 341
17506 336
17516 326
17523 314
17530 299
17541 285
17558 275
17577 276
17600 281
17624 290
17648 300
17671 311
17679 322
17674 319
17663 308
17645 291
17627 271
17610 249
17598 235
17601 233
17609 237
17621 247
17634 261
17649 280
17663 305
17673 325
17673 328
17670 319
17665 305
17660 290
17663 274
17669 267
17679 275
17693 289
17710 308
17728 333
17742 362
17748 380
17744 373
17736 361
17729 342
17724 320
17724 299
17730 285
17741 288
17757 297
17775 311
17790 330
17795 342
17790 334
17784 318
17778 300
17775 277
17780 259
17788 254
17798 263
17809 274
17821 287
17829 306
17834 329
17837 344
17837 345
17838 338
17842 339
17848 345
17856 357
17862 371
17865 391
17869 408
17876 419
17885 416
17897 406
17909 392
17917 374
17922 355
17922 335
17920 314
17918 294
17911 275
17901 268
17890 274
17879 279
17874 277
17880 271
17891 270
17906 274
17926 283
17948 293
17968 310
17988 330
18008 350
18025 372
18025 383
18017 375
18008 363
18001 343
17994 320
17989 293
17991 269
17998 265
18008 273
18017 287
18027 304
18031 327
18032 353
18030 378
18027 394
18022 394
18025 387
18035 382
18047 381
18063 384
18084 385
18100 381
18107 369
18103 351
18095 327
18086 299
18077 275
18068 255
18069 250
18076 256
18090 271
18109 294
18134 323
18161 358
18174 382
18176 377
18172 363
18166 347
18159 325
18153 302
18158 280
18167 266
18183 262
.PEN_UP
.PEN_DOWN
18484 338
18484 347
18484 357
18474 357
18460 350
18425 315
18414 304
18403 288
18398 270
18404 259
18414 264
18432 278
18450 300
18474 329
18499 368
18520 414
18539 463
18552 513
18555 559
18552 595
18546 605
18535 590
18522 558
18507 522
18498 470
18492 407
18490 353
18491 302
18496 265
18506 251
18520 256
18538 267
18558 284
18574 306
18584 332
18585 355
18579 362
18569 354
18558 340
18548 322
18540 298
18538 270
18543 254
18551 248
18563 253
18576 263
18591 276
18604 295
18615 316
18624 334
18629 338
18630 328
18630 306
18629 278
18628 244
18627 203
18625 167
18621 134
18614 104
18601 89
18587 95
18579 108
18583 133
18592 171
18608 221
18626 275
18648 324
18673 364
18693 391
18709 398
18718 390
18715 374
18708 351
18697 324
18685 295
18671 271
18659 272
18651 282
18646 286
18646 282
18650 276
18660 272
18675 275
18698 283
18724 301
18748 327
18772 372
18792 425
18810 483
18825 547
18831 602
18827 647
18820 675
18808 662
18794 642
18776 607
18762 565
18753 506
18751 442
18756 386
18764 339
18773 306
18786 289
18802 289
18819 296
18840 305
18859 319
18873 336
18876 350
18868 342
18858 325
18848 305
18841 282
18845 256
18854 245
18866 253
18875 263
18883 280
18881 301
18876 327
18868 354
18857 363
18857 358
18862 350
18875 349
18893 353
18915 360
18939 362
18952 357
18956 347
18953 331
18950 310
18946 284
18948 265
18956 262
18967 272
18983 290
19001 310
19016 337
19027 364
19029 378
19026 370
19023 358
19018 338
19012 311
19006 278
19000 239
18993 202
18984 167
18971 136
18954 106
18935 86
18916 87
18904 100
18907 116
18914 136
18931 160
18951 185
18975 205
19001 222
19023 237
19046 251
19066 271
19084 293
19095 314
19100 338
19098 358
19092 368
19081 369
19069 362
19053 349
19041 328
19037 304
19042 280
19052 261
19066 254
19084 258
19110 271
19138 289
19168 317
19196 350
19207 373
19203 381
19193 375
19181 363
19166 346
19151 324
19136 299
19125 274
19127 256
19135 252
19149 260
19171 277
19196 302
19221 333
19243 378
19263 428
19280 482
19291 540
19287 584
19279 601
19263 586
19246 559
19228 523
19213 476
19212 417
19219 359
19231 316
19247 289
19267 279
.PEN_UP
.PEN_DOWN
19472 279
19481 289
19491 301
19498 328
19508 347
19538 422
19549 453
19563 494
19575 538
19579 584
19574 601
19568 589
19559 565
19547 525
19536 473
19527 410
19522 353
19521 306
19523 277
19532 280
19546 292
19564 308
19586 332
19601 358
19607 374
19604 364
19601 352
19598 331
19596 310
19596 288
19600 277
19608 286
19616 297
19625 313
19628 331
19625 354
19618 377
19606 389
19593 383
19588 373
19594 364
19607 359
19622 362
19640 369
.PEN_UP
.PEN_DOWN
19340 477
19374 469
19406 460
19445 452
19489 450
19629 464
19670 473
.PEN_UP
.PEN_DOWN
19811 296
19811 306
19815 316
19820 328
19825 347
19840 392
19844 406
19852 414
19862 405
19873 391
19883 371
19888 345
19890 316
19891 289
19888 269
19879 261
19864 269
19846 278
19831 289
19826 286
19833 282
19844 285
19859 291
19882 306
19907 329
19933 359
19957 395
19978 429
19994 464
20005 500
20011 534
20008 547
20000 532
19988 510
19974 474
19959 427
19946 366
19937 306
19937 258
19943 235
19957 242
19974 256
19996 278
20018 306
20032 336
20035 362
20029 368
20023 356
20014 337
20004 315
19996 289
19998 265
20006 260
20016 268
20023 278
20029 292
20031 314
20032 340
20031 359
20031 359
20035 351
20044 349
20062 356
20081 361
20095 354
20099 338
20095 312
20088 277
20078 233
20064 186
20049 147
20034 116
20028 116
20032 131
20042 156
20061 198
20087 249
20118 308
20147 355
20171 374
20186 366
20195 352
20195 334
20191 314
20184 292
20171 271
20155 255
20136 247
20113 244
20091 248
20072 257
.PEN_UP
.PEN_DOWN
19847 491
19857 491
19879 491
19901 486
19923 486
20010 486
20047 490
20088 498
.PEN_UP
.PEN_DOWN
20369 260
20381 277
20391 287
20398 299
20408 313
20448 362
20447 366
20440 358
20434 344
20427 322
20421 296
20420 268
20424 256
20434 263
20448 278
20470 305
20496 341
20522 392
20548 450
20568 506
20584 561
20592 605
20585 628
20576 615
20560 582
20546 533
20533 476
20529 409
20534 355
20541 314
20553 285
.PEN_UP
.PEN_DOWN
20347 538
20383 533
20401 530
20430 525
20466 525
20601 533
20637 540
20670 547
.PEN_UP
.PEN_DOWN
20466 472
20457 467
20444 455
20435 445
20444 447
.PEN_UP
.PEN_DOWN
20669 262
20676 272
20681 282
20691 282
20700 282
20721 264
20715 249
20702 235
20685 225
20664 224
20646 230
20636 243
20639 260
20647 275
.PEN_UP
