

.STYLE CURSIVE
.COMMENT previously: .WRITER_ID wcdr.589
.WRITER_ID wcd
.HAND R
.SEX M

.PEN_DOWN
313 768
313 783
313 798
313 807
313 820
283 834
258 820
224 786
182 739
132 665
85 578
45 491
14 411
0 349
4 308
16 294
38 307
68 330
106 367
149 414
188 475
224 536
254 597
277 656
291 703
290 739
281 743
266 722
244 682
221 630
195 566
177 498
167 446
169 402
175 388
190 401
211 417
233 440
257 465
277 494
287 510
286 501
282 489
277 470
272 449
268 425
271 408
279 410
290 418
304 433
320 448
333 453
341 446
347 435
355 427
370 431
391 438
416 449
440 465
456 486
457 496
449 490
435 477
418 459
396 434
381 408
390 400
405 410
428 431
452 459
480 493
507 538
530 590
550 645
565 700
567 746
560 767
544 749
525 721
502 671
482 607
475 534
483 470
497 425
516 397
.PEN_UP
.PEN_DOWN
688 388
698 415
703 427
713 449
720 469
747 524
753 542
758 551
763 544
766 530
767 507
767 475
767 440
767 408
763 397
755 403
744 409
736 406
739 397
747 388
761 384
778 385
798 391
820 398
839 408
847 409
844 405
839 396
832 383
830 368
834 350
844 342
861 344
883 351
909 362
931 378
940 398
933 420
922 440
905 455
883 464
858 465
838 457
834 447
841 438
852 432
869 435
891 443
916 454
942 467
959 473
964 465
958 452
951 434
946 412
948 396
953 397
962 406
975 420
994 442
1011 457
1020 460
1018 451
1012 436
1007 417
1009 402
1016 399
1027 405
1044 417
1065 432
1081 453
1085 459
1086 449
1086 435
1087 419
1093 402
1104 389
1122 391
1145 398
1168 409
1187 425
1199 443
1199 465
1192 484
1181 493
1163 488
1141 474
1124 452
1123 426
1136 397
1157 383
1185 385
1221 392
.PEN_UP
.PEN_DOWN
1498 461
1500 471
1500 481
1500 490
1491 490
1443 453
1424 430
1406 402
1392 374
1389 346
1397 333
1414 341
1434 356
1458 376
1481 399
1495 426
1494 445
1486 445
1477 432
1468 415
1468 394
1476 377
1490 373
1509 386
1535 407
1563 435
1588 473
1611 517
1625 558
1634 602
1638 650
1636 690
1630 721
1618 719
1600 695
1577 652
1554 592
1530 517
1512 436
1500 365
1493 301
1491 253
1491 221
1491 210
1491 219
1495 237
1504 262
1518 291
1535 322
1553 346
1575 360
1599 370
1624 375
.PEN_UP
.PEN_DOWN
1783 366
1791 376
1805 395
1815 415
1825 430
1851 477
1844 474
1837 463
1829 445
1823 423
1825 398
1831 376
1842 374
1862 385
1885 407
1910 432
1935 465
1955 505
1971 550
1986 598
1997 653
2004 706
2009 751
2005 764
1996 744
1983 702
1970 654
1958 589
1952 521
1955 466
1962 423
1974 407
1989 411
2007 420
2022 432
2033 448
2033 465
2031 486
2030 507
2031 519
2034 518
2041 509
2049 495
2057 474
2065 451
2067 426
2062 408
2054 396
2037 398
2016 406
1997 414
1993 413
2006 407
2028 401
2064 402
2107 407
2155 416
2197 425
.PEN_UP
.PEN_DOWN
1795 632
1827 632
1859 634
1895 639
1937 644
2058 670
2091 675
2126 680
.PEN_UP
.PEN_DOWN
1912 749
1895 749
1883 742
1869 732
1864 720
.PEN_UP
.PEN_DOWN
2407 366
2417 376
2422 388
2444 417
2464 447
2520 537
2536 567
2554 602
2572 639
2587 676
2592 709
2584 724
2572 713
2560 696
2545 665
2532 625
2522 571
2515 514
2512 467
2516 440
2527 436
2542 445
2560 457
2576 476
2581 488
2576 479
2567 467
2559 450
2554 427
2561 407
2571 400
2586 408
2600 420
2613 432
2620 450
2618 475
2612 501
2604 528
2594 550
2578 557
2564 551
2554 536
2553 518
2559 500
2572 483
2594 483
2623 491
2655 499
2681 513
2691 521
2686 512
2678 496
2669 468
2656 428
2640 377
2621 323
2600 272
2579 230
2570 210
2575 223
2581 243
2594 274
2613 318
2637 375
2665 432
2692 483
2712 516
2727 511
2738 493
2744 476
2747 453
2744 432
2736 415
2720 403
2700 397
2675 395
2650 394
.PEN_UP
.PEN_DOWN
2405 634
2415 634
2449 634
2481 634
2520 634
2629 635
.PEN_UP
.PEN_DOWN
3105 478
3105 490
3105 500
3105 510
3105 520
3073 530
3059 523
3046 510
3035 489
3026 463
3026 436
3031 415
3044 405
3063 410
3089 424
3121 448
3154 477
3186 518
3219 566
3248 620
3274 681
3294 740
3302 792
3300 836
3294 864
3285 869
3273 852
3260 824
3245 789
3231 739
3220 679
3213 621
3210 564
3210 517
3211 481
3214 461
3222 461
3233 469
3248 480
3261 492
3269 496
3270 491
3269 481
3268 467
3269 450
3275 434
3286 432
3300 439
3318 449
3333 463
3344 480
3352 501
3349 520
3341 531
3331 527
3319 517
3307 502
3299 479
3297 455
3303 431
3315 419
3330 420
3349 426
3371 439
3393 457
3413 479
3419 493
3414 486
3404 472
3396 453
3395 434
3401 426
3411 431
3422 441
3436 455
3454 473
3470 495
3482 514
3484 518
3480 508
3477 491
3474 471
3472 446
3472 421
3477 410
3492 420
3511 437
3536 459
3562 486
3583 526
3602 570
3617 619
3630 673
3638 723
3640 763
3635 769
3624 749
3612 714
3595 668
3581 614
3572 555
3568 505
3568 466
3568 431
3574 409
.PEN_UP
.PEN_DOWN
3451 627
3461 627
3485 627
3517 627
3546 627
3657 636
3692 642
.PEN_UP
.PEN_DOWN
3344 676
3334 664
3327 654
3317 627
.PEN_UP
.PEN_DOWN
3692 493
3705 498
3714 498
3741 498
3758 498
.PEN_UP
.PEN_DOWN
3807 383
3824 395
3834 408
3844 430
3856 444
3888 498
3892 515
3896 536
3898 556
3901 558
3905 545
3908 523
3910 492
3910 454
3909 413
3903 384
3891 374
3878 382
3862 394
3850 405
3851 401
3858 393
3869 386
3888 382
3911 383
3937 391
3960 403
3978 421
3991 442
3999 463
4001 487
3995 497
3984 488
3971 474
3960 454
3956 428
3961 399
3972 390
3989 395
4009 407
4027 422
4039 443
4045 466
4048 493
4051 519
4051 540
4051 546
4059 541
4072 534
4087 528
4102 517
4105 502
4102 480
4098 453
4095 426
4095 401
4102 391
4113 396
4129 408
4149 427
4171 451
4192 479
4208 506
4212 505
4207 495
4204 480
4200 460
4195 430
4191 396
4190 368
4195 356
4204 363
4216 373
4228 388
4239 410
4248 440
4252 474
4255 502
4254 512
4253 506
4253 496
4256 484
4267 473
4284 472
4306 479
4328 489
4333 492
4327 483
4320 467
4316 444
4314 417
4319 393
4328 390
4343 400
4361 415
4382 435
4403 462
4421 490
4435 506
4444 503
4446 505
4442 508
4432 506
4417 501
4401 490
4387 476
4379 457
4376 436
4378 415
4385 398
4395 386
4412 380
4434 381
4459 387
4487 396
4517 413
4545 435
4568 459
4575 481
4568 496
4556 501
4540 496
4520 487
4502 471
4491 448
4489 420
4494 392
4504 373
4522 365
4546 370
4577 377
4608 387
4636 399
.PEN_UP
.PEN_DOWN
4475 768
4465 766
4456 756
4446 746
4434 739
.PEN_UP
.PEN_DOWN
4846 422
4855 422
4865 432
4875 439
4885 449
4915 491
4918 504
4918 521
4910 529
4897 520
4881 504
4864 478
4854 447
4849 409
4852 378
4860 365
4875 371
4894 384
4914 400
4931 418
4945 441
4956 463
4970 481
4984 485
4996 479
5005 469
5010 454
5011 435
5013 413
5019 396
5033 392
5050 400
5068 411
5084 428
5094 450
5102 474
5108 498
5107 520
5101 533
5093 530
5085 523
5076 508
5072 486
5069 461
5069 433
5075 412
5085 403
5102 404
5122 411
5141 423
5160 439
5179 460
5196 482
5213 499
5224 502
5230 497
5233 499
5230 506
5224 517
5212 517
5192 511
5173 502
5157 485
5145 465
5141 438
5141 411
5146 391
5157 377
5173 372
5193 376
5216 386
5239 400
5258 420
5273 444
5282 463
5284 466
5283 459
5281 442
5278 425
5278 403
5284 391
5295 398
5307 409
5323 425
5334 439
5335 440
5333 430
5331 413
5330 393
5334 374
5344 370
5358 380
5376 399
5396 422
5412 457
5427 503
5439 547
5452 593
5463 636
5472 671
5473 691
5468 682
5460 657
5448 617
5434 565
5421 505
5413 449
5409 404
5410 371
5415 354
5425 354
5439 362
5457 381
5474 408
5488 438
5498 471
5501 487
5499 480
5496 468
5493 451
5488 432
5485 412
5488 392
5494 384
5505 386
5517 392
5531 404
5541 420
5549 435
5554 441
5558 435
5561 424
5561 409
5564 392
5570 378
5579 379
5589 386
5598 396
5603 412
5608 432
5611 454
5614 466
5617 461
5621 453
5627 439
5637 426
5651 415
5668 411
5690 415
5712 424
5731 440
5745 460
5750 487
5748 512
5738 528
5726 529
5710 520
5694 502
5684 476
5680 444
5683 412
5689 386
5702 372
5718 375
5741 382
5767 396
5791 414
5812 437
5829 464
5837 491
5844 519
5850 538
5854 540
5858 532
5862 519
5865 500
5868 473
5870 443
5869 416
5865 394
5855 383
5841 383
5822 389
5801 398
5789 409
5794 415
5809 418
5832 417
5868 419
5913 423
5959 431
6001 443
.PEN_UP
.PEN_DOWN
5711 620
5697 620
5687 617
5662 603
5645 590
.PEN_UP
.PEN_DOWN
5306 569
5316 569
5350 573
5380 583
5424 593
5554 629
5609 646
5665 663
5718 681
.PEN_UP
.PEN_DOWN
4963 417
4953 403
4948 393
4946 383
4955 388
4981 426
4991 443
5010 468
5036 499
5070 537
5107 574
.PEN_UP
.PEN_DOWN
6006 366
5996 354
5987 344
5979 334
5972 325
5945 287
.PEN_UP
.PEN_DOWN
6239 347
6248 357
6258 376
6268 391
6278 406
6321 462
6327 477
6327 487
6323 481
6320 470
6314 454
6308 429
6304 401
6307 375
6316 366
6328 371
6341 384
6356 401
6369 420
6380 442
6388 443
6391 432
6392 416
6392 402
6397 399
6408 407
6422 418
6439 433
6451 440
6457 432
6460 423
6460 409
6463 391
6473 384
6487 388
6508 397
6530 410
6548 425
6562 444
6575 455
6583 458
6581 462
6573 465
6562 460
6548 449
6534 430
6522 403
6519 372
6523 344
6533 325
6549 325
6569 334
6592 349
6619 374
6642 405
6665 447
6685 494
6699 544
6709 596
6713 645
6711 686
6706 714
6698 711
6689 691
6680 661
6674 616
6673 563
6673 504
6675 454
6677 414
6682 391
6692 394
6704 407
6720 424
6734 446
6745 460
6751 452
6754 435
6755 414
6755 390
6759 371
6767 367
6780 376
6795 387
6808 406
6819 432
6826 457
6830 465
6831 455
6830 440
6829 423
6830 404
6835 385
6849 380
6868 386
6891 396
6915 409
6936 427
6952 449
6953 457
6945 450
6935 438
6921 419
6904 398
6888 371
6886 350
6895 348
6908 361
6922 382
6940 409
6958 440
6974 479
6990 521
7005 571
7018 624
7027 674
7030 714
7026 735
7018 723
7006 696
6990 649
6975 593
6962 527
6958 463
6962 413
6967 375
6975 356
6989 364
7006 379
7027 405
7044 431
7049 449
7046 440
7040 423
7036 399
7036 377
7041 367
7051 371
7061 379
7073 393
7085 410
7093 426
7098 431
7101 422
7100 407
7099 392
7099 376
7104 367
7113 371
7125 377
7141 377
7160 375
7177 375
7198 379
7218 388
7243 400
7268 415
7292 433
7313 447
7318 450
7311 444
7299 432
7284 417
7269 398
7266 384
7274 384
7284 391
7293 401
7303 406
7312 401
7318 392
7323 376
7324 352
7320 315
7311 269
7295 223
7271 172
7239 124
7206 82
7173 42
7145 20
7129 32
7125 51
7136 85
7161 133
7197 195
7241 264
7294 333
7344 394
7387 444
.PEN_UP
.PEN_DOWN
7143 610
7131 610
7121 606
7111 598
7102 588
.PEN_UP
.PEN_DOWN
6412 640
6402 640
6392 640
6382 632
6377 615
.PEN_UP
.PEN_DOWN
7614 630
7626 642
7636 649
7645 659
7667 674
7714 712
7728 720
7732 717
7723 707
7712 696
7694 683
7674 669
7651 658
7639 659
7646 667
7657 678
7674 694
7694 709
7717 722
7740 727
7762 724
7780 714
7789 698
7786 669
7777 624
7762 569
7740 503
7713 434
7686 374
7663 327
7653 316
7661 332
7677 361
7702 400
7733 453
7770 511
7807 563
7841 607
7869 639
7889 647
7892 632
7885 603
7876 571
7864 526
7849 477
7840 443
7845 440
7853 459
7870 483
7890 514
7914 557
7942 610
7967 662
7980 691
7979 678
7973 656
7963 615
7951 566
7942 507
7938 451
7941 408
7945 377
7953 359
7964 353
7980 359
7995 375
8009 398
8017 426
8021 459
8023 483
8023 492
8027 490
8035 483
8046 473
8058 458
8061 440
8061 417
8071 404
8089 402
.PEN_UP
.PEN_DOWN
8218 384
8209 386
8201 376
8189 362
8184 352
.PEN_UP
.PEN_DOWN
8365 618
8374 618
8389 618
8404 623
8423 627
8465 634
8462 620
8457 598
8450 565
8442 520
8432 473
8422 427
8410 383
8398 345
8386 317
8373 307
8365 316
8369 341
8375 371
8389 419
8411 483
8444 547
8481 612
8519 671
8552 717
8580 750
8604 747
8618 728
8626 702
8624 667
8617 630
8603 589
8582 556
8550 526
8513 506
8476 493
.PEN_UP
.PEN_DOWN
8550 320
8560 320
8569 330
8589 345
8599 359
8658 438
8678 466
8700 502
8722 546
8743 597
8759 646
8766 688
8763 723
8756 726
8746 714
8731 685
8711 641
8690 579
8671 509
8656 446
8650 399
8655 375
8668 374
8684 385
8705 402
8724 421
8734 427
8735 416
8732 399
8730 380
8732 357
8738 342
8750 347
8763 357
8780 369
8795 388
8804 405
8810 408
8813 400
8813 387
8813 370
8818 356
8830 354
8846 362
8867 374
8887 391
8902 416
8919 453
8935 498
8949 552
8962 609
8973 668
8982 722
8989 768
8986 795
8979 784
8968 765
8955 735
8943 692
8932 638
8924 574
8918 512
8913 458
8910 416
8910 386
8915 365
8926 369
8944 383
8966 406
8989 438
9009 476
9028 527
9045 584
9059 640
9067 691
9068 729
9062 733
9053 716
9038 685
9020 641
9003 582
8989 518
8982 462
8981 418
8983 388
8991 377
9004 386
9021 401
9043 419
9062 440
9073 463
9071 465
9068 453
9063 434
9062 413
9064 387
9068 364
9079 356
9091 361
9109 370
9128 385
9143 405
9156 430
9164 448
9167 447
9166 435
9164 420
9163 397
9161 368
9155 333
9147 297
9136 261
9122 227
9107 196
9095 177
9090 187
9094 206
9107 239
9127 285
9152 344
9183 407
9209 457
9230 485
9247 483
9259 473
9265 456
9264 435
9260 412
9252 388
9239 375
9221 376
9203 383
9194 383
9199 377
9208 368
9221 363
9239 365
9264 372
9293 384
9324 402
9350 426
9369 455
9384 486
9394 514
9402 537
9407 542
9407 532
9405 514
9402 490
9399 457
9394 424
9387 392
9376 371
9360 367
9343 375
9345 375
9359 373
9380 371
9410 372
9443 377
9483 385
9521 396
9551 408
.PEN_UP
.PEN_DOWN
9225 615
9216 618
9206 618
9186 615
9174 608
.PEN_UP
.PEN_DOWN
8899 613
8886 608
8877 601
8867 591
8852 581
.PEN_UP
.PEN_DOWN
9608 374
9601 364
9591 354
9581 332
9564 318
.PEN_UP
.PEN_DOWN
9771 296
9774 308
9779 318
9789 330
9798 340
9834 397
9848 416
9863 438
9869 455
9865 448
9859 430
9852 409
9844 380
9839 350
9841 321
9849 311
9860 318
9875 330
9890 347
9903 367
9912 391
9917 404
9917 399
9916 385
9917 369
9921 351
9930 350
9941 357
9954 367
9964 382
9968 402
9971 425
9970 441
9970 438
9974 429
9981 422
9993 427
10009 436
10023 450
10034 467
10033 486
10025 497
10017 491
10008 482
10002 468
9997 452
9997 433
10002 413
10009 394
10022 380
10039 377
10054 383
10066 394
10075 410
10079 429
10082 451
10085 473
10086 494
10088 511
10096 514
10108 507
10119 496
10123 481
10121 460
10120 437
10120 412
10122 392
10131 376
10146 375
10166 384
10185 395
10198 413
10205 436
10203 460
10195 478
10182 479
10167 464
10152 443
10153 413
10165 380
10187 359
10217 353
10259 359
.PEN_UP
.PEN_DOWN
10486 374
10496 384
10505 393
10520 411
10532 423
10566 481
10570 494
10571 490
10571 477
10571 456
10571 422
10569 377
10564 325
10552 273
10539 232
10527 219
10520 230
10524 252
10533 282
10548 325
10568 382
10591 435
10615 477
10629 484
10636 471
10638 455
10637 435
10635 409
10629 382
10616 363
10598 362
10580 369
10573 372
10578 368
10592 361
10610 356
10629 357
10653 363
10672 374
10687 388
10698 408
10706 430
10711 452
10713 474
10715 486
10718 481
10726 473
10739 466
10754 458
10760 447
10758 433
10754 413
10754 389
10760 371
10776 365
10799 371
10829 383
10864 402
10891 424
10900 444
10894 447
10883 438
10875 424
10870 405
10865 382
10867 357
10874 345
10886 351
10897 359
10906 374
10910 393
10909 414
10907 437
10900 454
10889 458
10875 451
10872 441
10879 438
10892 443
10906 450
10926 458
10947 469
10964 477
10976 472
10981 462
10980 448
10976 428
10969 405
10964 383
10966 375
10972 380
10981 391
10996 409
11013 430
11027 446
11033 443
11032 429
11028 412
11023 389
11020 371
11024 365
11032 372
11044 383
11058 398
11077 417
11089 432
11095 429
11099 418
11100 405
11106 389
11118 381
11135 382
11155 388
11177 400
11196 419
11208 437
11202 446
11191 439
11176 423
11160 402
11146 378
11136 349
11140 332
11149 333
11161 340
11175 351
11193 366
11207 387
11215 411
11216 437
11211 453
11205 452
11199 445
11193 435
11196 422
11205 415
11220 423
11240 436
11266 457
11292 482
11316 518
11337 557
11353 602
11362 648
11365 685
11360 688
11352 670
11341 643
11327 605
11315 557
11305 499
11298 446
11293 402
11295 365
11303 349
11317 354
11335 366
11358 387
11376 414
11384 442
11380 458
11372 453
11363 443
11355 429
11348 410
11349 390
11356 369
11367 354
11383 351
11402 358
11422 371
11444 387
11466 411
11486 438
11495 454
11489 446
11479 431
11463 414
11447 395
11433 373
11434 362
11445 369
11462 383
11483 406
11506 435
11529 473
11549 519
11568 569
11582 620
11591 669
11586 703
11573 700
11556 678
11537 645
11513 596
11498 535
11493 477
11499 432
11509 399
11525 380
11547 370
11573 371
.PEN_UP
.PEN_DOWN
11149 537
11181 542
11212 547
11251 552
11291 557
11416 578
.PEN_UP
.PEN_DOWN
11737 296
11742 306
11746 323
11756 345
11766 364
11802 449
11814 480
11828 515
11843 557
11858 599
11865 620
11861 608
11854 585
11842 544
11828 496
11814 438
11803 380
11798 335
11800 299
11808 281
11820 284
11838 294
11859 309
11878 329
11893 353
11900 378
11897 394
11888 388
11877 372
11869 350
11868 325
11876 312
11889 312
11905 319
11922 332
11932 347
.PEN_UP
.PEN_DOWN
11668 525
11683 523
11693 523
11712 523
11725 523
11830 538
11875 546
11924 554
.PEN_UP
.PEN_DOWN
12171 362
12180 379
12195 403
12210 423
12219 447
12254 519
12263 546
12270 581
12268 615
12261 621
12253 606
12241 578
12231 540
12223 487
12221 429
12226 379
12235 360
12251 371
12269 388
12291 413
12313 446
12335 493
12355 544
12373 602
12385 657
12389 698
12383 699
12372 671
12356 630
12337 577
12315 515
12297 452
12285 403
12285 369
12292 359
12301 366
12313 379
12325 396
12335 413
12341 422
12344 413
12344 398
12345 380
12351 361
12361 348
12379 351
12398 359
12417 371
12431 387
12438 405
12436 427
12428 445
12415 449
12398 438
12378 421
12361 401
12357 376
12363 352
12376 335
12395 336
12418 343
12445 354
.PEN_UP
.PEN_DOWN
12046 535
12083 528
12117 520
12161 513
12210 513
12379 532
12430 543
.PEN_UP
.PEN_DOWN
12666 345
12675 352
12692 362
12707 371
12712 381
12744 433
12751 448
12754 457
12756 452
12756 440
12754 417
12751 380
12746 328
12737 272
12722 215
12704 161
12688 117
12679 99
12683 112
12690 137
12699 169
12714 213
12733 272
12754 328
12778 382
12794 419
12810 427
12821 415
12826 397
12831 382
12831 362
12825 340
12814 324
12796 316
12775 323
12764 326
12768 322
12778 320
12793 319
12812 322
12835 330
12858 341
12882 356
12902 374
12915 391
12914 408
12906 412
12895 402
12882 384
12871 361
12865 335
12870 308
12878 291
12891 291
12904 302
12917 315
12926 332
12927 356
12925 384
12921 412
12913 429
12905 424
12897 414
12895 399
12900 383
12910 372
12926 374
12946 383
12968 394
12982 407
12985 408
12982 399
12980 384
12977 368
12978 349
12984 336
12994 338
13007 346
13025 360
13042 381
13055 404
13063 421
13062 418
13058 407
13053 394
13048 376
13044 357
13044 341
13049 335
13059 340
13071 351
13085 364
13098 380
13105 388
13107 380
13106 367
13106 350
13113 339
13125 341
13144 352
13169 371
13192 399
13213 432
13230 476
13245 526
13259 580
13271 633
13279 679
13276 692
13266 673
13251 635
13232 580
13212 510
13204 435
13210 373
13222 328
13237 303
13256 294
13277 302
.PEN_UP
.PEN_DOWN
13102 557
13146 557
13178 557
13214 557
13253 557
13363 567
13387 568
.PEN_UP
.PEN_DOWN
13100 693
13083 681
13068 671
13058 664
13048 654
.PEN_UP
.PEN_DOWN
13542 275
13550 288
13555 297
13559 314
13569 332
13598 416
13609 442
13622 474
13634 507
13644 540
13643 549
13637 532
13628 499
13621 455
13616 404
13613 356
13615 320
13624 311
13637 320
13655 339
13676 365
13694 395
13709 437
13722 480
13733 531
13744 584
13754 633
13759 669
13755 671
13748 651
13737 612
13722 557
13706 488
13693 419
13689 365
13691 329
13697 319
13708 328
13725 344
13747 365
13763 376
13774 365
13779 351
13780 332
13784 312
13793 306
13806 311
13821 320
13833 333
13835 348
13830 354
13823 348
13818 337
13815 320
13816 301
13825 289
13841 292
13862 299
13886 310
13910 325
13924 340
13924 344
13919 335
13917 322
13916 306
13920 289
13930 283
13945 289
13966 302
13986 319
14002 336
14013 359
14018 378
14016 372
14011 355
14003 326
13990 285
13971 236
13945 177
13916 117
13887 60
13859 11
13843 0
13846 21
13857 51
13878 92
13911 148
13953 206
13999 261
14045 304
14090 340
.PEN_UP
.PEN_DOWN
13486 436
13506 439
13530 439
13540 439
13572 444
13695 457
13740 464
13795 475
.PEN_UP
.PEN_DOWN
14254 273
14262 290
14269 300
14284 322
14291 341
14325 397
14337 422
14352 447
14364 469
14369 471
14364 453
14358 427
14354 395
14351 359
14347 325
14348 308
14352 307
14359 314
14370 330
14384 352
14397 377
14407 401
14414 408
14417 402
14418 387
14419 369
14420 351
14426 341
14435 347
14446 359
14456 374
14461 390
14464 410
14464 420
14468 412
14475 401
14487 388
14504 387
14521 393
14533 404
14532 415
14526 414
14521 403
14516 385
14514 363
14514 337
14520 314
14533 309
14547 316
14561 326
14573 340
14579 361
14583 386
14586 412
14588 437
14590 459
14594 467
14599 462
14607 451
14615 436
14618 418
14616 395
14613 367
14611 339
14612 312
14618 292
14629 289
14644 295
14663 304
14680 317
14696 339
14709 367
14719 397
14725 428
14723 456
14714 465
14697 450
14675 425
14653 393
14641 356
14645 318
14658 289
14679 274
14705 271
14739 278
14776 289
.PEN_UP
.PEN_DOWN
14898 314
14903 324
14908 334
14913 346
14918 361
14920 407
14921 423
14926 442
14930 464
14936 476
14944 468
14953 454
14963 430
14974 405
14982 376
14988 350
14990 328
14984 310
14974 307
14959 315
14948 319
14946 314
14952 309
14962 305
14979 308
15003 316
15033 331
15064 353
15092 378
15113 407
15117 428
15109 431
15098 418
15085 398
15069 375
15050 344
15038 310
15040 294
15047 293
15057 304
15071 321
15087 345
15104 370
15115 386
15122 378
15125 367
15131 354
15143 348
15163 353
15189 361
15217 375
15243 393
15262 416
15265 436
15259 440
15246 430
15228 409
15205 385
15181 352
15164 318
15167 294
15176 290
15189 303
15210 323
15232 350
15258 386
15280 428
15297 476
15311 526
15323 578
15334 625
15335 659
15331 656
15325 636
15319 608
15314 568
15310 522
15309 475
15310 431
15315 397
15324 381
15340 382
15359 389
15381 400
15402 413
15414 425
15407 428
15397 417
15383 398
15364 373
15343 340
15327 309
15329 295
15338 305
15351 321
15371 347
15391 377
15414 416
15435 459
15450 504
15464 554
15475 601
15482 643
15479 665
15472 653
15464 635
15455 603
15447 563
15442 521
15439 480
15439 445
15441 416
15442 386
15444 360
15450 337
15459 317
15473 308
15492 314
15511 327
15533 352
15554 387
15571 431
15587 481
15601 534
15611 585
15617 635
15616 676
15609 692
15599 683
15588 667
15576 641
15565 608
15558 566
15550 516
15545 464
15543 414
15545 368
15551 333
15563 318
15579 321
15599 329
15615 342
15624 357
15623 374
15618 390
15609 395
15594 389
15579 376
15566 361
15559 342
15563 322
15573 306
15590 300
15610 304
15635 313
15658 326
15679 341
15697 361
15709 383
15718 400
15723 410
15719 407
15713 398
15703 386
15689 365
15671 342
15657 315
15653 289
15661 278
15672 278
15688 286
15706 302
15722 325
15735 355
15742 388
15745 422
15747 462
15747 506
15747 553
15747 590
15745 598
15740 580
15733 550
15723 508
15719 451
15724 392
15733 342
15745 309
15761 292
15783 289
15805 293
15832 299
.PEN_UP
.PEN_DOWN
16032 285
16044 300
16049 310
16059 334
16066 346
16094 400
16100 417
16107 436
16107 446
16104 440
16100 424
16094 398
16089 362
16086 322
16091 288
16100 274
16110 279
16123 289
16136 303
16146 321
16155 342
16162 366
16165 377
16164 368
16163 354
16165 338
16171 319
16181 310
16194 315
16209 323
16221 340
16228 362
16233 386
16235 402
16236 392
16237 380
16240 364
16249 353
16264 347
16283 351
16295 351
16299 342
16298 324
16298 303
16304 286
16316 284
16333 291
16356 304
16378 323
16397 347
16415 380
16430 415
16445 458
16462 505
16480 551
16497 594
16504 629
16499 646
16491 637
16482 621
16475 593
16467 554
16459 504
16451 446
16445 387
16444 338
16449 301
16460 291
16475 303
16494 322
16516 349
16537 388
16558 440
16576 497
16595 559
16611 622
16623 675
16621 708
16612 694
16599 666
16582 625
16562 570
16539 502
16523 432
16512 368
16515 330
16525 330
16538 342
16550 351
16559 346
16565 335
16570 321
16587 305
16617 295
16655 299
16696 310
16724 325
.PEN_UP
.PEN_DOWN
16339 473
16366 473
16400 473
16437 475
16476 480
16562 510
16590 518
.PEN_UP
.PEN_DOWN
16283 634
16263 627
16249 612
16237 595
16224 585
.PEN_UP
.PEN_DOWN
17005 383
17014 397
17017 412
17005 419
16995 417
16936 351
16918 325
16900 296
16885 267
16879 239
16885 227
16899 234
16916 251
16938 276
16963 308
16981 345
16988 369
16987 367
16984 353
16980 337
16976 316
16979 295
16989 286
17001 292
17017 301
17037 315
17055 330
17075 350
17091 369
17096 379
17091 380
17082 375
17071 365
17058 353
17043 333
17043 311
17050 302
17062 307
17075 319
17091 337
17108 360
17123 392
17138 430
17151 475
17164 526
17172 576
17176 620
17176 652
17171 663
17166 652
17158 627
17150 589
17142 540
17134 479
17129 419
17125 367
17125 322
17128 294
17134 290
17144 305
17160 326
17178 353
17197 386
17210 414
17216 426
17211 415
17206 397
17201 372
17197 345
17194 319
17199 314
17208 323
17225 340
17246 360
17258 376
17261 371
17258 356
17257 337
17257 311
17262 297
17272 300
17285 313
17302 334
17318 360
17327 383
17328 383
17325 366
17322 349
17320 327
17322 304
17325 282
17329 273
17338 277
17352 284
17368 295
17382 313
17391 335
17396 359
17399 374
17399 372
17398 365
17397 353
17397 337
17397 318
17397 297
17404 292
17416 297
17431 309
17450 330
17465 353
17475 369
17479 365
17477 353
17474 334
17472 311
17472 291
17477 289
17487 301
17499 318
17515 338
17530 364
17541 384
17543 381
17540 366
17540 349
17542 329
17544 307
17550 298
17558 304
17572 316
17587 332
17596 348
17596 348
17593 337
17589 323
17590 306
17595 292
17603 293
17616 303
17630 319
17644 340
17658 367
17671 399
17682 423
17690 434
17694 426
17694 410
17693 391
17692 366
17692 337
17692 310
17686 297
17678 304
17667 310
17658 306
17660 298
17666 290
17678 292
17696 298
17717 309
17741 326
17763 353
17780 387
17795 429
17808 479
17819 529
17829 580
17834 621
17832 644
17824 635
17813 614
17799 580
17785 538
17774 488
17768 436
17766 387
17765 342
17767 306
17772 281
17783 281
17799 292
17819 306
17837 328
17850 356
17861 389
17867 418
17870 435
17868 433
17868 425
17874 416
17885 405
17897 390
17908 373
17914 352
17915 330
17923 316
17939 318
17961 325
17988 333
18012 347
18034 367
18049 388
18053 397
18046 392
18035 379
18021 363
18004 343
17983 320
17976 302
17982 295
17990 302
18001 312
18015 328
18027 344
18031 351
18027 344
18022 331
18019 313
18019 295
18024 289
18034 295
18048 306
18067 323
18087 350
18106 390
18123 439
18140 493
18154 551
18165 602
18164 640
18157 645
18147 626
18131 593
18112 549
18091 498
18074 440
18064 388
18059 343
18059 308
18064 295
18075 300
18091 316
18112 338
18133 365
18148 395
18148 411
18140 404
18134 392
18127 372
18121 348
18117 322
18118 302
18125 295
18137 301
18153 314
18173 333
18194 356
18209 377
18215 376
18214 364
18211 351
18207 331
18204 310
18204 287
18210 277
18222 281
18235 288
18250 302
18265 322
18277 351
18288 385
18295 414
18294 426
18291 417
18288 402
18288 383
18294 368
18305 355
18320 352
18341 355
18366 364
18390 378
18413 395
18430 415
18434 436
18427 450
18412 450
18395 440
18373 424
18352 402
18341 375
18346 348
18358 331
18380 327
18410 332
18448 345
18490 360
.PEN_UP
.PEN_DOWN
18343 546
18333 544
18321 531
18309 522
18294 512
.PEN_UP
.PEN_DOWN
17580 517
17597 522
17636 524
17656 524
17700 524
17880 557
17950 573
18021 588
.PEN_UP
.PEN_DOWN
18026 485
18056 500
18090 509
18119 519
18151 544
18262 576
18295 585
.PEN_UP
.PEN_DOWN
17695 666
17680 668
17670 666
17661 656
17651 651
.PEN_UP
.PEN_DOWN
17509 644
17500 636
17490 627
17480 617
17470 612
.PEN_UP
.PEN_DOWN
18819 361
18826 371
18831 380
18838 395
18838 405
18810 424
18793 415
18772 398
18748 371
18727 339
18723 308
18732 283
18746 278
18765 289
18792 310
18823 334
18852 366
18877 405
18897 447
18911 492
18918 536
18918 575
18914 605
18906 610
18895 594
18881 565
18866 525
18855 474
18846 417
18842 368
18842 331
18847 310
18859 313
18876 322
18899 339
18922 361
18936 383
18937 392
18932 382
18929 367
18926 348
18926 328
18930 313
18939 318
18951 327
18965 341
18979 357
18987 373
18988 378
18985 369
18983 353
18985 335
18988 319
18998 313
19012 323
19031 339
19052 361
19070 392
19082 428
19093 470
19102 512
19109 556
19117 599
19121 634
19120 658
19117 651
19111 633
19102 604
19091 564
19079 514
19070 458
19065 408
19066 367
19069 334
19077 310
19088 300
19104 304
19121 317
19136 333
19149 352
19158 373
19160 385
19156 381
19151 368
19152 351
19155 329
19164 306
19178 292
19197 297
19219 305
19238 317
19249 333
19256 352
19253 371
19243 376
19231 369
19220 353
19208 334
19207 311
19214 289
19228 283
19246 290
19266 300
19286 316
19298 335
19308 359
19315 383
19321 391
19327 382
19331 370
19332 353
19333 336
19331 312
19325 294
19314 283
19302 286
19299 289
19307 292
19319 294
19336 299
19358 307
19382 317
19408 326
.PEN_UP
.PEN_DOWN
19304 524
19287 512
19275 502
19258 492
19238 478
.PEN_UP
.PEN_DOWN
18846 517
18872 517
18887 517
18924 517
18965 517
19144 534
19198 540
19254 547
19308 553
.PEN_UP
.PEN_DOWN
19540 324
19538 314
19531 297
19526 288
19516 271
19487 219
19480 203
.PEN_UP
.PEN_DOWN
19665 280
19679 283
19689 297
19692 307
19694 317
19725 362
19729 376
19732 391
19734 388
19734 378
19733 362
19731 342
19731 318
19733 292
19737 276
19746 279
19757 288
19768 300
19776 317
19778 335
19780 339
19781 331
19784 318
19790 305
19803 305
19817 311
19831 322
19840 335
19844 351
19845 369
19847 370
19855 364
19866 356
19882 352
19902 349
19922 352
19937 352
19946 346
19950 334
19950 319
19950 298
19955 279
19967 274
19983 279
20006 292
20028 314
20048 342
20066 379
20081 417
20096 459
20108 498
20117 536
20118 561
20115 554
20111 539
20104 515
20098 479
20091 436
20086 390
20089 350
20098 337
20117 348
20141 367
20170 396
20196 437
20217 490
20235 548
20252 609
20264 663
20270 705
20264 703
20254 681
20241 650
20224 598
20204 534
20185 459
20171 393
20162 342
20161 308
20167 302
20177 313
20192 329
20203 342
20209 339
20209 328
20212 313
20225 295
20245 280
20278 275
20319 281
20355 290
20390 300
.PEN_UP
.PEN_DOWN
19987 400
20004 405
20035 410
20062 414
20087 419
20156 434
20180 437
.PEN_UP
.PEN_DOWN
19889 602
19879 607
19862 597
19852 592
19845 583
.PEN_UP
.PEN_DOWN
20486 217
20493 227
20503 244
20513 266
20523 291
20567 371
20583 402
20599 438
20618 482
20637 532
20649 579
20657 621
20651 647
20641 638
20626 610
20610 573
20592 519
20578 450
20571 383
20572 323
20576 280
20584 255
20593 251
20605 262
20618 278
20630 295
20641 319
20644 330
20642 322
20640 310
20640 292
20640 271
20645 251
20655 248
20670 256
20686 267
20698 281
20708 300
20718 328
20728 357
20739 394
20750 436
20762 479
20772 523
20781 561
20786 589
20786 598
20786 592
20786 579
20786 562
20783 535
20779 493
20774 446
20769 397
20768 354
20767 319
20769 291
20774 274
20783 271
20794 280
20808 297
20821 320
20833 357
20847 405
20861 462
20873 522
20881 582
20887 632
20885 651
20882 635
20879 610
20877 572
20875 532
20874 478
20873 421
20871 367
20871 318
20871 277
20873 247
20880 224
20892 216
20909 221
20930 231
20951 248
20972 273
20994 309
21014 356
21033 407
21050 466
21061 530
21068 592
21072 650
21072 698
21070 729
21060 726
21046 705
21028 673
21005 624
20987 563
20973 490
20964 418
20964 355
20970 298
20980 256
20994 236
21015 242
21041 252
21067 268
21092 286
21109 307
21119 331
21115 353
21106 363
21089 357
21070 343
21049 318
21035 288
21042 257
21053 236
21073 234
21101 243
21136 258
21175 279
21211 303
.PEN_UP
.PEN_DOWN
20713 493
20730 498
20752 503
20779 505
20796 510
20909 532
20949 538
20999 544
.PEN_UP
.PEN_DOWN
20698 505
20696 495
20691 486
20686 476
20681 466
.PEN_UP
.PEN_DOWN
21542 222
21547 234
21552 244
21557 269
21566 291
21599 375
21608 405
21615 443
21623 482
21629 526
21632 560
21629 572
21625 560
21616 535
21605 501
21593 462
21583 410
21578 361
21577 316
21579 276
21586 250
21598 246
21614 253
21633 267
21646 284
21656 308
21662 335
21666 350
21667 347
21666 335
21665 318
21664 296
21663 272
21663 250
21666 246
21675 253
21687 264
21702 279
21716 295
21726 296
21731 284
21734 268
21737 261
21744 266
21754 276
21768 288
21784 307
21798 327
21806 335
21807 329
21805 319
21804 305
21804 292
21808 288
21817 294
21830 305
21846 322
21858 334
21862 328
21860 314
21859 299
21860 278
21868 262
21882 262
21901 274
21922 292
21939 314
21952 338
21959 363
21961 385
21956 403
21946 401
21933 388
21921 368
21914 342
21917 314
21924 285
21941 263
21969 256
22005 265
22045 280
22077 300
.PEN_UP
.PEN_DOWN
21778 508
21761 508
21752 503
21742 495
21735 486
.PEN_UP
.PEN_DOWN
21398 408
21408 412
21440 422
21474 432
21488 444
21628 509
21679 532
21733 555
21793 579
.PEN_UP
.PEN_DOWN
22354 242
22354 252
22359 269
22368 293
22373 303
22418 374
22432 403
22447 442
22465 484
22480 525
22485 554
22480 546
22474 524
22467 498
22459 456
22450 404
22445 350
22440 299
22443 265
22448 257
22458 267
22472 285
22490 306
22508 333
22522 362
22525 380
22520 372
22513 359
22509 340
22504 313
22504 283
22507 253
22516 241
22528 245
22542 259
22554 276
22560 296
22557 321
22552 348
22544 372
22537 382
22535 376
22541 368
22552 365
22567 365
22586 371
22600 380
.PEN_UP
.PEN_DOWN
22251 456
22281 454
22303 454
22339 461
22356 464
22486 501
22524 514
22561 529
.PEN_UP
.PEN_DOWN
22746 230
22761 239
22771 249
22785 259
22798 276
22831 336
22841 355
22847 379
22852 405
22854 433
22854 450
22855 440
22855 423
22856 399
22858 371
22862 337
22862 305
22856 284
22844 281
22830 289
22815 297
22809 293
22817 287
22830 281
22847 278
22870 282
22896 292
22924 307
22947 326
22964 351
22973 373
22971 395
22961 410
22948 406
22932 391
22918 370
22909 343
22910 316
22916 292
22928 279
22946 280
22970 289
22996 304
23020 323
23037 344
23040 368
23037 391
23030 407
23018 407
23003 393
22985 373
22973 348
22978 321
22990 297
23013 287
23046 293
23081 301
.PEN_UP
.PEN_DOWN
23414 327
23412 337
23414 351
23417 364
23417 373
23416 408
23410 407
23402 401
23390 388
23378 367
23369 339
23364 307
23363 276
23368 249
23379 232
23393 229
23413 237
23437 248
23462 263
23487 287
23510 316
23531 352
23550 392
23567 436
23580 484
23586 530
23583 571
23579 599
23574 595
23569 575
23563 550
23560 515
23558 473
23558 426
23558 382
23558 342
23558 309
23561 286
23569 279
23581 283
23594 293
23607 306
23617 320
23625 335
23634 351
23636 364
23637 367
23636 362
23634 350
23633 336
23632 320
23632 298
23637 282
23648 273
23664 278
23683 286
23701 299
23717 315
23729 334
23739 356
23745 379
23742 398
23732 405
23723 399
23713 388
23702 373
23696 352
23692 326
23696 303
23704 292
23718 298
23739 307
23764 321
23789 341
23810 365
23817 383
23818 385
23815 376
23810 359
23804 334
23799 306
23802 282
23810 282
23822 293
23835 307
23852 326
23866 349
23872 362
23872 358
23870 347
23869 331
23869 311
23875 294
23883 288
23896 297
23912 312
23927 332
23944 362
23960 399
23980 443
23998 495
24012 549
24022 596
24019 623
24013 611
24002 587
23991 543
23979 490
23968 431
23960 373
23958 326
23959 293
23965 279
23976 281
23992 288
24011 309
24030 333
24046 362
24058 393
24062 409
24060 403
24058 392
24058 374
24058 352
24058 329
24061 301
24063 276
24060 258
24050 253
24036 261
24019 272
24003 286
24003 292
24015 296
24035 295
24065 297
24106 303
24153 314
24197 330
24240 348
.PEN_UP
.PEN_DOWN
23841 537
23858 537
23892 537
23926 537
23963 537
24102 543
24149 549
24202 559
.PEN_UP
.PEN_DOWN
23739 537
23729 537
23724 522
23719 512
23712 500
.PEN_UP
.PEN_DOWN
24341 254
24341 264
24348 273
24358 264
24358 252
24333 242
24330 253
24332 267
24336 281
.PEN_UP
