

.STYLE CURSIVE
.COMMENT previously: .WRITER_ID wcdr.393
.WRITER_ID wcd
.HAND R
.SEX M

.PEN_DOWN
106 705
111 715
113 725
118 737
130 740
145 678
145 645
141 608
134 569
122 527
106 493
87 465
66 438
56 416
58 399
62 391
60 390
54 393
49 402
51 415
59 430
66 434
73 429
78 417
81 402
88 382
97 358
113 338
134 328
154 332
179 345
204 369
228 399
253 438
274 486
292 539
303 600
299 663
288 724
267 782
238 831
201 872
157 890
110 875
64 845
26 803
0 752
3 690
22 638
51 596
94 569
146 559
206 563
263 571
315 582
360 594
396 608
428 619
445 633
.PEN_UP
.PEN_DOWN
364 386
364 396
359 410
350 420
335 420
308 380
306 362
308 341
316 326
330 328
344 337
356 348
357 366
349 383
349 396
356 407
369 414
387 427
408 440
428 444
436 438
433 428
428 414
422 397
416 375
418 361
424 364
434 373
444 384
456 390
465 385
472 378
480 367
491 365
505 372
517 381
527 396
526 414
524 435
527 453
540 464
559 471
582 473
.PEN_UP
.PEN_DOWN
984 359
974 357
964 357
952 364
942 371
924 423
923 447
923 475
924 513
927 562
935 612
948 671
962 721
976 755
986 755
992 735
996 704
999 659
999 601
997 526
990 445
981 363
969 290
952 232
936 187
917 151
895 128
872 125
848 139
827 162
814 191
805 226
806 260
812 289
826 310
848 324
879 333
918 340
956 350
993 364
1026 381
1054 397
1077 413
1089 423
1083 421
1074 413
1061 403
1050 389
1045 370
1051 351
1062 342
1075 347
1088 356
1100 368
1107 383
1107 401
1101 420
1090 436
1078 439
1075 435
1081 432
1092 435
1105 440
1121 445
1140 442
1154 436
1159 426
1156 410
1154 399
1155 402
1158 410
1166 419
1175 418
1183 413
1195 404
1208 402
1225 409
1245 419
1257 434
1251 439
1243 430
1235 417
1233 400
1238 383
1248 372
1262 379
1280 389
1295 403
1304 419
1309 439
1312 450
1317 449
1324 441
1331 430
1337 415
1340 397
1341 377
1339 358
1331 346
1318 341
1301 344
1284 350
1283 355
1296 359
1321 362
1353 366
1394 375
1435 386
1468 399
1489 414
1485 427
.PEN_UP
.PEN_DOWN
1920 374
1908 386
1898 391
1888 396
1869 403
1826 450
1815 478
1808 511
1811 555
1817 612
1827 665
1840 718
1856 763
1874 795
1893 819
1910 820
1918 808
1915 785
1908 750
1897 699
1877 636
1853 572
1823 510
1792 456
1767 411
1743 373
1731 344
1737 330
1746 332
1759 334
1775 335
1793 340
1811 351
1824 366
1831 387
1826 409
1813 421
1799 418
1787 410
1784 405
1793 404
1809 408
1831 415
1857 421
.PEN_UP
.PEN_DOWN
2249 615
2259 625
2264 635
2268 645
2271 654
2254 680
2240 675
2222 667
2210 654
2213 643
2224 647
2234 656
2247 667
2258 681
2257 700
2250 717
2235 720
2217 712
2194 698
2166 674
2142 641
2118 595
2095 543
2079 492
2075 444
2084 403
2100 373
2121 357
2149 356
2181 364
2211 376
2240 391
2267 408
2292 426
2316 440
2325 451
2319 449
2312 442
2302 428
2294 410
2295 390
2303 381
2314 386
2325 396
2335 410
2340 425
2336 445
2328 452
2320 446
2322 438
2330 432
2345 432
2366 437
2392 445
.PEN_UP
.PEN_DOWN
2485 386
2473 381
2459 367
2454 357
2451 345
.PEN_UP
.PEN_DOWN
2654 408
2654 398
2659 389
2673 381
2690 381
2722 423
2727 440
2729 458
2725 475
2716 477
2705 465
2692 448
2686 429
2688 405
2695 389
2706 389
2720 397
2736 408
2754 425
2771 445
2789 468
2810 487
2828 489
2841 481
2847 470
2850 458
2853 440
2857 418
2866 401
2876 395
2891 402
2908 419
2927 447
2944 485
2960 538
2976 597
2992 661
3007 719
3018 765
3018 789
3013 774
3009 752
3002 711
2995 664
2987 602
2980 539
2975 487
2974 441
2978 408
2987 393
3000 397
3016 405
3032 421
3043 440
3045 464
3040 477
3028 475
3017 466
3006 451
2997 431
2997 409
3002 389
3013 388
3027 396
3049 411
3075 432
3100 454
3118 466
3124 457
3124 441
3123 423
3123 416
3128 418
3138 427
3151 441
3165 451
3174 449
3177 441
3182 430
3191 419
3205 418
3225 426
3249 437
3273 452
3297 473
3312 498
3307 510
3297 505
3284 492
3268 470
3252 444
3241 418
3245 396
3253 393
3265 404
3282 419
3301 440
3322 472
3343 513
3365 566
3386 619
3408 670
3421 713
3417 733
3410 726
3396 705
3375 668
3353 617
3330 563
3316 504
3309 455
3310 418
3314 392
3323 388
3337 399
3356 414
3378 432
3398 454
3404 476
3399 481
3392 476
3383 463
3375 447
3366 429
3362 406
3367 390
3378 387
3391 394
3409 405
3429 421
3449 442
3462 455
3461 455
3454 447
3444 436
3435 420
3435 405
3441 401
3451 407
3464 419
3480 437
3501 464
3524 502
3546 547
3569 604
3588 663
3601 725
3610 780
3606 809
3595 790
3577 760
3558 709
3535 649
3526 575
3532 505
3544 451
3562 408
3581 391
3600 396
3609 411
3603 442
.PEN_UP
.PEN_DOWN
2776 603
2812 606
2846 613
2871 618
2915 627
3095 694
3146 711
.PEN_UP
.PEN_DOWN
2944 508
2934 506
2912 489
2890 467
2878 447
.PEN_UP
.PEN_DOWN
3919 352
3936 364
3946 374
3956 386
3973 403
4007 449
4005 449
4003 441
4002 424
4000 404
3999 379
4002 360
4008 359
4019 367
4034 382
4050 402
4068 435
4089 480
4110 533
4133 593
4152 651
4164 702
4169 735
4166 732
4158 711
4152 681
4145 639
4138 583
4136 523
4135 472
4135 429
4139 411
4147 415
4157 423
4169 435
4181 449
4190 464
4196 482
4200 491
4205 485
4213 476
4223 463
4233 445
4238 424
4233 402
4225 387
4212 381
4197 386
4192 392
4200 393
4219 391
4248 392
4282 395
4320 401
4345 410
4352 424
4343 438
4328 454
.PEN_UP
.PEN_DOWN
3970 586
4009 586
4041 586
4078 586
4119 586
4242 593
4285 600
4323 608
.PEN_UP
.PEN_DOWN
4102 791
4087 784
4078 774
4070 764
4068 745
.PEN_UP
.PEN_DOWN
4592 359
4597 371
4609 379
4614 389
4619 401
4653 467
4663 489
4675 518
4688 556
4702 603
4714 654
4724 705
4730 739
4734 743
4733 728
4729 704
4722 668
4710 619
4697 564
4685 513
4679 470
4677 438
4677 413
4682 395
4693 391
4709 398
4730 410
4749 424
4753 438
4748 452
4741 463
4731 464
4717 459
4703 450
4691 437
4683 420
4681 398
4684 378
4692 367
4705 366
4724 372
4744 382
4763 398
4779 417
4792 432
4800 427
4806 417
4807 405
4805 390
4806 381
4809 385
4815 393
4826 405
4840 423
4855 443
4867 450
4875 444
4879 432
4880 417
4882 402
4892 394
4906 394
4925 401
4946 412
4965 429
4984 449
4998 473
5001 482
4995 477
4985 469
4975 455
4961 435
4946 410
4938 383
4944 363
4952 365
4967 379
4985 399
5006 429
5028 466
5047 513
5067 566
5083 619
5095 666
5094 699
5088 696
5081 677
5072 650
5064 610
5058 562
5060 504
5064 456
5071 419
5079 405
5089 410
5101 420
5114 438
5123 460
5126 487
5121 500
5115 496
5110 489
5105 474
5101 456
5099 434
5101 410
5107 399
5120 402
5137 409
5157 421
5174 441
5185 465
5195 488
5207 502
5221 500
5235 493
5240 479
5236 460
5231 438
5229 412
5235 386
5248 368
5272 357
5302 361
5335 368
5363 376
5373 386
5363 400
5347 421
5324 446
.PEN_UP
.PEN_DOWN
4563 588
4585 588
4624 584
4663 579
4709 576
4870 591
4910 598
4949 603
.PEN_UP
.PEN_DOWN
5682 432
5689 442
5694 454
5694 464
5682 464
5641 446
5628 425
5618 402
5613 375
5617 345
5627 327
5642 318
5658 324
5672 333
5682 346
5686 360
5687 381
5687 401
5687 422
5685 434
5683 431
5684 422
5690 413
5703 408
5722 413
5748 425
5774 445
5797 470
5815 505
5827 540
5834 578
5837 619
5836 656
5833 684
5826 688
5817 672
5805 641
5792 596
5779 540
5767 469
5755 400
5744 337
5736 282
5730 244
5725 237
5727 249
5729 272
5731 296
5736 327
5743 351
5753 357
5768 361
5784 366
5804 378
5824 398
5845 424
5862 458
5877 497
5891 544
5904 595
5918 649
5931 698
5942 734
5943 742
5938 726
5928 693
5916 653
5897 595
5876 523
5855 450
5836 380
5824 316
5816 266
5815 230
5820 210
5826 218
5835 232
5843 253
5850 279
5856 315
5858 351
5856 381
5855 394
5858 390
5866 386
5879 386
5898 389
5920 396
5940 409
5951 427
5947 444
5939 449
5928 439
5917 424
5908 408
5903 386
5906 363
5914 346
5928 338
5944 344
5961 354
5973 366
5981 383
5985 404
5989 426
5992 449
5997 468
6007 478
6022 476
6036 468
6044 453
6038 430
6032 405
6029 377
6033 356
6050 345
6077 348
6111 355
6150 366
6178 378
6192 394
6196 421
6196 454
.PEN_UP
.PEN_DOWN
6394 445
6399 457
6404 469
6404 481
6394 486
6361 464
6350 447
6340 425
6334 398
6338 372
6347 360
6358 364
6369 374
6380 387
6385 407
6388 425
6392 437
6402 446
6421 451
6450 464
6481 488
6512 523
6535 565
6548 611
6555 655
6557 697
6559 736
6556 759
6548 744
6537 716
6520 667
6502 607
6485 526
6473 437
6465 351
6461 272
6462 205
6462 152
6457 121
6448 116
6440 131
6431 151
6425 179
6422 215
6421 255
6423 291
6433 322
6450 347
6478 364
6515 379
6558 392
6602 404
6640 416
6667 432
.PEN_UP
.PEN_DOWN
6901 640
6886 640
6877 640
6860 635
6838 627
6786 597
6772 586
6774 572
6781 561
6792 552
6809 547
6830 547
6853 542
6872 532
6890 513
6904 489
6913 464
6918 438
6912 418
6903 400
6887 385
6865 373
6836 365
6806 360
6778 358
6757 363
6753 373
6759 386
.PEN_UP
.PEN_DOWN
6828 708
6843 696
6850 686
6855 666
6857 635
6851 535
6847 500
6842 454
6841 407
6843 362
6848 327
6855 305
.PEN_UP
.PEN_DOWN
7038 623
7040 613
7045 591
7050 571
7050 549
7052 469
7052 446
7052 421
7052 391
7052 362
.PEN_UP
.PEN_DOWN
7247 625
7238 625
7228 625
7218 620
7196 610
7152 584
7144 573
7147 557
7154 541
7165 527
7183 516
7203 510
7226 504
7242 493
7250 478
7246 457
7236 430
7220 404
7201 378
7176 355
7152 342
7138 343
7139 355
7149 377
7165 414
7186 461
7209 516
7229 567
7239 606
7235 624
7229 619
.PEN_UP
.PEN_DOWN
7524 421
7524 430
7514 435
7502 443
7490 443
7453 415
7447 398
7444 378
7440 354
7440 328
7447 321
7457 326
7472 339
7490 357
7504 379
7513 400
7520 406
7522 397
7523 380
7526 362
7532 340
7542 318
7559 305
.PEN_UP
.PEN_DOWN
7819 306
7824 321
7826 330
7828 340
7833 350
7857 394
7861 411
7864 430
7867 451
7872 467
7879 462
7888 449
7898 430
7907 406
7915 380
7920 353
7920 330
7915 312
7904 304
7890 308
7885 312
7890 317
7899 318
7915 320
7936 331
7960 350
7985 382
8005 421
8020 460
8031 501
8036 541
8039 582
8041 622
8041 658
8041 688
8038 697
8033 683
8025 653
8015 608
8005 553
7997 490
7993 435
7995 391
7999 355
8008 335
8021 341
8038 355
8055 370
8068 385
8078 387
8084 379
8088 368
8100 359
8115 358
8134 364
8158 374
8169 383
8166 381
8160 374
8154 361
8147 346
8148 334
8154 333
8161 341
8167 351
8175 368
8182 379
8187 376
8191 367
8193 353
8196 336
8203 334
8212 341
8223 351
8233 364
8238 381
8241 402
8243 424
8245 437
8253 439
8267 434
8281 424
8294 410
8298 389
8296 365
8296 342
8302 327
8313 329
8327 337
8346 348
8365 367
8383 392
8399 420
8409 447
8406 471
8398 477
8385 466
8369 450
8352 425
8340 393
8341 357
8349 322
8360 297
8378 288
8402 292
8429 303
8456 314
8478 325
8487 339
.PEN_UP
.PEN_DOWN
8618 330
8631 338
8636 321
8636 311
8628 301
8594 254
8579 236
.PEN_UP
.PEN_DOWN
8884 435
8867 433
8857 428
8850 418
8835 399
8811 333
8811 314
8817 295
8830 285
8848 288
8869 297
8887 311
8898 328
8903 349
8903 374
8900 394
8897 400
8899 394
8907 388
8920 391
8940 398
8965 410
8987 411
9000 404
9005 391
9004 373
9004 355
9008 334
9016 322
9029 317
9048 319
.PEN_UP
.PEN_DOWN
9396 406
9401 416
9406 426
9396 428
9384 426
9347 396
9332 381
9315 360
9304 337
9308 315
9317 308
9331 313
9348 323
9365 335
9382 352
9395 373
9401 392
9403 398
9403 391
9402 375
9401 357
9403 336
9411 320
9425 321
9440 331
9459 344
9477 366
9494 397
9514 431
9532 471
9545 512
9555 556
9560 597
9560 632
9554 650
9544 633
9529 605
9512 565
9495 512
9482 446
9474 385
9470 330
9473 295
9480 286
9492 297
9507 312
9522 331
9535 358
9543 390
9540 414
9537 421
9538 413
9543 414
9553 417
9569 422
9587 428
9602 425
9604 419
9601 407
9598 389
9596 367
9597 342
9603 333
9611 339
9619 347
9626 360
9625 375
9622 394
9618 417
9615 439
9608 447
9603 442
9598 433
9601 421
9612 415
9627 417
9645 424
9666 431
9679 426
9686 412
9688 393
9687 370
9688 352
9694 352
9703 359
9714 370
9725 386
9733 405
9738 414
9742 408
9745 396
9747 380
9748 361
9755 353
9768 359
9784 369
9803 386
9819 412
9830 444
9841 487
9851 538
9861 596
9873 653
9882 696
9882 701
9875 681
9865 647
9850 594
9833 529
9823 462
9828 408
9835 368
9845 352
9851 358
9849 373
.PEN_UP
.PEN_DOWN
9664 506
9703 506
9742 506
9777 506
9816 511
9939 538
9974 549
10007 559
.PEN_UP
.PEN_DOWN
10367 633
10376 647
10386 657
10396 667
10406 677
10413 702
10403 699
10385 689
10359 675
10327 655
10295 630
10274 606
10269 588
10277 576
10292 569
10314 566
10343 559
10375 547
10402 527
10420 503
10426 477
10421 448
10408 423
10386 398
10358 376
10324 361
10291 349
10263 344
10237 348
10217 356
10212 369
10217 386
10226 409
.PEN_UP
.PEN_DOWN
10328 767
10328 745
10333 723
10337 694
10347 667
10366 565
10371 518
10376 466
10381 414
10385 363
10383 325
.PEN_UP
.PEN_DOWN
10511 640
10506 618
10501 599
10498 584
10496 567
10500 543
10511 546
10529 552
10549 555
10569 548
10584 534
10593 512
10596 487
10594 460
10591 436
10581 415
10561 395
10538 377
10513 364
10494 365
10490 373
.PEN_UP
.PEN_DOWN
10523 684
10532 691
10557 696
10574 699
10596 699
10653 699
10669 699
10689 698
.PEN_UP
.PEN_DOWN
10693 682
10693 672
10693 662
10693 652
10693 643
10693 613
10696 619
10700 630
10703 646
10710 664
10719 681
10734 693
10754 695
10776 693
10796 684
10809 668
10808 646
10800 610
10789 569
10773 526
10754 479
10733 437
10716 398
10703 360
10703 332
.PEN_UP
.PEN_DOWN
10920 701
10910 677
10893 645
10876 621
10866 594
10823 486
10812 449
10805 411
10807 372
10814 334
10825 314
10839 309
10858 317
10880 332
10898 353
10912 377
10910 402
10898 418
10881 419
10857 411
10833 400
10817 385
.PEN_UP
.PEN_DOWN
11069 340
11074 350
11084 360
11091 370
11103 384
11137 418
11146 417
11148 412
11144 398
11139 379
11131 355
11129 334
11134 337
11142 350
11154 364
11169 383
11186 398
11197 402
11200 393
11196 380
11195 366
11200 361
11207 367
11218 375
11234 387
11250 397
11260 391
11263 377
11261 362
11263 340
11267 318
11277 311
11291 313
11308 321
11325 333
11340 352
11354 375
11362 391
11365 390
11364 379
11363 362
11362 342
11365 324
11373 321
11385 329
11399 341
11412 358
11420 383
11428 413
11437 445
11446 479
11457 514
11466 549
11476 584
11487 618
11496 649
11503 680
11499 693
11491 684
11482 666
11472 639
11458 598
11444 545
11432 488
11424 428
11420 380
11420 341
11426 324
11436 330
11451 343
11470 367
11488 398
11505 441
11520 491
11532 541
11543 592
11550 634
11555 655
11553 642
11550 623
11543 590
11535 554
11526 507
11517 458
11509 415
11507 376
11512 357
11521 363
11532 373
11546 390
11559 407
11567 411
11570 405
11571 393
11571 379
11577 371
11586 375
11601 383
11614 384
11622 378
11621 367
11616 353
11615 334
11618 311
11626 300
11637 303
11647 312
11657 325
11659 342
11656 365
11651 392
11646 417
11641 429
11644 426
11654 420
11669 418
11688 421
11711 421
11726 416
11729 406
11724 392
11720 372
11718 350
11718 338
11723 343
11732 353
11745 373
11761 397
11777 412
11790 405
11800 391
11809 372
11820 353
11838 336
11859 323
11883 321
11905 324
11908 331
11899 349
11882 374
.PEN_UP
.PEN_DOWN
11686 547
11671 533
11664 513
11654 499
11644 487
.PEN_UP
.PEN_DOWN
11352 611
11332 606
11315 596
11305 586
11296 574
.PEN_UP
.PEN_DOWN
12071 316
12061 306
12051 296
12042 287
12032 277
.PEN_UP
.PEN_DOWN
12278 318
12293 328
12307 338
12322 362
12332 379
12369 447
12381 474
12393 509
12399 553
12401 599
12399 637
12396 656
12388 643
12375 617
12355 572
12334 516
12313 436
12295 358
12282 285
12271 217
12265 167
12264 149
12269 160
12279 183
12294 212
12308 248
12316 288
12317 324
12317 345
12317 347
12322 340
12334 336
12352 339
12374 345
12396 357
12415 365
12425 362
12427 355
12423 344
12419 328
12421 310
12427 299
12436 302
12445 311
12453 324
12457 341
12456 360
12452 381
12449 393
12455 396
12466 398
12480 403
12499 408
12515 403
12517 392
12512 378
12511 360
12516 340
12525 327
12544 320
12568 318
.PEN_UP
.PEN_DOWN
12824 323
12834 333
12849 348
12859 360
12868 374
12912 441
12925 463
12933 491
12939 522
12945 555
12947 572
12945 563
12941 545
12935 511
12927 468
12921 418
12922 368
12927 333
12938 333
12956 350
12981 373
13009 406
13034 444
13058 495
13076 548
13092 601
13103 653
13101 686
13092 676
13076 650
13055 617
13029 571
13003 517
12985 463
12973 415
12972 377
12978 365
12986 369
13001 377
13019 390
13037 398
13053 392
13062 380
13070 367
13081 352
13098 347
13115 352
13130 364
13137 379
13134 394
13125 401
13113 393
13101 380
13094 363
13098 341
13111 319
13129 305
13155 306
13190 313
13221 322
13250 333
13264 346
13255 358
13241 368
.PEN_UP
.PEN_DOWN
12739 438
12776 448
12810 457
12856 467
12902 477
13063 503
13106 508
13150 513
.PEN_UP
.PEN_DOWN
13510 565
13510 574
13527 584
13536 589
13553 599
13602 640
13617 650
13632 650
13635 645
13628 634
13614 618
13599 597
13590 573
13593 557
13602 548
13615 543
13633 538
13650 529
13662 515
13666 494
13662 467
13652 438
13636 409
13612 382
13583 357
13560 337
13553 329
13560 339
.PEN_UP
.PEN_DOWN
13683 618
13700 623
13709 623
13719 625
13736 630
13782 636
13788 631
13785 622
13777 608
13766 589
13752 568
13738 547
13737 531
13743 520
13755 513
13771 510
13792 503
13814 493
13823 478
13816 457
13807 431
13791 405
13773 377
13747 350
13721 327
13711 314
13719 318
13730 327
.PEN_UP
.PEN_DOWN
13992 650
13978 647
13968 638
13956 628
13941 616
13919 563
13928 553
13943 555
13963 563
13982 572
13997 587
14004 605
14004 626
14001 633
.PEN_UP
.PEN_DOWN
13827 279
13836 289
13856 301
13878 323
13907 348
13968 421
13995 457
14025 496
14058 543
14094 595
14125 637
14139 663
14138 656
.PEN_UP
.PEN_DOWN
14009 389
14002 379
13995 365
13990 355
13983 345
13965 307
13965 291
13970 275
13981 270
13998 275
14019 287
14037 304
14047 322
14044 347
14035 364
14021 363
.PEN_UP
.PEN_DOWN
14348 318
14353 328
14360 338
14370 345
14382 352
14401 394
14403 406
14398 418
14391 425
14376 421
14354 409
14328 390
14306 366
14294 337
14298 311
14306 296
14317 295
14333 304
14350 316
14365 334
14366 344
14364 342
14368 334
14381 329
14401 331
14430 342
14462 361
14491 387
14515 420
14533 458
14547 500
14558 547
14568 592
14574 630
14569 640
14561 625
14543 591
14518 535
14484 457
14452 367
14424 274
14400 186
14382 109
14369 41
14369 0
14377 3
14388 24
14406 54
14429 102
14455 162
14479 226
14499 283
14513 323
14528 340
14550 338
14579 330
14620 324
14661 323
14694 327
.PEN_UP
.PEN_DOWN
14855 547
14857 559
14865 576
14879 595
14889 607
14934 657
14949 671
14964 681
14981 679
14999 670
15015 660
15034 651
15057 643
15088 642
15125 648
15165 662
15205 679
15239 700
15266 724
.PEN_UP
.PEN_DOWN
15106 603
15106 588
15106 568
15106 544
15104 520
15089 430
15082 396
15073 363
15063 330
15050 300
15039 276
15027 263
15010 267
14992 274
14973 288
14955 310
14941 337
14931 366
14930 385
14938 387
14949 385
14966 384
.PEN_UP
.PEN_DOWN
15179 308
15179 298
15189 295
15199 295
15209 300
15245 340
15260 361
15274 385
15283 407
15282 432
15274 446
15263 441
15248 426
15233 402
15220 367
15211 327
15208 288
15212 256
15223 244
15239 252
15262 266
15290 291
15317 320
15345 360
15371 407
15395 459
15416 514
15434 571
15445 626
15449 672
15446 711
15438 735
15425 724
15411 704
15391 670
15373 624
15356 561
15344 494
15339 435
15342 386
15344 351
15350 327
15362 319
15378 324
15400 337
15420 352
15434 371
15439 395
15434 408
15423 408
15412 400
15400 389
15390 373
15384 354
15387 334
15393 317
15408 304
15428 305
15452 313
15477 324
15497 342
15510 366
15519 395
15524 424
15526 454
15524 472
15521 474
15520 466
15525 460
15535 453
15547 440
15559 425
15563 406
15558 384
15552 362
15547 340
15550 321
15558 312
15570 314
15586 321
15606 336
15624 352
15630 357
15623 352
15615 340
15608 325
15601 307
15598 289
15605 285
15615 294
15627 308
15641 323
15653 343
15654 355
15651 350
15650 341
15650 329
15652 319
15659 322
15670 329
15686 340
15704 359
15720 384
15734 421
15746 466
15758 518
15767 573
15774 622
15779 661
15777 662
15771 644
15762 613
15751 569
15739 512
15729 448
15721 391
15719 346
15722 309
15732 297
15745 301
15761 310
15781 327
15797 347
15808 368
15813 391
15808 398
15799 391
15790 381
15780 367
15772 352
15767 331
15769 310
15778 293
15793 288
15812 295
15836 306
15857 320
15873 337
15885 351
15882 357
.PEN_UP
.PEN_DOWN
15562 512
15587 507
15616 507
15643 505
15672 500
15771 505
15810 514
15857 527
15902 542
15947 555
.PEN_UP
.PEN_DOWN
16274 295
16264 298
16250 300
16238 317
16233 332
16210 393
16206 420
16206 457
16210 499
16217 546
16228 592
16244 629
16264 658
16285 669
16301 660
16309 641
16305 607
16297 559
16285 493
16270 426
16248 359
16225 299
16202 253
16180 212
16164 190
16153 199
16149 215
16149 238
16148 270
16146 308
16141 344
16135 358
16132 353
16139 345
16151 346
16166 350
16186 352
.PEN_UP
.PEN_DOWN
16325 295
16335 312
16347 330
16359 351
16372 369
16409 410
16418 416
16426 412
16430 400
16432 381
16429 357
16426 328
16420 306
16416 299
16418 306
16424 321
16433 340
16448 361
16464 374
16477 366
16484 354
16486 337
16492 326
16503 329
16518 338
16536 350
16553 367
16566 386
16580 401
16594 399
16605 393
16606 392
16599 390
16589 386
16577 377
16564 362
16554 341
16548 318
16549 293
16558 271
16572 260
16594 256
16620 261
16645 268
16669 277
.PEN_UP
.PEN_DOWN
16779 269
16789 276
16796 286
16796 276
16789 266
16773 264
16781 277
16790 283
16791 282
.PEN_UP
.PEN_DOWN
17040 259
17047 269
17057 278
17062 295
17071 310
17106 376
17119 401
17132 436
17141 473
17147 518
17149 560
17147 579
17142 566
17137 544
17131 507
17124 465
17121 415
17121 373
17128 355
17140 366
17157 387
17181 413
17203 449
17223 494
17237 543
17248 596
17256 644
17262 685
17258 710
17251 696
17239 669
17226 627
17210 570
17191 494
17172 422
17158 356
17158 315
17168 308
17181 322
17199 343
17220 364
17243 390
17259 414
17269 415
17274 404
17274 388
17273 369
17274 347
17280 324
17291 314
17309 318
17331 327
17349 338
17353 337
17346 331
17337 317
17328 299
17320 278
17322 264
17331 269
17339 279
17352 294
17366 312
17380 334
17392 352
17399 353
17401 344
17398 329
17396 311
17399 291
17407 289
17420 300
17436 318
17454 340
17470 370
17486 410
17504 458
17524 514
17542 569
17554 617
17555 642
17550 630
17539 604
17522 558
17502 495
17486 421
17484 357
17491 306
17500 277
17509 273
17516 283
17516 293
17509 315
17494 350
.PEN_UP
.PEN_DOWN
17427 451
17459 454
17488 461
17520 471
17552 481
17649 533
17678 545
17707 554
17719 556
.PEN_UP
.PEN_DOWN
16903 422
16913 427
16925 434
16935 444
16964 451
17089 492
17142 516
17209 545
17284 580
.PEN_UP
.PEN_DOWN
17810 261
17825 273
17835 283
17844 300
17854 317
17890 365
17895 365
17897 353
17895 335
17895 314
17899 292
17909 285
17923 296
17942 313
17962 336
17983 369
18008 415
18033 469
18058 530
18081 596
18099 659
18107 710
18101 731
18093 712
18080 676
18064 630
18045 566
18029 483
18022 408
18027 344
18032 302
18041 295
18050 302
18062 313
18072 327
.PEN_UP
.PEN_DOWN
17910 539
17930 542
17966 542
18003 547
18042 554
18172 599
18212 616
.PEN_UP
.PEN_DOWN
17949 468
17952 459
17952 449
17952 439
17956 429
.PEN_UP
.PEN_DOWN
18476 361
18476 371
18471 386
18461 390
18449 390
18410 391
18396 382
18383 365
18375 343
18377 318
18384 302
18397 307
18413 320
18437 341
18462 372
18489 412
18520 465
18548 521
18574 577
18591 627
18596 667
18592 679
18584 664
18570 637
18552 592
18530 531
18509 457
18491 388
18479 328
18476 285
18482 264
18494 265
18511 278
18533 302
18556 329
18565 349
18564 347
18560 334
18555 315
18552 289
18555 268
18562 259
18571 269
18580 283
18588 298
18591 316
18589 338
18583 355
18575 357
18565 349
18557 340
18560 327
18569 313
18583 303
18601 306
18623 313
18642 327
18658 344
18672 365
18680 387
18682 409
18676 419
18665 413
18654 404
18643 387
18634 368
18631 345
18632 320
18640 306
18653 305
18671 315
18689 330
18703 347
18711 368
18715 388
18718 408
18723 415
18728 410
18734 402
18740 386
18743 367
18745 345
18742 320
18736 297
18725 279
18710 278
18697 286
18695 289
18703 286
18714 287
18730 291
18750 301
18772 316
18792 339
18807 363
18816 379
18818 374
18815 361
18812 345
18809 323
18810 308
18814 306
18822 315
18833 329
18847 348
18862 365
18873 369
18877 359
18876 346
18875 330
18877 317
18883 315
18894 324
18910 338
18931 362
18955 396
18982 442
19011 499
19035 559
19057 625
19073 687
19084 738
19083 775
19076 770
19067 743
19054 709
19037 651
19017 578
18998 494
18985 413
18982 345
18985 297
18990 265
19001 251
19016 256
19033 267
19050 283
19061 303
19062 330
19053 359
19038 392
19019 432
.PEN_UP
.PEN_DOWN
18898 649
18915 649
18939 644
18949 642
18968 637
19100 612
19137 610
19176 612
19211 617
19212 622
.PEN_UP
.PEN_DOWN
18885 498
18898 498
18915 486
18922 473
18927 454
.PEN_UP
.PEN_DOWN
19390 366
19390 376
19388 388
19373 390
19363 390
19322 353
19309 334
19295 310
19287 286
19292 265
19300 260
19313 269
19329 282
19349 302
19368 326
19383 350
19390 357
19389 348
19388 332
19390 315
19398 301
19412 304
19431 317
19451 337
19470 363
19487 396
19507 437
19530 485
19552 540
19571 596
19581 646
19580 684
19570 687
19555 670
19535 640
19515 598
19499 546
19487 489
19479 433
19475 387
19472 345
19471 311
19476 293
19485 291
19499 299
19515 309
19529 323
19538 343
19541 365
19540 383
19544 396
19554 402
19565 397
19575 385
19574 366
19572 340
19572 313
19577 293
19588 290
19604 298
19621 308
19638 323
19649 343
19654 366
19651 384
19645 387
19635 377
19626 362
19617 343
19613 319
19617 298
19627 284
19641 282
19661 289
19683 299
19704 313
19726 332
19740 349
19740 357
19732 353
19721 343
19707 329
19692 312
19684 293
19690 283
19699 289
19710 296
19721 310
19733 327
19741 345
19745 353
19743 348
19740 336
19740 321
19746 315
19756 316
19772 323
19791 334
19813 349
19833 368
19851 390
19866 413
19871 431
19866 433
19855 422
19841 407
19826 386
19809 361
19799 334
19802 312
19810 307
19819 313
19835 324
19852 342
19872 370
19890 406
19905 446
19919 491
19934 537
19950 586
19963 635
19967 669
19960 672
19950 656
19941 633
19930 594
19918 541
19907 482
19897 425
19890 378
19890 344
19895 328
19904 333
19916 347
19931 365
19949 387
19962 401
19969 394
19971 383
19971 370
19973 354
19980 340
19992 340
20006 348
20021 361
20034 379
20043 403
20050 424
20056 420
20060 406
20061 386
20059 355
20053 311
20042 256
20024 201
19998 147
19966 100
19933 61
19902 30
19875 28
19865 44
19874 69
19890 97
19913 131
19940 163
19977 196
20018 228
20064 261
20111 298
20156 333
20193 367
20217 395
20222 420
20214 435
.PEN_UP
.PEN_DOWN
20453 342
20461 351
20468 361
20475 371
20478 381
20436 360
20429 343
20422 320
20418 293
20422 271
20432 264
20446 269
20459 281
20472 295
20477 314
20476 340
20471 364
20463 382
20453 381
20442 371
20434 355
20439 338
20448 330
20463 334
20482 343
20506 357
20530 373
20551 394
20568 418
20581 427
20587 419
20585 406
20581 385
20577 362
20572 335
20571 317
20575 317
20582 325
20591 336
20601 351
20610 366
20613 369
20613 363
20612 348
20612 333
20614 313
20622 299
20632 306
20643 317
20652 335
20655 355
20655 377
20653 385
20650 380
20653 373
20660 369
20673 371
20691 377
20715 380
20735 375
20747 366
20748 356
20745 337
20740 315
20743 304
20746 306
20753 316
20762 332
20773 353
20786 376
20798 399
20808 409
20815 401
20817 388
20817 368
20817 349
20820 324
20828 305
20841 291
20859 286
20879 290
20898 302
.PEN_UP
.PEN_DOWN
21058 286
21070 303
21080 315
21087 325
21092 334
21108 376
21113 391
21116 401
21115 395
21111 381
21105 363
21098 338
21092 311
21089 286
21092 265
21101 257
21113 262
21130 272
21149 288
21163 307
21176 329
21179 343
21179 338
21177 328
21176 316
21175 300
21174 283
21176 267
21179 263
21185 271
21193 282
21202 299
21214 319
21225 343
21239 363
21254 374
21268 368
21276 359
21275 342
21272 325
21270 305
21272 298
21280 304
21292 319
21307 338
21324 362
21335 379
21338 372
21335 360
21332 343
21330 321
21330 300
21333 279
21342 273
21353 279
21368 288
21383 300
21396 318
21407 343
21416 378
21425 423
21435 475
21445 528
21457 577
21467 619
21475 651
21483 676
21489 674
21489 657
21484 627
21473 580
21459 519
21443 458
21431 403
21430 358
21434 324
21444 301
21458 297
21473 305
21492 319
21508 338
21518 362
21518 376
21515 370
21514 359
21516 342
21523 326
21535 316
21552 320
21572 331
21592 349
21612 374
21634 410
21657 453
21682 508
21705 568
21725 627
21737 681
21734 718
21726 723
21709 705
21684 668
21657 618
21627 552
21603 476
21594 410
21600 351
21612 310
21629 292
21650 293
21678 302
21704 315
21722 331
21725 351
21718 371
21706 389
21689 405
.PEN_UP
.PEN_DOWN
21580 466
21580 454
21575 442
21570 432
21563 420
.PEN_UP
.PEN_DOWN
21280 498
21309 503
21341 507
21372 510
21409 515
21532 532
21570 540
21604 547
.PEN_UP
.PEN_DOWN
22004 459
22004 469
22004 488
22004 501
22004 510
22007 526
22005 514
22002 493
21997 467
21994 439
21997 419
22006 416
22019 424
22040 437
22068 449
22096 456
22124 450
22144 436
22156 417
22162 397
22159 371
22153 345
22137 319
22114 293
22084 267
22055 248
22034 250
22020 264
22014 288
22014 321
.PEN_UP
.PEN_DOWN
21999 530
22009 525
22034 523
22058 523
22082 523
22164 545
22198 562
22236 582
22272 600
.PEN_UP
.PEN_DOWN
22297 247
22314 257
22324 267
22336 276
22348 293
22365 335
22370 346
22373 337
22377 318
22380 287
22382 244
22384 194
22385 143
22385 99
22382 64
22374 37
22362 33
22349 46
22342 70
22344 105
22350 156
22359 218
22371 277
22387 335
22407 381
22428 412
22449 420
22468 411
22483 392
22494 369
22500 338
22500 302
22494 269
22484 243
22472 223
22452 212
22427 211
22402 213
22379 216
22372 220
22377 219
22387 215
.PEN_UP
.PEN_DOWN
22602 257
22602 245
22599 235
22590 230
22585 220
22573 264
22580 274
.PEN_UP
.PEN_DOWN
22692 228
22694 237
22707 252
22716 262
22721 274
22768 338
22782 355
22795 367
22808 366
22815 355
22812 337
22806 314
22795 287
22787 260
22788 257
22796 265
22809 280
22828 301
22850 326
22872 352
22888 361
22891 353
22885 335
22878 314
22873 286
22872 264
22877 269
22889 283
22906 301
22925 327
22944 353
22960 377
22967 382
22965 370
22963 347
22960 321
22961 290
22965 259
22977 235
22995 225
23018 232
.PEN_UP
.PEN_DOWN
23131 271
23131 257
23123 247
23116 237
23106 228
23076 204
23082 212
23096 226
23114 244
.PEN_UP
.PEN_DOWN
23692 591
23692 601
23701 615
23704 625
23687 637
23642 637
23625 631
23607 621
23592 607
23587 588
23592 570
23602 557
23616 559
23630 569
23646 582
23647 598
23639 614
23625 627
23607 628
23584 622
23556 609
23529 592
23503 572
23479 552
23457 534
23441 516
23433 497
23438 476
23449 456
23466 442
23485 433
23510 428
23532 429
23551 435
23556 446
23550 458
23538 465
23526 460
23508 448
23488 432
23471 410
23457 383
23449 358
23445 335
23446 316
23449 294
23454 272
23464 253
23479 240
23498 238
23522 242
23544 245
23565 250
23586 259
23606 273
23628 292
23647 312
23663 333
23672 354
23671 372
23669 383
.PEN_UP
.PEN_DOWN
23723 230
23740 240
23750 250
23760 274
23770 286
23818 359
23833 388
23851 427
23867 474
23878 524
23883 572
23881 614
23877 653
23872 686
23864 714
23851 727
23837 723
23819 709
23802 686
23789 655
23780 613
23779 570
23787 527
23803 483
23827 444
23857 410
23890 381
23922 358
23952 338
23981 317
24001 295
24006 271
23999 249
23988 232
23974 219
23953 213
23926 213
23896 218
23863 227
23829 240
23795 260
23764 282
23738 299
23730 305
23742 307
23759 312
23780 320
23809 332
23841 343
23869 352
23896 355
.PEN_UP
.PEN_DOWN
24038 559
24033 569
24033 579
24038 588
24048 593
24097 627
24112 634
24125 630
24136 621
24146 607
24155 590
24172 572
24199 568
24233 575
24274 585
24317 598
24354 616
24388 636
24416 657
.PEN_UP
.PEN_DOWN
24257 593
24257 581
24255 571
24250 562
24245 547
24226 457
24215 420
24199 376
24181 330
24164 284
24145 252
24130 249
24116 262
24104 282
24096 310
24089 346
24081 382
24077 401
24081 402
24091 399
24105 396
24121 395
.PEN_UP
.PEN_DOWN
24328 289
24338 284
24343 274
24343 264
24343 250
24317 185
24299 169
24279 153
.PEN_UP
.PEN_DOWN
24569 581
24579 586
24589 593
24599 598
24608 608
24649 631
24662 633
24665 628
24660 620
24653 610
24640 598
24628 595
24624 601
24633 611
24650 621
24673 640
24702 661
24733 672
24758 664
24771 649
24768 623
24761 587
24748 543
24730 491
24706 437
24678 388
24649 342
24629 312
24626 310
24633 324
24649 346
24676 380
24715 431
24759 488
24805 546
24847 599
24882 642
24907 658
24913 645
24908 623
24900 595
24885 556
24864 503
24840 453
24814 405
24793 364
24775 333
24769 306
24776 292
24789 295
24805 301
24826 310
24849 321
24871 335
24886 353
24886 359
24879 349
24873 335
24865 314
24857 288
24854 258
24860 239
24873 240
24886 247
24900 259
24911 274
24911 295
24907 318
24897 340
24883 355
24868 350
24861 341
24871 342
24888 349
24908 361
24932 374
24958 388
24976 388
24985 379
24989 366
24987 346
24982 318
24975 286
24970 258
24974 247
24982 252
24995 266
25009 284
25023 309
25032 333
25043 349
25059 360
25080 364
25108 368
25131 376
25141 388
.PEN_UP
.PEN_DOWN
25108 247
25123 252
25130 264
25135 276
25135 264
25122 233
25115 240
25118 249
25126 262
25136 263
25151 257
.PEN_UP
.PEN_DOWN
25506 630
25501 640
25491 642
25474 642
25464 635
25410 557
25395 523
25378 481
25363 428
25352 369
25349 313
25355 269
25366 238
25382 220
25406 218
25434 227
25461 242
25487 264
25497 292
25491 320
25479 341
25462 348
25441 342
25416 329
25394 311
25379 291
25381 274
25388 265
.PEN_UP
.PEN_DOWN
25584 274
25589 284
25589 274
25589 286
25596 296
25613 285
25609 269
25602 258
25594 262
25591 271
25595 279
25602 281
.PEN_UP
