

.STYLE CURSIVE
.COMMENT previously: .WRITER_ID wcdr.359
.WRITER_ID wcd
.HAND R
.SEX M

.PEN_DOWN
21 623
21 613
21 596
16 577
14 557
0 516
.PEN_UP
.PEN_DOWN
75 657
75 647
70 633
68 621
65 599
63 543
64 526
.PEN_UP
.PEN_DOWN
294 299
287 309
282 318
277 330
270 348
260 427
258 455
257 495
255 540
255 586
255 625
259 655
266 673
275 670
284 653
288 629
286 585
282 524
275 450
265 375
253 314
243 269
235 238
226 224
212 231
194 245
174 264
156 291
147 318
151 334
.PEN_UP
.PEN_DOWN
389 296
394 306
397 323
402 345
407 372
417 431
420 459
423 492
427 528
430 566
432 593
432 584
430 560
427 522
424 469
421 408
420 346
420 298
423 261
432 241
446 241
460 250
.PEN_UP
.PEN_DOWN
292 428
302 413
311 408
321 408
333 408
419 425
450 436
.PEN_UP
.PEN_DOWN
699 282
709 294
719 304
728 323
738 340
770 398
775 415
776 422
772 411
768 393
762 367
755 336
750 303
752 283
759 283
766 290
776 302
787 322
796 346
801 365
804 364
805 352
806 335
807 312
812 294
821 288
832 296
843 305
852 318
857 338
859 363
860 389
860 406
865 403
877 398
895 394
918 395
931 393
929 386
922 373
914 353
905 327
900 299
905 280
912 279
922 286
933 299
944 317
952 343
957 374
959 403
956 429
949 437
940 430
932 417
927 401
929 385
936 370
949 368
965 375
988 385
1007 390
1019 386
1026 378
1023 366
1019 349
1022 333
1026 330
1032 341
1040 354
1049 367
1054 372
1057 366
1058 353
1059 337
1066 325
1078 322
1094 330
1111 339
1125 355
1138 377
1149 405
1158 441
1165 480
1170 520
1173 562
1174 597
1174 624
1171 624
1166 605
1160 581
1151 542
1141 492
1135 437
1130 385
1132 345
1137 316
1146 306
1161 311
1180 320
1202 336
1222 355
1236 378
1239 390
1234 383
1224 371
1214 356
1203 338
1192 319
1186 299
1188 281
1194 275
1200 280
1211 290
1224 307
1236 328
1250 359
1263 397
1275 443
1286 493
1295 545
1302 597
1306 642
1308 676
1304 681
1296 663
1286 635
1272 590
1261 531
1254 464
1250 403
1252 356
1256 322
1267 302
.PEN_UP
.PEN_DOWN
1443 265
1455 274
1465 284
1474 311
1482 323
1536 399
1550 425
1563 456
1574 491
1579 531
1577 568
1571 603
1566 625
1560 620
1553 604
1546 577
1538 529
1529 470
1522 407
1517 350
1516 307
1517 278
1521 265
1529 272
1539 287
1551 308
1560 335
1565 368
1569 396
1572 415
1575 412
1577 400
1579 384
1581 363
1587 348
1600 349
1619 356
1641 365
1658 380
1670 398
1673 420
1666 431
1656 425
1643 409
1629 384
1620 354
1621 321
1628 296
1639 283
1655 282
1672 288
1694 298
1716 310
.PEN_UP
.PEN_DOWN
1945 421
1935 426
1923 428
1908 426
1899 416
1858 368
1845 346
1837 322
1841 299
1849 286
1859 287
1873 295
1887 308
1900 324
1909 344
1915 358
1919 356
1921 348
1923 337
1929 323
1941 309
1958 297
.PEN_UP
.PEN_DOWN
2096 284
2101 294
2106 304
2116 316
2123 330
2140 370
2142 382
2146 393
2151 391
2158 380
2168 362
2175 342
2180 317
2177 294
2168 279
2154 278
2137 285
2123 290
2126 288
2137 287
2151 291
2172 302
2195 323
2220 352
2245 386
2264 417
2276 452
2284 492
2289 537
2293 587
2297 631
2299 653
2299 637
2296 609
2289 567
2280 519
2267 456
2255 400
2248 354
2245 321
2249 315
2257 327
2268 345
2282 367
2295 382
2304 382
2309 372
2311 358
2311 340
2317 328
2330 328
2347 336
2366 346
2383 360
2392 376
2389 377
2380 366
2370 348
2357 330
2346 307
2348 289
2354 285
2362 292
2373 304
2384 321
2395 341
2402 352
2405 348
2403 337
2401 321
2403 304
2410 297
2422 303
2436 315
2454 332
2471 350
2486 367
2493 365
2492 353
2488 338
2485 320
2487 309
2491 313
2499 322
2509 338
2521 350
2528 349
2528 340
2524 325
2526 317
2530 316
2538 322
2549 338
2563 358
2576 383
2588 410
2596 418
2600 411
2603 396
2603 376
2603 353
2605 326
2612 304
2624 295
2641 296
2658 303
2673 314
2686 331
2696 352
2697 376
2691 390
2682 388
2674 378
2664 361
2657 338
2655 311
2657 285
2668 267
2688 266
2713 274
2743 283
.PEN_UP
.PEN_DOWN
2918 279
2923 289
2930 311
2935 321
2945 348
2988 424
2999 456
3009 490
3016 530
3021 569
3023 596
3023 604
3022 590
3019 564
3013 527
3001 473
2988 411
2976 352
2970 306
2975 278
2986 278
3000 291
3019 305
3038 327
3052 353
3058 377
3054 377
3047 365
3040 348
3035 323
3032 295
3036 271
3047 271
3056 281
3066 294
3074 313
3077 336
3077 360
3076 381
3074 386
3075 379
3079 368
3090 361
3111 361
3139 366
3167 375
.PEN_UP
.PEN_DOWN
2842 472
2857 465
2881 460
2913 455
2945 452
3073 458
3116 466
.PEN_UP
.PEN_DOWN
3274 284
3289 282
3298 289
3308 299
3313 309
3358 384
3372 409
3389 442
3405 484
3418 536
3426 586
3426 629
3423 658
3418 655
3411 637
3402 608
3392 561
3382 503
3373 439
3366 385
3361 341
3364 322
3372 331
3383 344
3399 365
3418 389
3432 404
3439 395
3437 381
3435 363
3433 343
3436 326
3444 320
3457 326
3474 338
3493 352
3508 370
3516 390
3512 396
3505 388
3495 372
3483 355
3471 334
3466 311
3471 302
3481 308
3492 317
3504 335
3517 354
3526 377
3531 398
3534 400
3535 393
3535 381
3535 366
3537 350
3544 347
3555 353
3570 364
3587 380
3602 399
3609 403
3610 394
3607 380
3604 363
3603 344
3606 337
3613 341
3623 350
3633 363
3643 377
3651 393
3656 394
3664 388
3672 378
3681 367
3695 361
3711 367
3728 376
3740 390
3748 409
3747 430
3739 446
3727 447
3711 435
3695 415
3684 387
3684 356
3691 326
3703 306
3726 299
3752 303
3783 309
3811 316
.PEN_UP
.PEN_DOWN
4064 421
4049 421
4039 413
4030 404
4013 387
3968 327
3958 308
3961 294
3968 289
3978 295
3991 308
4006 324
4021 342
4029 356
4033 351
4035 339
4037 323
4042 303
4052 288
4068 287
.PEN_UP
.PEN_DOWN
4508 586
4495 599
4483 608
4473 616
4464 616
4424 592
4415 576
4407 556
4408 536
4416 523
4425 530
4437 539
4448 553
4455 570
4459 590
4457 613
4449 631
4437 634
4420 625
4395 606
4370 576
4342 533
4313 481
4289 428
4269 378
4255 334
4251 295
4256 263
4266 246
4284 243
4310 250
4345 264
4385 288
4426 326
4465 373
4504 426
4538 487
4566 547
4590 605
4604 652
4604 682
4597 684
4588 672
4572 649
4551 612
4524 558
4497 495
4472 434
4451 379
4440 340
4447 324
4457 332
4472 347
4489 368
4507 386
4518 395
4522 386
4521 367
4520 345
4523 325
4532 311
4545 313
4563 320
4583 330
4602 341
4619 357
4629 375
4624 386
4616 378
4602 362
4585 340
4571 319
4566 298
4573 294
4583 300
4596 309
4612 322
4628 340
4640 362
4646 375
4647 366
4647 353
4647 339
4653 328
4663 330
4680 340
4700 351
4717 367
4732 386
4743 403
4750 406
4749 396
4745 377
4739 354
4732 322
4721 284
4707 246
4688 211
4667 179
4653 169
4657 183
4668 206
4684 243
4707 288
4731 346
4757 397
4779 430
4796 435
4805 421
4802 403
4797 382
4789 357
4777 344
4775 338
4781 336
4790 336
4804 341
4822 351
4844 369
4864 393
4884 423
4899 458
4911 497
4921 542
4929 585
4934 616
4931 611
4924 589
4913 553
4900 505
4883 450
4870 393
4865 350
4867 315
4875 303
4886 308
4902 319
4920 336
4934 358
4943 381
4939 398
4930 394
4917 378
4907 361
4898 339
4897 319
4903 305
4916 309
4935 319
4955 330
4977 349
4995 369
5008 389
5017 395
5015 389
5010 378
5004 362
4996 344
4991 320
4996 300
5009 290
5028 292
5051 300
5079 311
5103 325
.PEN_UP
.PEN_DOWN
4776 523
4800 521
4825 518
4851 518
4878 516
4980 520
5009 529
.PEN_UP
.PEN_DOWN
5278 635
5268 625
5266 616
5263 606
5261 596
5267 572
5273 580
5280 591
5284 606
5288 625
5292 648
5301 667
5317 674
5338 671
5361 666
5384 660
5402 649
5413 632
5414 611
5408 586
5397 561
5380 531
5356 495
5328 461
5302 424
5277 389
5258 359
5243 328
5237 303
.PEN_UP
.PEN_DOWN
5251 455
5268 445
5278 445
5298 445
5322 445
5405 451
.PEN_UP
.PEN_DOWN
5576 372
5566 374
5551 374
5541 369
5532 360
5496 312
5491 294
5497 291
5504 296
5513 306
5524 320
5537 327
5548 322
5556 312
5561 298
5567 286
5580 288
5599 298
5622 316
5647 344
5672 383
5696 430
5720 482
5742 536
5759 588
5770 635
5770 663
5763 656
5754 639
5737 610
5714 563
5683 498
5650 422
5616 343
5587 266
5560 201
5537 142
5523 100
5522 86
5529 96
5542 119
5560 153
5580 189
5600 232
5612 263
5617 273
5624 269
5636 271
5657 277
5687 291
5719 315
5749 346
5779 387
5806 433
5832 485
5856 542
5878 599
5894 649
5899 687
5895 701
5884 683
5866 653
5845 613
5817 554
5787 480
5762 408
5740 340
5727 288
5731 256
5740 250
5755 262
5775 280
5797 303
5818 333
5831 362
5827 381
5818 378
5807 367
5794 349
5784 325
5775 300
5771 274
5776 254
5785 244
5799 242
5817 248
5837 258
5857 272
5873 291
5885 314
5893 339
5896 364
5903 383
5913 392
5927 386
5939 376
5948 363
5946 346
5939 323
5927 298
5921 273
5926 255
5934 245
5948 248
5968 255
5990 265
6013 278
.PEN_UP
.PEN_DOWN
5673 457
5683 457
5705 457
5736 457
5771 462
5901 490
5950 503
5998 518
.PEN_UP
.PEN_DOWN
6253 365
6256 374
6246 377
6236 372
6222 360
6177 314
6167 297
6160 277
6165 261
6174 254
6185 260
6199 270
6216 283
6230 299
6242 319
6251 337
6257 342
6258 336
6258 325
6259 311
6265 301
6277 301
6293 308
6314 319
6334 335
6351 359
6367 390
6381 424
6393 464
6407 509
6420 555
6433 600
6444 639
6443 659
6435 647
6419 630
6397 594
6372 551
6346 492
6326 430
6314 377
6312 330
6317 298
6326 281
6344 282
6367 291
6393 305
6423 329
6450 362
6475 400
6500 447
6520 500
6538 556
6551 611
6558 658
6557 692
6552 706
6542 694
6523 667
6498 620
6471 561
6446 489
6430 427
6425 377
6427 341
6434 316
6444 300
6460 292
6481 291
6504 294
.PEN_UP
.PEN_DOWN
6765 287
6780 301
6790 311
6802 321
6814 330
6856 392
6870 414
6887 442
6902 472
6917 508
6929 544
6937 577
6939 603
6934 597
6923 573
6906 544
6883 499
6858 449
6836 396
6822 347
6826 311
6835 292
6849 293
6869 303
6895 321
6924 348
6951 381
6976 421
7001 468
7028 518
7055 571
7081 620
7097 659
7091 661
7077 642
7054 607
7023 564
6992 509
6962 451
6939 403
6925 365
6920 334
6926 319
6937 320
6953 326
6973 337
6995 353
7012 358
7019 351
7021 341
7021 326
7028 312
7041 305
7060 308
7083 314
7102 327
7113 344
7108 362
7098 371
7083 366
7068 351
7048 328
7035 301
7035 273
7046 252
7066 242
7092 241
7123 244
7153 252
7173 267
.PEN_UP
.PEN_DOWN
6714 457
6734 457
6768 462
6807 467
6843 474
6970 486
7019 488
.PEN_UP
.PEN_DOWN
7375 297
7367 287
7360 270
7360 255
7360 246
7391 239
7405 248
7421 265
7440 290
7461 318
7477 347
7488 373
7494 393
7496 398
7495 386
7494 361
7494 322
7492 266
7489 203
7484 145
7478 98
7472 67
7466 57
7464 65
7466 84
7470 109
7479 144
7492 190
7511 240
7531 292
7551 339
7569 379
7581 405
7591 414
7597 405
7600 389
7599 370
7597 350
7592 326
7582 309
7568 307
7559 312
7566 308
7574 298
7589 290
7606 294
7625 300
7645 309
7661 323
7674 341
7682 362
7680 384
7673 401
7667 404
7670 398
7681 392
7694 387
7707 375
7718 359
7722 339
7719 316
7713 294
7708 271
7711 249
7721 239
7732 243
7749 252
7768 265
7782 282
7791 301
7794 320
7792 326
7789 321
7786 309
7784 290
7782 267
7782 241
7786 223
7796 219
7808 226
7820 238
7830 255
7828 278
7820 305
7808 316
7797 312
7798 307
7806 301
7819 302
7836 307
7857 317
7881 331
7899 346
7906 350
7900 343
7889 330
7877 313
7869 290
7869 266
7877 253
7886 254
7899 263
7912 276
7922 296
7928 308
7931 303
7931 291
7930 270
7928 242
7924 205
7917 161
7907 118
7894 77
7879 41
7866 13
7854 0
7849 8
7851 22
7854 44
7860 72
7870 106
7884 142
7899 178
7917 213
7935 246
7953 276
7967 307
7972 332
7973 343
7981 346
7992 345
8001 338
8008 326
8007 307
8005 284
8006 260
8012 244
8025 242
8039 250
8057 262
8071 277
8078 295
8082 316
8080 335
8073 337
8065 331
8058 318
8053 302
8055 281
8060 257
8069 242
8083 243
8099 251
8114 262
8127 278
8133 299
8135 322
8136 342
8137 348
8139 342
8141 329
8144 310
8146 288
8146 261
8139 241
8128 236
8114 233
8110 225
8117 226
8129 234
8141 245
8154 260
8168 280
8179 304
8188 328
8194 351
8198 375
8201 393
8204 394
8208 382
8211 363
8214 341
8216 315
8216 287
8216 262
8210 242
8200 228
8184 220
8163 221
8143 229
8130 241
8132 246
8140 245
8152 242
8171 240
8196 243
8223 248
8250 256
8274 266
.PEN_UP
.PEN_DOWN
8440 248
8450 248
8460 263
8467 272
8474 282
8490 321
8495 335
8500 349
8501 350
8504 341
8504 320
8503 297
8502 267
8502 239
8507 230
8516 235
8529 242
8545 254
8561 269
8575 287
8587 309
8592 321
8590 315
8588 304
8585 287
8585 275
8589 275
8598 283
8607 294
8615 306
8623 312
8625 305
8626 296
8631 282
8640 270
.PEN_UP
.PEN_DOWN
8523 524
8513 509
8511 494
8511 485
8511 475
.PEN_UP
.PEN_DOWN
8852 194
8869 204
8882 219
8891 229
8901 241
8939 304
8954 327
8970 355
8985 390
8999 429
9008 469
9014 508
9019 543
9016 547
9011 529
9004 497
8999 453
8993 392
8990 329
8992 273
8999 240
9010 239
9024 251
9042 269
9061 297
9080 332
9100 375
9118 424
9133 479
9146 535
9154 588
9152 617
9144 601
9135 578
9119 536
9102 481
9082 416
9066 352
9060 301
9066 281
9077 289
9090 302
9108 324
9131 349
9149 364
9158 358
9160 345
9157 326
9156 304
9157 280
9163 264
9173 270
9187 278
9203 291
9215 307
9225 326
9231 337
9234 329
9236 317
9237 300
9241 283
9250 273
9261 276
9274 285
9286 298
9294 315
9301 336
9308 360
9313 376
9316 375
9319 365
9322 353
9324 336
9328 316
9332 294
9329 274
9322 259
9309 256
9294 262
9277 267
9267 262
9271 254
9284 246
9305 240
9334 243
9368 248
9397 257
9423 267
9437 278
.PEN_UP
.PEN_DOWN
9308 480
9298 475
9291 465
9281 455
9276 446
.PEN_UP
.PEN_DOWN
8918 448
8942 458
8974 467
9011 475
9047 485
9171 515
.PEN_UP
.PEN_DOWN
9747 358
9745 370
9737 382
9728 382
9718 382
9676 363
9663 345
9651 320
9644 293
9647 263
9655 239
9671 226
9694 223
9719 232
9749 246
9774 265
9796 289
9812 314
9815 330
9807 331
9799 320
9786 304
9771 285
9757 263
9754 247
9761 249
9772 258
9786 268
9801 282
9815 302
9824 323
9828 330
9828 321
9827 308
9828 291
9832 275
9841 268
9853 275
9869 289
9884 307
9893 326
9898 350
9902 366
9908 368
9915 358
9922 345
9928 331
9929 310
9929 289
9924 267
9914 251
9900 248
9885 253
9884 251
9893 249
9905 247
9922 248
9944 254
9969 266
9993 282
10010 303
10020 324
10025 345
10023 367
10018 388
10007 405
9989 402
9968 387
9949 364
9938 336
9941 307
9947 279
9961 258
9979 245
10005 245
10035 250
10064 258
.PEN_UP
.PEN_DOWN
10123 250
10125 260
10125 250
10125 241
10125 231
10113 196
10104 182
.PEN_UP
.PEN_DOWN
10247 614
10247 604
10247 594
10244 577
10240 567
10226 533
.PEN_UP
.PEN_DOWN
10291 619
10301 621
10305 606
10308 597
10308 580
10295 543
.PEN_UP
.PEN_DOWN
10347 243
10349 258
10354 272
10359 282
10364 292
10388 334
10393 348
10399 365
10403 386
10408 401
10413 395
10419 381
10425 363
10428 337
10429 311
10426 284
10418 266
10405 260
10393 266
10393 267
10401 266
10414 268
10433 274
10459 284
10490 300
10520 320
10545 340
10556 361
10550 370
10542 364
10529 351
10514 332
10496 306
10484 278
10486 262
10492 262
10499 269
10510 282
10523 299
10536 318
10547 336
10554 334
10557 322
10559 307
10559 289
10564 281
10574 287
10587 296
10601 309
10611 325
10620 334
10626 327
10631 317
10635 303
10637 288
10647 282
10662 287
10681 297
10704 312
10726 330
10744 352
10758 373
10755 381
10748 376
10735 359
10717 335
10696 305
10679 270
10679 255
10688 262
10700 277
10717 301
10737 331
10759 367
10779 411
10799 460
10816 510
10827 557
10824 581
10816 562
10806 536
10793 493
10785 445
10790 389
10798 337
10810 301
.PEN_UP
.PEN_DOWN
10664 504
10649 504
10639 499
10637 487
.PEN_UP
.PEN_DOWN
11205 253
11193 246
11183 241
11171 238
11154 241
11121 280
11116 301
11117 334
11120 376
11126 431
11137 489
11152 545
11170 592
11189 630
11207 642
11221 630
11230 603
11233 562
11228 504
11219 430
11206 360
11190 292
11171 232
11150 184
11127 142
11105 115
11085 108
11071 116
11063 131
11059 152
11060 175
11064 205
11072 231
11085 252
11102 271
11122 284
11142 293
11164 298
11188 303
11212 308
11235 318
11255 334
11266 346
11269 343
11265 331
11259 317
11254 301
11252 282
11258 273
11266 277
11274 287
11287 303
11299 323
11309 345
11317 359
11320 353
11322 341
11321 323
11324 304
11332 295
11344 299
11360 309
11377 324
11392 343
11401 357
11397 355
11391 346
11382 335
11370 317
11357 297
11347 275
11352 264
11362 269
11376 276
11394 292
11414 315
11434 344
11452 384
11465 422
11477 463
11484 502
11486 530
11482 536
11474 520
11466 497
11458 463
11452 420
11449 377
11449 338
11449 307
11455 288
11467 285
11485 293
11508 303
11530 319
11548 339
11556 353
11553 355
11546 348
11533 338
11517 320
11500 298
11483 275
11477 251
11483 238
11493 239
11507 247
11523 258
11541 273
11552 291
11558 303
11561 295
11559 279
11556 256
11548 227
11536 188
11520 147
11501 108
11481 75
11459 53
11442 47
11430 55
11424 70
11427 90
11436 117
11451 149
11471 178
11497 204
11522 228
11548 246
11575 267
11601 288
11626 309
11646 334
11658 358
11652 374
11642 377
11630 369
11618 357
11607 342
11602 321
11604 297
11611 278
11625 265
11648 262
11680 269
11715 280
11750 298
.PEN_UP
.PEN_DOWN
12178 563
12168 563
12156 563
12146 558
12132 548
12069 475
12048 443
12025 402
12001 356
11981 306
11978 268
11985 247
11999 246
12016 253
12041 269
12070 295
12097 331
12122 375
12144 423
12164 473
12178 518
12185 553
12182 553
12174 532
12161 504
12144 462
12124 411
12104 358
12090 310
12081 272
12084 246
12093 238
12107 244
12119 254
12134 266
12147 279
12162 297
12181 315
12199 333
12217 357
12233 383
12250 417
12270 459
12290 500
12306 543
12317 579
12318 606
12312 610
12300 595
12286 571
12266 537
12244 489
12221 429
12199 370
12181 318
12169 274
12170 246
12179 234
12189 239
12205 253
12221 271
12234 291
12242 311
12246 318
12249 314
12257 313
12268 319
12280 329
12289 343
12293 361
12300 376
12311 380
12324 374
12335 364
12334 350
12329 331
12324 307
12327 285
12333 271
12343 270
12360 276
12384 287
12407 302
12430 320
12449 341
12458 355
12453 356
12445 348
12431 337
12417 323
12400 305
12384 284
12371 265
12371 248
12377 244
12388 250
12401 263
12412 278
12426 300
12438 324
12444 340
12444 337
12441 327
12438 312
12435 293
12438 272
12447 266
12461 276
12478 292
12499 311
12516 329
12524 338
12525 333
12521 322
12516 307
12510 290
12511 275
12517 272
12524 281
12536 293
12551 306
12563 310
12566 301
12562 288
12559 272
12562 268
12568 272
12579 281
12593 295
12611 317
12627 336
12637 344
12639 334
12637 320
12634 306
12630 290
12627 270
12630 253
12638 249
12648 255
12662 266
12675 280
12685 299
12696 323
12704 348
12715 368
12726 373
12734 365
12738 352
12739 332
12737 309
12735 281
12728 256
12715 239
12698 235
12681 244
12673 251
12678 253
12689 255
12705 256
12724 259
12748 266
12772 278
12797 293
12821 309
12832 321
12833 319
12828 310
12822 297
12816 277
12810 253
12810 230
12817 222
12827 227
12836 238
12843 252
12844 269
12840 290
12834 314
12828 335
12831 348
12840 351
12851 348
12867 342
12882 329
12889 314
12884 293
12877 271
12878 263
12882 268
12890 281
12902 302
12919 330
12934 357
12943 367
12941 356
12937 339
12931 322
12927 301
12931 276
12941 259
12954 248
12973 249
12997 253
13021 260
.PEN_UP
.PEN_DOWN
13119 263
13122 250
13122 241
13119 231
13109 226
13095 239
13104 253
13117 263
.PEN_UP
