

.STYLE CURSIVE
.COMMENT previously: .WRITER_ID dsfr.141
.WRITER_ID dsf
.HAND R
.SEX F

.PEN_DOWN
0 414
3 407
0 402
0 397
0 390
5 370
7 363
12 358
20 353
32 351
44 351
59 356
71 361
81 368
93 378
102 390
115 407
127 424
137 443
146 460
156 478
161 495
163 509
168 526
171 543
176 558
181 573
185 587
190 599
195 612
193 617
193 612
193 604
190 590
188 575
185 556
178 536
176 517
171 497
168 478
168 463
171 451
173 439
178 429
183 424
188 426
195 434
202 443
212 456
227 470
239 485
251 504
261 526
271 548
280 573
293 592
305 612
312 621
315 621
312 617
310 607
307 595
302 582
300 565
293 546
283 521
273 497
263 475
254 456
246 436
241 419
241 404
241 390
241 378
244 365
249 356
256 346
263 341
276 341
285 343
295 348
302 353
310 361
317 370
322 380
.PEN_UP
.PEN_DOWN
393 495
393 499
395 504
395 509
400 512
390 507
390 497
385 487
380 478
376 465
368 453
361 439
356 421
351 407
349 395
346 382
349 373
351 365
359 358
366 358
378 361
390 363
402 368
417 375
429 387
439 400
449 414
458 429
466 446
473 468
483 487
490 509
497 531
507 548
515 568
522 582
527 597
529 602
529 597
527 592
522 582
517 570
512 558
507 541
500 524
493 504
485 487
480 468
476 451
473 436
468 424
466 412
461 400
458 387
458 378
461 368
468 363
476 358
485 358
497 361
510 363
522 368
529 375
536 387
544 400
551 412
558 424
563 436
571 446
576 458
578 470
583 480
585 485
590 480
593 475
595 470
597 460
597 451
602 439
605 426
610 414
615 404
615 392
617 382
617 370
615 361
612 353
605 346
595 341
583 341
571 339
558 341
546 343
539 351
534 358
534 363
539 361
544 358
551 351
561 346
571 341
583 339
597 339
610 341
624 348
639 358
651 370
663 385
671 400
675 417
683 434
690 451
695 465
695 473
697 470
697 465
697 456
695 446
693 434
690 421
688 409
685 400
683 387
683 378
680 365
683 356
685 346
693 339
700 336
712 336
724 336
736 341
746 348
756 358
763 373
768 390
771 407
771 424
773 441
773 453
773 463
773 463
773 460
778 456
783 453
793 451
805 451
817 456
829 460
844 470
853 485
863 502
873 519
880 536
888 553
892 568
897 580
900 592
900 604
900 609
897 607
897 599
895 590
890 573
885 548
878 521
871 495
863 473
858 456
853 436
849 419
846 402
846 385
846 370
851 358
858 351
866 348
878 351
888 353
897 358
907 365
917 375
927 392
934 409
939 429
941 448
941 465
936 475
931 478
924 473
914 468
912 458
914 451
919 443
927 439
936 436
951 436
963 439
975 446
985 456
995 463
1005 473
1017 480
1024 485
1031 485
1034 482
1031 478
1029 468
1027 453
1022 439
1019 424
1017 409
1012 400
1010 390
1005 378
1002 368
1005 356
1007 348
1014 346
1024 346
1036 348
1049 351
1061 356
1073 363
1080 373
1090 390
1100 407
1105 426
1112 441
1119 456
1129 468
1136 478
1146 487
1156 492
1166 492
1173 490
1180 485
1183 475
1183 463
1180 446
1178 429
1173 409
1168 392
1161 378
1153 365
1146 358
1136 353
1127 351
1114 353
1107 358
1102 365
1102 375
1100 380
1100 380
1102 375
1102 368
1107 361
1112 351
1119 343
1129 341
1141 339
1153 339
1166 341
1180 348
1192 361
1205 378
1214 397
1224 419
1234 441
1246 463
1258 490
1268 517
1278 541
1285 556
1287 560
1290 556
1287 548
1285 538
1278 521
1273 502
1266 478
1258 453
1251 429
1244 404
1236 387
1234 373
1236 370
1239 375
1246 382
1253 392
1263 407
1275 421
1285 436
1295 448
1302 458
1312 463
1319 460
1324 456
1322 446
1319 434
1317 419
1312 404
1309 392
1307 380
1307 368
1309 358
1317 353
1326 353
1339 356
1351 361
1365 370
1375 380
1387 392
1397 407
1407 421
1417 439
1426 453
1434 465
1436 470
1436 468
1431 463
1429 456
1424 443
1419 429
1414 412
1412 397
1407 385
1405 373
1405 363
1405 353
1409 343
1417 336
1429 331
1441 334
1453 336
1465 341
1478 346
1487 356
1497 370
1507 385
1517 400
1524 412
.PEN_UP
.PEN_DOWN
1478 565
1483 565
1485 570
1485 575
1485 580
.PEN_UP
.PEN_DOWN
1078 568
1078 573
1083 573
1085 578
1085 585
.PEN_UP
.PEN_DOWN
398 582
400 587
400 592
400 597
405 599
.PEN_UP
.PEN_DOWN
439 512
446 512
451 512
461 512
471 512
510 521
524 529
539 534
556 538
573 543
.PEN_UP
.PEN_DOWN
1878 565
1880 573
1880 578
1882 570
1882 560
1873 529
1870 519
1865 507
1860 487
1856 463
1851 436
1843 414
1836 392
1829 378
1824 363
1819 348
1814 339
1809 329
1807 326
1809 326
1812 334
1817 341
1821 356
1831 373
1841 387
1853 404
1865 419
1880 431
1892 446
1902 458
1912 465
1921 473
1931 470
1938 465
1943 460
1943 451
1946 439
1943 424
1941 407
1938 390
1931 378
1926 365
1924 353
1924 343
1929 339
1936 336
1946 336
1960 339
1975 343
1990 351
2002 358
2016 368
2029 378
2041 390
2051 404
2058 419
2068 436
2075 451
2082 463
2082 475
2077 480
2073 480
2065 475
2058 470
2048 463
2038 453
2029 441
2021 429
2014 414
2007 400
1999 385
1997 373
1995 361
1997 351
2002 341
2007 341
2016 343
2026 351
2038 361
2053 375
2068 392
2082 412
2095 434
2102 453
2109 470
2114 482
2114 487
2112 485
2109 480
2107 473
2102 463
2095 451
2087 436
2080 419
2075 402
2070 387
2068 375
2065 363
2068 351
2073 341
2077 339
2087 341
2099 346
2112 351
2124 361
2136 373
2148 387
2158 404
2170 424
2180 443
2190 463
2202 480
2212 492
2221 499
2233 495
2241 487
2246 478
2251 465
2251 446
2246 424
2243 400
2236 375
2229 351
2221 334
2212 324
2202 317
2190 317
2177 319
2168 324
2163 331
2168 341
2173 348
2180 356
2190 358
2199 361
2212 368
2224 373
2236 375
2248 378
.PEN_UP
.PEN_DOWN
2607 436
2611 441
2614 446
2614 453
2614 458
2619 475
2619 482
2616 492
2611 497
2604 499
2592 502
2580 499
2568 495
2558 490
2543 478
2531 463
2519 446
2509 429
2502 414
2499 400
2502 390
2502 378
2507 368
2514 363
2526 363
2538 368
2550 375
2563 382
2575 395
2585 409
2592 426
2599 443
2604 458
2604 465
2599 463
2597 458
2594 448
2589 434
2587 419
2585 402
2585 385
2587 373
2594 363
2604 361
2619 358
2633 358
2648 361
2663 365
2680 378
2697 392
2711 409
2728 429
2741 443
2753 458
2763 470
2770 485
2772 497
2770 507
2765 514
2758 517
2748 514
2736 512
2721 504
2709 492
2694 480
2682 463
2672 446
2663 431
2658 412
2658 397
2663 385
2670 380
2682 385
2694 390
2709 397
2721 407
2733 419
2743 431
2750 441
2755 453
2760 458
2760 456
2760 451
2760 443
2760 431
2758 414
2753 390
2750 361
2743 324
2738 290
2736 261
2728 236
2724 214
2716 197
2709 185
2699 180
2689 180
2680 185
2670 190
2663 197
2658 209
2658 222
2660 236
2668 251
2677 268
2694 290
2711 317
2731 346
2753 375
2772 402
2792 426
2809 451
2821 470
2833 482
2841 482
2845 478
2845 465
2841 448
2838 429
2836 404
2831 387
2826 373
2824 363
2821 365
2824 370
2826 380
2831 392
2838 407
2850 426
2860 448
2870 468
2882 487
2892 499
2902 499
2914 497
2926 492
2933 487
2941 478
2948 468
2955 458
2965 453
2977 453
2989 456
2999 458
3011 465
3019 473
3023 482
3028 497
3031 507
3028 517
3021 519
3014 514
3004 509
2994 499
2984 487
2975 470
2967 453
2960 436
2958 421
2953 407
2953 392
2953 378
2955 363
2963 353
2975 346
2992 346
3009 346
3026 351
3041 358
3060 370
3080 385
3099 402
3114 419
3128 436
3138 451
3148 465
3155 478
3160 490
3162 499
3162 509
3158 514
3150 512
3143 507
3128 502
3116 495
3104 482
3094 468
3087 453
3082 436
3077 419
3077 404
3077 390
3082 375
3087 363
3097 353
3109 346
3123 343
3138 341
3155 343
3172 346
3189 351
3204 358
3221 370
3236 382
3253 397
3270 412
3282 424
3294 436
3304 451
3309 463
3314 478
3314 487
3309 495
3304 499
3294 502
3284 502
3270 499
3258 492
3243 482
3228 468
3219 451
3209 431
3201 412
3197 395
3197 375
3197 361
3201 348
3206 343
3216 346
3228 351
3243 361
3255 370
3270 385
3282 407
3294 431
3309 456
3321 482
3331 504
3343 524
3350 541
3358 560
3362 575
3362 587
3360 590
3358 587
3358 582
3353 575
3345 563
3338 546
3328 524
3321 502
3314 478
3304 456
3297 434
3292 414
3289 395
3289 380
3292 365
3297 356
3306 348
3319 346
3336 348
3350 353
3367 361
3382 370
3394 380
3404 392
3411 402
3418 409
3423 417
3426 424
.PEN_UP
.PEN_DOWN
3804 590
3804 597
3804 602
3804 607
3811 602
3806 580
3801 573
3796 563
3792 551
3784 534
3779 517
3772 499
3765 485
3757 475
3748 465
3743 453
3738 439
3735 424
3733 412
3731 400
3733 387
3733 375
3738 365
3743 358
3750 353
3762 351
3772 348
3784 348
3799 348
3811 353
3826 356
3838 363
3850 368
3865 375
3877 387
3887 400
3894 412
3901 424
3911 439
3921 451
3933 463
3940 475
3943 487
3945 495
3943 497
3940 497
3933 497
3926 492
3916 485
3909 478
3904 468
3899 458
3894 448
3889 439
3884 426
3877 412
3870 397
3867 382
3865 368
3865 358
3870 351
3877 341
3887 336
3899 334
3911 336
3923 341
3935 348
3948 358
3957 373
3967 385
3974 400
3977 417
3979 431
3979 451
3977 465
3972 478
3965 485
3955 492
3943 495
.PEN_UP
.PEN_DOWN
3650 482
3657 480
3662 480
3670 480
3679 480
3709 482
3721 487
3740 492
3760 502
3784 509
3806 514
3826 517
3843 519
3855 521
.PEN_UP
.PEN_DOWN
4352 421
4357 429
4357 434
4357 439
4357 446
4362 468
4365 475
4362 485
4362 495
4357 504
4350 512
4340 514
4330 512
4316 502
4301 492
4289 478
4274 458
4262 439
4252 417
4247 395
4247 375
4250 358
4255 351
4265 351
4279 358
4294 368
4308 382
4321 397
4330 417
4340 436
4350 458
4357 478
4362 487
4362 482
4357 473
4352 463
4343 451
4335 436
4330 421
4330 402
4330 382
4330 365
4335 353
4343 348
4350 351
4362 353
4374 358
4386 368
4401 382
4416 397
4428 414
4443 429
4455 443
4464 456
4474 465
4486 475
4499 485
4511 487
4518 482
4523 478
4525 478
4528 480
4530 487
4530 495
4528 504
4523 512
4513 509
4501 504
4489 499
4477 490
4467 480
4457 463
4450 448
4440 429
4433 409
4428 387
4430 368
4433 353
4440 346
4452 339
4467 336
4484 336
4506 341
4525 348
4545 358
4564 370
4582 385
4599 397
4613 412
4625 421
4640 431
4652 439
4662 451
4672 463
4679 473
4686 485
4691 495
4691 499
4686 507
4677 509
4667 507
4652 504
4638 499
4623 492
4611 480
4603 463
4594 443
4586 426
4579 409
4572 397
4567 382
4564 373
4567 363
4574 356
4582 358
4594 363
4606 373
4618 382
4633 397
4647 414
4660 431
4669 451
4679 465
4684 468
4681 465
4677 458
4669 448
4660 431
4645 407
4633 378
4618 343
4606 312
4594 283
4582 256
4569 231
4560 207
4552 185
4547 163
4547 146
4550 134
4557 129
4567 131
4579 139
4594 148
4608 165
4623 190
4635 212
4647 239
4655 261
4660 285
4664 307
4664 326
4664 341
4657 351
4650 361
4640 363
4628 363
4621 358
4618 353
4623 348
4630 343
4642 343
4657 346
4677 351
4694 361
4711 375
4723 392
4740 409
4755 426
4764 441
4772 446
4774 441
4772 436
4767 429
4764 421
4759 409
4757 397
4752 382
4750 368
4747 356
4747 346
4747 336
4752 331
4759 331
4769 334
4781 341
4796 351
4811 363
4825 375
4840 390
4852 402
4862 414
4869 429
4877 439
4879 448
4879 456
4879 456
4879 451
4874 443
4869 434
4862 424
4857 412
4852 400
4850 387
4845 375
4842 363
4842 348
4842 339
4845 329
4852 319
4862 317
4874 317
4886 322
4901 329
4913 339
4928 351
4942 363
4957 375
4969 387
4977 400
4981 414
4986 429
4994 439
4996 441
4998 436
4998 431
4998 426
4994 417
4989 404
4984 392
4981 378
4979 365
4974 353
4974 341
4977 334
4979 326
4986 322
4996 322
5008 324
5023 326
5037 334
5052 343
5069 358
5084 373
5096 392
5106 409
5113 421
5120 434
5125 443
5133 451
5137 458
5140 460
5142 458
5142 453
5142 446
5140 436
5137 421
5133 404
5125 387
5120 368
5115 353
5118 346
5123 348
5130 353
5140 361
5150 373
5157 385
5167 400
5179 414
5189 426
5201 434
5213 439
5223 443
5233 448
5240 446
5245 443
5254 439
5262 434
5274 429
5286 426
5298 424
5311 424
5325 424
5337 426
5352 429
5364 434
5374 441
5381 453
5384 460
5379 465
5374 468
5367 470
5359 473
5347 475
5335 470
5325 463
5315 453
5306 443
5298 431
5293 421
5289 409
5284 397
5284 382
5286 368
5293 353
5301 341
5315 331
5330 326
5350 326
5371 329
5393 331
5415 334
5432 336
5447 343
5457 351
5467 358
.PEN_UP
.PEN_DOWN
5042 553
5042 558
5047 563
5052 565
5055 570
.PEN_UP
.PEN_DOWN
5818 563
5810 558
5803 548
5793 543
5791 538
5776 519
5769 512
5762 502
5754 490
5745 475
5735 458
5730 439
5725 419
5725 402
5725 387
5730 373
5735 363
5747 353
5762 348
5776 351
5791 353
5801 361
5810 368
5820 375
5832 385
5845 395
5852 404
5852 417
5849 429
5842 439
5832 443
5820 446
5808 443
5796 439
5784 429
5771 412
5762 397
5754 378
5757 363
.PEN_UP
.PEN_DOWN
5898 499
5903 504
5908 507
5910 512
5913 517
5947 536
5957 541
5966 543
5976 546
5986 543
5993 536
5996 526
5991 512
5983 492
5976 475
5966 456
5954 439
5942 424
5927 407
5910 392
5896 380
5884 370
5871 363
5864 356
5866 348
5871 343
5879 346
5888 348
5901 348
5920 346
5937 343
5954 341
5969 339
5981 341
5993 343
.PEN_UP
.PEN_DOWN
6047 538
6052 536
6057 536
6062 531
6069 529
6091 529
6103 529
6118 534
6132 536
6149 536
6159 534
6161 531
6157 524
6149 512
6142 495
6132 470
6120 446
6108 421
6098 400
6088 382
6081 365
6074 351
6069 343
.PEN_UP
.PEN_DOWN
6157 317
6152 312
6144 307
6142 302
6137 297
6127 278
.PEN_UP
.PEN_DOWN
6342 465
6344 473
6344 480
6344 485
6344 490
6322 492
6315 487
6308 478
6300 465
6291 448
6281 434
6274 421
6266 407
6261 392
6259 375
6259 358
6264 343
6269 334
6279 326
6291 322
6305 324
6318 329
6332 336
6344 348
6354 361
6361 375
6369 387
6374 402
6374 417
6371 431
6366 446
6361 460
6354 470
6344 478
6335 480
6327 478
.PEN_UP
.PEN_DOWN
6505 482
6498 482
6488 482
6481 482
6478 478
6452 460
6439 451
6427 441
6415 426
6405 407
6400 387
6396 368
6396 351
6398 334
6403 319
6413 309
6425 302
6437 302
6452 304
6466 309
6481 317
6496 326
6510 339
6522 353
6535 365
6544 382
6549 400
6549 417
6547 434
6539 446
6532 453
6520 458
6508 463
.PEN_UP
.PEN_DOWN
6649 497
6642 497
6634 497
6630 497
6622 492
6593 473
6583 463
6576 448
6569 429
6564 407
6561 387
6566 368
6574 353
6583 341
6595 331
6613 322
6632 317
6652 322
6671 329
6691 339
6705 353
6713 375
6713 395
6710 412
6705 424
6700 436
6693 448
6686 458
6676 465
.PEN_UP
.PEN_DOWN
6946 332
6946 324
6946 320
6948 315
6951 310
6968 302
6975 300
6982 302
6992 305
7004 315
7019 329
7033 349
7048 373
7060 400
7072 427
7082 449
7092 468
7099 483
7107 495
7114 500
7119 495
7124 485
7126 471
7128 454
7133 432
7136 407
7136 388
7133 366
7128 346
7124 332
7114 320
7102 315
7092 315
7080 317
7068 322
7060 329
7055 332
7058 332
7063 329
7070 327
7077 322
7089 320
7104 320
7119 320
7133 322
7148 329
7163 339
7175 356
7187 376
7197 398
7207 419
7216 446
7226 473
7233 502
7238 527
7238 546
7241 563
7243 576
7243 576
7241 571
7238 561
7233 539
7228 512
7221 478
7214 439
7209 407
7202 376
7197 346
7194 322
7189 300
7185 288
7185 285
7185 293
7185 305
7187 317
7194 337
7204 356
7219 376
7231 395
7243 410
7253 419
7263 429
7270 437
7280 434
7287 432
7289 424
7292 417
7292 407
7292 393
7292 380
7292 366
7292 354
7289 339
7289 324
7289 312
7292 302
7297 295
7304 288
7316 285
7331 285
7348 288
7365 295
7382 305
7394 317
7406 334
7419 351
7428 371
7436 393
7441 412
7441 429
7436 441
7428 449
7421 446
7409 441
7394 432
7382 419
7370 405
7358 383
7345 361
7338 337
7333 315
7333 298
7336 283
7343 273
7353 268
7367 273
7382 281
7397 290
7409 307
7421 329
7433 351
7443 373
7450 393
7455 412
7453 424
7450 432
7448 427
7443 419
7438 405
7433 388
7428 366
7424 341
7426 324
7431 312
7438 305
7445 305
7458 305
7470 310
7484 317
7497 327
7509 341
7521 359
7533 380
7548 402
7560 424
7567 444
7572 454
7575 449
7575 444
7572 432
7570 415
7565 393
7560 366
7555 339
7550 312
7550 293
7548 283
7548 288
7550 295
7553 307
7558 322
7565 341
7575 366
7584 390
7594 412
7606 429
7616 446
7623 451
7631 449
7633 444
7636 439
7638 429
7641 419
7648 410
7658 400
7670 390
7687 385
7704 383
7719 388
7733 398
7743 407
7750 424
7758 439
7760 454
7758 466
7750 471
7743 473
7731 471
7716 466
7704 454
7697 437
7689 412
7682 388
7680 363
7675 341
7677 322
7682 307
7689 298
7701 293
7716 290
7731 293
7745 298
7758 305
7772 317
7784 337
7797 359
7809 385
7821 415
7831 439
7840 463
7850 478
7858 483
7865 476
7867 468
7872 456
7875 439
7877 417
7877 390
7877 363
7877 337
7875 312
7870 293
7860 276
7848 266
7836 261
7823 261
7814 263
7806 268
7799 278
7799 288
7804 298
7811 307
7823 315
7836 320
7850 327
.PEN_UP
.PEN_DOWN
8270 427
8265 427
8262 432
8260 439
8257 444
8235 434
8228 424
8221 412
8214 393
8206 373
8199 351
8196 329
8199 312
8204 298
8211 288
8221 285
8233 285
8250 293
8265 305
8279 322
8292 346
8301 371
8309 395
8313 419
8316 439
8316 461
8313 480
8311 493
8304 505
8292 510
8279 512
8270 512
8262 510
8255 502
8250 493
8248 476
8250 459
8255 444
8265 437
8277 432
8294 432
8313 437
8333 444
8355 454
8374 468
8394 488
8409 510
8421 534
8433 558
8440 580
8448 595
8450 597
8448 593
8445 585
8438 573
8428 554
8413 524
8399 490
8384 451
8372 407
8357 366
8345 327
8331 285
8316 251
8304 220
8296 188
8292 163
8289 139
8289 122
8296 112
8306 107
8318 112
8335 122
8355 139
8372 161
8389 185
8399 212
8406 242
8409 268
8409 298
8406 322
8401 337
8391 344
8379 346
8367 344
8355 339
8348 332
.PEN_UP
.PEN_DOWN
8955 517
8952 507
8947 498
8945 490
8938 480
8923 439
8921 417
8916 390
8908 361
8901 332
8894 310
8889 293
8886 283
8879 276
8869 278
8860 283
8850 293
8843 305
8840 317
8838 334
8838 351
8840 371
8845 393
8852 417
8862 441
8877 471
8894 500
8916 532
8940 563
8962 590
8989 615
9016 636
9038 649
9057 649
9072 644
9082 634
9084 617
9086 593
9086 566
9082 541
9077 519
9067 500
9050 480
9035 463
9016 451
8999 444
8984 444
8969 446
8957 449
8947 456
8945 463
8947 466
8950 463
8950 456
8952 446
8952 437
8952 422
8952 407
8952 393
8952 380
8952 366
8957 351
8967 337
8979 322
8996 312
9013 305
9028 305
9042 310
9055 315
9067 324
9077 334
9086 346
.PEN_UP
.PEN_DOWN
9208 456
9208 461
9203 461
9196 461
9186 461
9167 446
9160 439
9150 427
9140 410
9130 390
9121 366
9113 341
9108 322
9106 305
9108 293
9116 283
9125 273
9140 268
9157 273
9172 278
9184 290
9196 307
9206 329
9213 351
9220 373
9223 390
9220 405
9218 419
9213 432
9211 437
9211 437
9213 434
9218 429
9225 427
9235 424
9245 422
9257 422
9269 422
9281 429
9294 439
9306 449
9318 459
9330 463
9342 461
9352 459
9357 451
9359 444
9359 432
9357 424
9357 429
9357 432
9357 439
9355 446
9352 454
9345 461
9335 463
9325 461
9313 456
9303 446
9289 437
9277 422
9264 407
9252 388
9247 363
9242 341
9242 320
9242 300
9245 288
9252 276
9262 268
9274 263
9289 261
9306 261
9325 268
9347 278
9369 295
9391 322
9408 351
9428 385
9445 422
9459 459
9472 490
9479 522
9484 544
9486 561
9486 568
9484 563
9481 556
9477 541
9472 517
9464 488
9459 449
9450 410
9440 373
9428 341
9418 317
9408 300
9406 298
9408 302
9416 312
9423 327
9437 349
9455 378
9472 407
9486 432
9501 451
9513 461
9523 466
9533 461
9537 451
9537 439
9535 427
9530 412
9520 398
9508 383
9494 368
9481 361
9472 363
9467 361
9464 359
9462 351
9462 341
9462 332
9462 317
9464 305
9469 295
9477 285
9489 281
9503 276
9518 278
9535 283
9550 290
9567 302
9581 322
9596 344
9611 366
9623 385
9633 405
9637 424
9642 441
9637 454
9630 451
9623 446
9615 437
9606 422
9594 407
9581 388
9572 368
9562 349
9555 329
9557 315
9562 305
9569 295
9579 288
9594 283
9608 281
9620 285
9635 293
9652 305
9669 322
9686 344
9701 366
9713 388
9725 415
9737 439
9750 463
9762 488
9772 507
9781 527
9786 546
9786 561
9784 561
9776 554
9767 546
9757 532
9745 505
9735 473
9725 434
9713 390
9698 346
9684 300
9669 254
9654 215
9642 178
9633 149
9625 124
9620 105
9623 95
9628 98
9635 103
9645 115
9659 137
9674 161
9689 193
9701 227
9711 261
9718 288
9723 312
9720 329
9715 339
9708 341
9703 337
9698 329
9701 322
9708 315
9715 310
9725 305
9740 302
9754 302
9772 307
9791 312
9808 317
9825 329
9842 344
9854 359
9864 376
9871 395
9876 415
9881 432
9879 444
9876 449
9869 444
9859 439
9847 434
9830 422
9815 407
9801 390
9793 371
9789 354
9786 332
9786 310
9786 293
9791 278
9798 271
9811 271
9825 271
9842 276
9862 283
9881 295
9901 312
9920 332
9940 356
9957 378
9971 405
9984 434
9996 461
10006 490
10018 512
10028 532
10032 546
10035 558
10030 568
10025 571
10018 568
10010 561
9998 546
9986 529
9971 502
9954 476
9940 446
9930 419
9920 393
9915 366
9913 339
9911 312
9913 293
9918 278
9925 268
9935 261
9950 259
9964 261
9981 266
9998 276
10020 293
10040 315
10059 339
10079 368
10096 398
10110 427
10125 456
10137 480
10145 502
10145 517
10140 527
10135 532
10125 532
10115 532
10103 527
10091 517
10081 500
10074 480
10067 456
10062 432
10054 405
10047 378
10040 354
10035 332
10030 312
10030 298
10032 283
10040 276
10052 271
10064 271
10084 273
10106 278
10130 285
10152 298
10174 312
10191 329
10203 349
10213 366
10220 385
10225 402
10227 417
10225 429
10220 437
10210 437
10198 434
10186 427
10176 415
10167 400
10157 383
10147 363
10142 344
10140 327
10145 310
10149 295
10157 285
10169 281
10184 278
10198 281
10215 285
10230 298
10247 310
10262 327
10279 346
10291 366
10303 385
10313 402
10323 417
10330 429
10332 434
10330 432
10330 427
10327 419
10325 412
10320 398
10315 385
10313 371
10303 354
10296 339
10286 322
10279 305
10279 290
10279 283
10279 283
10284 285
10286 295
10293 307
10301 322
10310 337
10320 354
10330 368
10340 385
10347 405
10357 422
10369 434
10381 444
10393 449
10405 449
10415 446
10425 441
10432 437
.PEN_UP
.PEN_DOWN
10800 400
10800 393
10796 393
10796 400
10796 407
10813 424
10813 432
10815 441
10813 454
10813 466
10810 478
10803 485
10796 490
10783 490
10766 488
10749 480
10735 468
10720 454
10710 437
10703 419
10698 400
10693 378
10688 356
10688 332
10691 315
10698 302
10708 295
10727 295
10752 300
10774 305
10798 315
10820 327
10842 341
10864 359
10886 376
10905 395
10922 412
10937 429
10944 444
10949 459
10947 471
10939 478
10932 480
10920 478
10908 471
10898 459
10888 444
10878 424
10869 405
10861 383
10859 361
10859 339
10859 320
10859 305
10864 293
10876 285
10891 285
10908 288
10925 295
10937 305
10949 317
10959 332
10966 351
10974 368
10978 388
10983 407
10983 427
10981 446
10976 459
10969 468
10959 473
10949 468
10939 463
10930 456
10925 444
10927 429
10927 417
10932 407
10944 400
10957 398
10974 398
10991 402
11003 412
11015 424
11027 439
11039 454
11052 463
11059 466
11064 463
11061 459
11059 449
11059 437
11054 417
11052 395
11044 371
11037 344
11032 320
11025 300
11022 285
11022 281
11025 283
11027 288
11032 298
11042 310
11054 327
11071 351
11088 376
11105 400
11120 422
11132 439
11142 449
11152 449
11156 446
11156 439
11154 429
11149 417
11142 398
11134 378
11127 356
11117 334
11113 315
11110 305
11113 305
11117 310
11125 317
11134 327
11149 341
11166 361
11183 380
11203 402
11217 422
11232 437
11242 441
11242 439
11239 432
11237 422
11234 410
11230 395
11222 383
11215 368
11208 351
11203 339
11200 322
11198 307
11200 295
11205 283
11213 276
11220 278
11232 281
11244 285
11259 293
11276 305
11293 322
11310 341
11325 363
11339 388
11356 415
11371 437
11383 456
11388 459
11388 454
11388 444
11386 429
11381 410
11371 385
11361 359
11351 334
11347 312
11347 293
11347 285
11349 288
11356 295
11369 310
11383 329
11400 354
11420 380
11437 402
11456 422
11471 437
11483 441
11486 437
11483 429
11478 415
11473 395
11466 373
11456 351
11449 332
11442 317
11439 302
11442 295
11447 295
11454 302
11464 307
11473 317
11486 332
11498 351
11512 378
11532 402
11551 427
11568 444
11583 456
11593 463
11598 463
11600 459
11600 449
11595 439
11586 422
11576 407
11568 388
11561 368
11561 349
11561 329
11559 312
11559 298
11561 288
11566 281
11576 281
11593 283
11612 288
11627 298
11642 312
11656 327
11671 349
11690 371
11705 395
11720 417
11727 432
11727 441
11722 446
11715 441
11707 437
11695 429
11686 412
11673 393
11664 371
11656 344
11651 320
11651 298
11651 281
11659 271
11671 263
11683 263
11698 268
11707 276
11717 288
11727 305
11734 324
11742 349
11744 371
11746 395
11744 412
11742 422
11734 429
11727 429
11717 427
11707 424
11700 415
11695 405
11693 390
11693 376
11695 363
11703 354
11712 349
11725 349
11737 354
11749 361
11759 371
11768 383
11781 395
11790 407
11805 424
11820 439
11829 451
11834 451
11837 446
11837 437
11834 422
11832 402
11829 376
11825 354
11820 334
11817 315
11815 298
11812 283
11810 268
11810 266
11815 273
11822 281
11832 290
11842 305
11854 322
11866 344
11881 363
11898 388
11910 405
11920 422
11932 439
11939 451
11946 463
11954 473
11959 476
11961 471
11963 466
11961 456
11956 444
11946 429
11939 415
11932 398
11927 380
11922 363
11915 349
11910 334
11912 322
11917 312
11922 305
11929 300
11939 295
11956 293
11976 293
11998 293
12017 298
12029 307
12044 317
12054 329
12063 339
12068 349
.PEN_UP
.PEN_DOWN
12271 298
12271 293
12271 285
12271 281
12276 276
12295 281
12305 288
12317 298
12329 312
12349 329
12366 351
12383 371
12397 395
12412 417
12424 437
12439 451
12454 449
12461 441
12463 429
12463 410
12463 388
12461 361
12456 339
12446 322
12434 312
12419 305
12405 300
12390 300
12376 302
12366 305
12358 312
12356 320
12358 329
12361 329
12363 324
12368 317
12371 310
12376 300
12388 290
12400 283
12415 283
12429 285
12446 290
12463 300
12485 317
12505 334
12522 356
12534 383
12546 410
12558 439
12568 466
12578 488
12583 505
12583 519
12583 529
12583 534
12578 529
12575 524
12568 515
12563 502
12558 490
12554 473
12549 456
12541 439
12534 417
12527 395
12519 373
12517 354
12515 337
12515 322
12517 310
12522 300
12527 290
12534 285
12544 285
12556 288
12571 293
12585 298
12595 307
12605 317
12614 327
12624 334
12636 339
12649 346
12658 359
12671 373
12678 388
12688 400
12695 410
12700 419
12702 429
12700 439
12695 441
12688 441
12683 437
12673 429
12666 419
12658 405
12651 390
12644 376
12639 361
12634 346
12632 332
12632 317
12636 305
12639 290
12644 281
12651 276
12663 276
12673 281
12685 288
12697 300
12710 315
12722 329
12732 346
12739 366
12741 385
12741 402
12739 417
12732 429
12722 439
12707 446
12693 449
12678 449
12666 444
12658 439
12654 432
12654 422
12656 415
12663 407
12668 398
12678 393
12688 388
12700 385
12717 385
12732 390
12746 398
12761 405
12775 417
12790 424
12805 434
12817 444
12831 451
12841 454
12849 449
12853 444
12853 434
12856 427
12856 424
12858 427
12861 432
12863 439
12861 446
12858 456
12851 461
12841 466
12831 463
12819 459
12807 449
12795 434
12780 417
12768 398
12758 380
12751 363
12749 346
12751 329
12756 315
12763 302
12773 293
12788 288
12805 288
12822 288
12841 293
12858 300
12875 312
12895 329
12912 346
12927 368
12941 390
12956 417
12973 446
12992 473
13007 500
13017 524
13024 546
13029 566
13031 580
13029 585
13024 585
13019 580
13009 568
13002 546
12990 522
12978 488
12963 456
12951 422
12939 390
12929 361
12922 337
12914 320
12910 307
12910 305
12912 310
12917 317
12924 329
12939 351
12958 373
12978 398
12997 417
13014 432
13031 441
13051 451
13068 456
13085 461
13097 459
13105 454
13102 444
13097 434
13090 422
13075 410
13061 402
13044 398
13024 398
13005 398
12990 398
12978 395
12968 390
12963 383
12961 371
12963 359
12966 341
12970 327
12978 312
12992 302
13012 295
13039 290
13068 288
13100 290
13127 290
13146 293
13163 298
13173 307
13178 317
13175 324
13170 329
.PEN_UP
.PEN_DOWN
12432 432
12437 432
12444 432
12449 432
12456 434
12485 439
12502 439
12527 441
12554 446
12588 451
12617 459
12646 463
12673 466
.PEN_UP
.PEN_DOWN
13392 571
13397 573
13404 578
13404 573
13402 566
13387 546
13385 537
13383 519
13375 495
13368 463
13358 427
13348 395
13341 363
13331 339
13322 317
13312 295
13305 278
13300 271
13300 273
13300 276
13300 283
13305 290
13307 302
13314 317
13326 337
13336 351
13351 368
13365 383
13383 395
13397 405
13409 415
13419 419
13424 417
13426 410
13426 402
13424 390
13422 373
13417 356
13409 339
13402 322
13400 307
13395 298
13395 285
13397 278
13402 276
13412 278
13424 281
13439 285
13453 293
13465 302
13475 315
13487 327
13502 339
13514 351
13522 366
13526 383
13529 400
13526 412
13524 419
13517 422
13507 419
13495 415
13483 405
13470 390
13463 373
13453 354
13448 334
13448 317
13451 300
13453 288
13463 278
13475 268
13490 263
13507 263
13524 268
13539 276
13553 285
13565 300
13580 315
13597 334
13612 354
13629 376
13646 400
13660 424
13673 446
13680 468
13685 485
13687 502
13692 517
13690 529
13685 539
13680 541
13670 539
13658 534
13646 522
13636 505
13626 480
13614 451
13604 424
13592 395
13582 373
13578 354
13575 334
13573 320
13575 305
13578 293
13580 283
13587 276
13597 268
13607 268
13619 268
13631 271
13646 271
13665 276
13682 281
13702 285
13719 290
13734 300
13748 312
13765 327
13780 341
13792 359
13804 373
13812 390
13809 402
13807 415
13799 419
13790 422
13775 422
13760 422
13746 417
13729 410
13714 398
13700 383
13685 366
13673 349
13665 332
13660 315
13663 295
13665 281
13675 266
13685 261
13700 263
13717 271
13731 278
13748 293
13765 310
13782 329
13797 354
13812 378
13829 405
13843 432
13858 456
13868 480
13873 500
13875 517
13870 527
13868 527
13865 522
13860 515
13848 502
13836 485
13821 461
13807 434
13792 405
13780 373
13773 349
13775 324
13780 305
13790 293
13802 283
13821 278
13843 273
13868 271
13890 273
13904 278
13917 285
13924 293
.PEN_UP
.PEN_DOWN
14240 578
14240 571
14240 566
14240 559
14240 554
14237 517
14232 503
14228 483
14223 454
14218 420
14213 388
14208 359
14206 332
14203 308
14203 288
14203 269
14206 254
14210 244
14220 242
14237 242
14252 247
14269 257
14284 269
14293 288
14303 308
14310 327
14318 349
14320 366
14323 383
14320 400
14315 410
14308 418
14298 418
14291 415
14281 410
14271 403
14264 393
14254 383
14257 374
14262 361
14269 354
14281 349
14291 349
14303 354
14315 361
14330 369
14345 381
14362 391
14374 403
14384 413
14388 422
14391 420
14396 413
14396 405
14396 393
14391 379
14386 361
14379 342
14371 320
14364 300
14367 283
14371 269
14379 261
14388 261
14401 269
14413 276
14425 288
14437 303
14445 320
14454 337
14462 354
14469 369
14476 381
14484 391
14491 400
14498 408
14503 410
14505 408
14503 400
14498 391
14491 379
14484 361
14474 340
14466 315
14459 283
14457 252
14452 220
14449 188
14447 159
14442 132
14435 110
14427 88
14423 69
14418 52
14408 42
14398 35
14384 32
14367 32
14347 32
14330 35
14315 40
14303 47
14296 57
14293 71
14293 88
14298 108
14306 127
14315 149
14328 166
.PEN_UP
.PEN_DOWN
14947 527
14944 522
14944 517
14944 513
14942 508
14932 481
14930 466
14930 447
14927 425
14920 398
14913 371
14905 347
14898 322
14896 300
14896 279
14893 261
14893 242
14898 230
14903 220
14910 222
14920 225
14935 227
14949 232
14964 240
14976 252
14986 266
14996 288
15003 310
15013 335
15020 357
15025 376
15030 383
15030 381
15027 374
15027 361
15025 349
15018 327
15013 305
15005 283
15000 264
14996 247
14996 235
14996 235
15003 240
15010 252
15020 266
15032 286
15044 310
15057 335
15069 357
15081 379
15091 398
15100 408
15110 410
15117 405
15122 398
15127 388
15130 379
15137 369
15147 366
15159 369
15174 374
15183 379
15193 386
15200 396
15203 405
15208 418
15210 420
15213 418
15213 413
15208 403
15205 393
15200 379
15193 364
15186 344
15178 325
15176 305
15174 286
15174 266
15176 257
15181 249
15191 249
15203 252
15215 257
15230 266
15244 279
15254 296
15261 315
15269 335
15276 357
15283 379
15291 403
15295 418
15293 420
15288 415
15286 410
15283 400
15281 388
15278 374
15278 359
15283 347
15291 337
15298 332
15310 335
15322 340
15334 349
15347 359
15359 371
15374 386
15391 400
15403 418
15415 422
15425 418
15430 410
15432 396
15432 376
15432 352
15427 327
15420 303
15410 283
15398 264
15383 249
15369 240
15354 235
15339 235
15330 240
15322 249
15317 261
15317 274
15317 283
15322 291
15327 288
15334 283
15344 279
15352 271
15361 264
15374 259
15386 259
15403 261
15420 271
15437 283
15454 296
15469 313
15483 330
15493 347
15503 369
15512 393
15522 420
15534 447
15544 471
15549 488
15554 503
15551 505
15549 500
15544 496
15544 488
15539 476
15532 459
15527 439
15515 418
15505 393
15495 364
15488 337
15483 310
15483 288
15483 269
15488 254
15495 247
15505 244
15517 247
15532 254
15547 266
15559 286
15571 308
15578 335
15588 361
15598 386
15610 410
15622 430
15634 442
15649 444
15659 437
15669 430
15678 418
15681 398
15683 374
15683 347
15681 320
15678 296
15673 276
15666 261
15654 249
15639 242
15625 235
15610 230
15598 230
15588 232
15581 240
15576 252
15576 266
15576 286
15578 298
15583 300
15591 296
15595 288
15603 279
15608 266
15617 254
15630 244
15644 240
15666 237
15690 237
15715 242
15739 252
15759 264
15773 276
15783 293
15788 305
15790 318
15788 332
.PEN_UP
.PEN_DOWN
15432 420
15439 420
15447 418
15452 418
15456 415
15488 418
15503 420
15520 425
15544 430
15569 435
15593 439
.PEN_UP
.PEN_DOWN
14832 405
14840 405
14844 403
14849 403
14859 403
14893 403
14905 403
14918 403
14935 403
14952 405
14969 408
14988 413
15005 418
15018 422
.PEN_UP
.PEN_DOWN
15973 266
15978 264
15983 259
15985 254
15990 249
16012 242
16020 242
16029 244
16046 247
16068 254
16090 264
16117 276
16139 291
16161 308
16178 327
16190 347
16200 369
16205 388
16202 405
16200 415
16195 418
16185 415
16173 410
16161 400
16149 388
16139 371
16129 352
16122 335
16120 315
16120 298
16122 283
16127 271
16137 261
16149 254
16163 252
16181 254
16198 261
16215 271
16232 288
16249 310
16266 332
16281 357
16295 381
16307 400
16317 418
16327 430
16334 432
16337 425
16339 413
16341 391
16339 366
16337 337
16332 313
16324 293
16317 276
16305 264
16295 254
16283 247
16273 244
16263 247
16254 249
16246 257
16242 264
16239 274
16242 281
16246 281
16254 279
16261 276
16271 274
16283 269
16293 266
16307 266
16324 269
16339 274
16356 283
16371 296
16385 310
16398 327
16410 347
16420 371
16429 396
16439 422
16446 449
16456 471
16461 496
16466 510
16468 513
16466 508
16463 500
16459 493
16451 481
16444 461
16437 439
16432 415
16424 391
16417 369
16410 349
16402 330
16398 310
16395 291
16398 279
16400 269
16402 259
16410 252
16415 244
16424 240
16437 242
16446 249
16456 254
16468 261
16478 266
16490 271
16500 274
16512 279
16522 286
16532 293
16541 298
16551 303
16561 310
16573 318
16585 327
16595 337
16602 349
16607 364
16607 376
16607 388
16605 400
16597 405
16588 408
16578 408
16563 400
16551 393
16541 383
16529 366
16517 352
16505 337
16493 322
16485 308
16478 293
16476 279
16476 264
16478 252
16480 242
16485 240
16495 244
16505 249
16519 259
16534 271
16549 288
16563 305
16578 322
16588 340
16597 354
16602 369
16602 379
16600 379
16595 371
16590 364
16583 354
16573 342
16563 325
16556 308
16554 291
16554 276
16554 264
16558 254
16566 249
16578 247
16590 247
16605 252
16622 257
16634 264
16646 276
16658 291
16671 313
16685 337
16700 364
16715 393
16727 418
16739 439
16749 459
16754 478
16751 488
16749 486
16746 481
16741 474
16736 461
16729 447
16722 427
16715 405
16705 381
16695 354
16688 322
16680 296
16676 274
16673 252
16671 235
16673 222
16678 215
16685 215
16697 218
16712 220
16724 227
16734 240
16744 257
16751 279
16758 300
16763 322
16763 340
16758 349
16756 347
16751 342
16751 335
16751 325
16756 318
16763 313
16773 313
16790 315
16805 320
16822 330
16836 340
16851 352
16863 366
16873 381
16883 396
16893 415
16900 435
16907 457
16912 476
16910 488
16905 488
16900 481
16893 474
16883 464
16873 447
16863 425
16856 400
16846 371
16841 347
16836 322
16832 300
16829 281
16832 269
16832 257
16832 249
16834 244
16841 240
16849 242
16861 247
16875 254
16890 264
16905 279
16917 291
16927 303
16936 318
16946 332
16958 349
16971 369
16980 383
16983 388
16980 383
16978 376
16971 364
16963 354
16953 337
16944 320
16939 300
16934 283
16936 269
16939 257
16946 252
16956 249
16968 249
16983 249
17000 254
17014 264
17031 279
17046 298
17061 322
17073 349
17085 374
17097 391
17112 400
17124 398
17134 391
17136 383
17139 366
17139 347
17136 322
17131 298
17122 279
17110 261
17095 249
17080 244
17068 247
17058 249
17053 254
17056 259
17061 259
17066 257
17075 257
17088 257
17102 259
17117 261
17131 264
17146 271
17163 281
17180 291
17197 303
17212 318
17224 340
17236 366
17248 398
17258 435
17268 461
17278 488
17285 510
17290 522
17295 522
17292 515
17292 500
17290 476
17285 444
17278 408
17268 374
17258 342
17246 313
17236 288
17224 266
17214 249
17212 242
17214 244
17219 249
17227 259
17236 269
17248 283
17263 300
17283 320
17300 342
17317 361
17334 381
17346 386
17356 381
17361 374
17363 364
17363 352
17361 337
17356 322
17348 308
17341 293
17336 276
17339 261
17341 254
17351 254
17363 254
17378 254
17395 259
17412 264
17429 271
17446 283
17461 296
17475 310
17492 327
17507 347
17519 364
17522 381
17519 393
17517 403
17514 408
17509 410
17500 405
17490 400
17478 393
17463 379
17451 361
17444 340
17439 320
17439 300
17441 283
17441 271
17446 259
17456 249
17468 240
17485 232
17505 227
17524 230
17541 232
17561 240
17578 249
17595 259
17609 271
17624 281
17639 291
17653 298
17670 310
17683 325
17695 337
17702 352
17707 364
17709 374
17709 383
17707 393
17702 398
17695 400
17685 403
17673 403
17661 400
17646 393
17631 383
17619 369
17612 354
17604 337
17600 318
17597 300
17597 283
17602 271
17609 264
17622 261
17634 266
17643 274
17651 281
17661 296
17668 310
17678 327
17690 349
17702 374
17719 400
17731 427
17743 452
17756 476
17763 498
17768 520
17773 539
17775 552
17778 561
17778 559
17775 554
17773 549
17768 537
17763 522
17756 505
17746 488
17739 469
17731 447
17724 422
17717 400
17709 379
17702 354
17697 335
17697 313
17697 296
17697 281
17702 269
17707 261
17717 254
17729 249
17746 252
17763 254
17782 261
17802 269
17821 279
17839 288
17853 298
17863 308
17865 313
17865 318
.PEN_UP
.PEN_DOWN
16346 418
16351 415
16356 415
16363 415
16373 415
16415 410
16432 410
16451 413
16471 413
16493 418
16515 422
16534 427
.PEN_UP
.PEN_DOWN
17012 464
17012 469
17012 474
17017 476
17022 481
.PEN_UP
.PEN_DOWN
18229 510
18226 505
18226 500
18231 500
18226 500
18221 483
18216 474
18212 464
18202 449
18195 435
18187 420
18182 403
18175 383
18165 366
18158 349
18151 335
18148 320
18148 308
18148 298
18153 286
18158 274
18168 266
18180 261
18192 259
18207 261
18219 264
18234 271
18246 281
18255 296
18263 310
18268 332
18268 352
18265 369
18260 381
18253 388
18243 388
18231 388
18221 388
18212 386
18204 379
18204 369
18207 359
18212 352
18221 347
18231 344
18246 347
18260 352
18275 361
18292 374
18307 388
18324 400
18338 410
18348 415
18351 413
18346 408
18343 398
18341 379
18336 357
18331 335
18326 315
18326 300
18329 288
18336 283
18346 283
18358 288
18370 293
18382 303
18390 315
18399 327
18409 342
18424 354
18436 369
18443 383
18448 396
18451 408
18453 405
18453 400
18451 391
18448 379
18443 364
18436 337
18426 303
18416 266
18402 225
18387 188
18373 154
18358 123
18346 96
18331 74
18316 57
18302 44
18287 42
18273 47
.PEN_UP
.PEN_DOWN
18982 530
18987 530
18982 530
18977 530
18982 532
18975 532
18975 532
18975 530
18975 525
18972 517
18970 510
18967 498
18963 486
18963 474
18963 461
18960 452
18958 439
18955 427
18950 413
18948 400
18948 388
18946 376
18943 366
18938 354
18933 342
18928 332
18924 320
18919 310
18916 300
18909 288
18904 279
18894 266
18887 257
18882 252
18877 247
18875 242
18870 240
18863 235
18855 232
18846 230
18833 230
18824 232
18811 235
18802 240
18794 247
18787 254
18785 266
18780 276
18780 288
18777 298
18777 305
18780 318
18782 327
18787 340
.PEN_UP
.PEN_DOWN
19050 405
19045 405
19041 398
19036 396
19026 396
19004 383
18994 376
18987 364
18980 347
18972 325
18967 305
18965 286
18965 269
18967 257
18972 247
18977 237
18985 230
18997 230
19006 232
19019 242
19028 252
19036 264
19043 281
19050 300
19055 320
19058 342
19058 364
19058 386
19055 403
19050 415
19041 418
19031 415
19021 408
19014 400
19011 388
19009 374
19006 361
19009 347
19014 337
19024 330
19036 325
19053 325
19070 332
19089 340
19106 352
19119 369
19131 383
19143 398
19153 413
19165 430
19172 449
19180 469
19187 491
19192 505
19197 513
19194 508
19189 498
19184 481
19177 459
19170 430
19163 400
19150 371
19141 340
19131 310
19121 283
19114 257
19109 240
19102 235
19102 240
19104 247
19111 259
19121 281
19136 305
19153 327
19170 344
19184 357
19199 364
19211 371
19219 371
19221 366
19219 357
19214 342
19211 327
19206 308
19202 293
19197 279
19194 264
19194 252
19197 240
19202 232
19214 235
19226 240
19238 249
19255 259
19267 269
19280 281
19292 296
19301 315
19309 337
19319 361
19328 381
19336 388
19338 386
19336 381
19333 371
19326 354
19319 337
19311 315
19304 293
19299 274
19294 254
19294 240
19297 237
19301 242
19309 257
19319 271
19333 293
19348 318
19362 340
19377 357
19394 371
19414 383
19428 391
19436 388
19433 383
19428 371
19421 359
19411 342
19401 325
19397 310
19394 296
19397 281
19401 266
19409 254
19419 244
19436 237
19455 237
19475 237
19494 244
19506 252
19516 264
19523 276
.PEN_UP
.PEN_DOWN
19714 230
19721 235
19731 240
19733 244
19733 249
19748 261
19753 274
19762 286
19772 303
19784 320
19799 337
19811 354
19826 374
19840 396
19850 420
19860 442
19870 459
19874 474
19877 483
19877 486
19874 483
19870 478
19865 471
19860 464
19853 449
19848 435
19843 413
19835 391
19828 369
19821 349
19814 335
19809 322
19804 310
19799 296
19799 279
19799 264
19801 252
19804 242
19809 235
19818 235
19831 237
19845 242
19860 247
19874 254
19887 264
19899 279
19911 293
19923 313
19933 330
19943 347
19948 361
19955 379
19960 396
19967 420
19972 444
19974 471
19977 496
19974 515
19970 535
19965 552
19960 569
19955 586
19945 600
19935 615
19921 622
19904 627
19887 627
19872 630
19857 630
19843 632
19831 632
19816 630
19801 622
19782 615
19765 608
19748 598
19733 591
19716 578
19701 561
19687 544
19677 527
19667 513
19660 496
19655 481
19645 466
19643 449
19640 432
19640 413
19645 396
19650 379
19655 364
19665 352
19675 342
19687 330
19701 320
19716 308
19733 300
19750 298
19767 298
19782 296
19796 298
19811 298
19823 300
19835 305
19843 310
.PEN_UP
.PEN_DOWN
20016 276
20011 274
20011 279
20016 279
20023 279
20009 276
20009 279
.PEN_UP
.PEN_DOWN
20568 412
20563 412
20559 412
20559 407
20556 399
20551 378
20549 368
20546 356
20539 346
20534 334
20529 321
20529 312
20527 302
20524 290
20520 278
20512 263
20505 253
20498 243
20490 236
20481 229
20471 226
20461 229
20454 231
20446 236
20444 246
20444 261
20444 278
20444 295
20444 314
20449 334
20456 353
20466 375
20478 397
20490 417
20503 441
20515 463
20527 485
20542 504
20559 517
20581 529
20600 536
20622 541
20639 541
20656 538
20668 534
20681 526
20688 514
20698 497
20702 480
20705 463
20702 446
20698 431
20690 417
20681 402
20668 387
20654 378
20642 370
20629 365
20615 363
20600 358
20588 356
20581 351
20578 341
20581 331
20581 317
20583 302
20583 290
20585 275
20588 263
20593 251
20600 241
20607 234
20617 226
20627 219
20637 214
20651 209
20666 207
20678 207
20693 209
20705 212
20717 217
20729 226
20744 241
20759 256
20776 275
20790 295
20805 314
20812 334
20819 348
20822 363
20819 375
20815 380
20807 382
20798 380
20785 375
20776 370
20766 358
20761 346
20754 331
20749 314
20746 295
20744 278
20741 261
20744 246
20746 236
20754 226
20763 219
20778 214
20795 214
20815 219
20834 224
20846 234
20854 248
20859 265
20863 282
20866 302
20868 321
20871 341
20868 360
20866 378
20859 387
20849 395
20839 397
20827 395
20819 392
20812 385
20810 375
20812 365
20815 358
20822 353
20832 351
20841 348
20854 346
20866 346
20878 348
20893 353
20910 360
20927 365
20944 373
20961 375
20973 378
20985 380
20995 382
21005 382
21012 380
21017 373
21022 365
21022 365
21022 368
21024 373
21022 380
21019 385
21012 387
21002 390
20990 390
20978 390
20966 385
20954 375
20941 360
20932 341
20924 317
20917 292
20915 265
20912 241
20917 221
20922 209
20932 200
20946 197
20966 197
20983 200
21002 204
21022 219
21041 239
21061 261
21080 282
21095 307
21110 334
21122 365
21132 399
21144 436
21156 465
21168 492
21178 509
21178 509
21178 504
21175 499
21171 487
21166 468
21161 443
21156 409
21149 375
21141 343
21132 314
21122 290
21115 268
21107 246
21102 234
21102 236
21105 241
21107 251
21112 263
21119 285
21132 309
21144 334
21158 353
21171 365
21183 375
21197 380
21210 378
21219 375
21227 368
21227 353
21224 336
21217 317
21210 297
21200 285
21188 278
21178 278
21168 278
21161 275
21156 268
21154 261
21156 251
21158 236
21163 226
21173 217
21185 209
21200 204
21214 207
21234 212
21256 219
21278 231
21297 246
21317 263
21332 280
21344 300
21349 321
21351 341
21351 360
21349 375
21344 385
21334 387
21322 382
21310 373
21300 358
21293 341
21288 319
21285 297
21285 275
21288 256
21293 239
21302 224
21312 214
21327 209
21339 212
21353 214
21368 221
21385 229
21407 243
21429 263
21451 287
21471 319
21488 353
21497 385
21512 417
21522 446
21534 470
21539 487
21536 495
21531 492
21524 485
21517 468
21507 443
21495 409
21480 365
21466 319
21451 270
21436 221
21422 175
21405 129
21390 90
21378 61
21373 36
21371 17
21375 2
21380 0
21390 5
21400 12
21412 22
21424 44
21436 70
21446 102
21456 136
21466 168
21471 197
21473 221
21471 241
21466 253
21458 258
21453 258
21453 256
21458 251
21461 243
21468 236
21475 231
21483 224
21492 217
21502 212
21512 209
21524 212
21539 217
21553 229
21573 243
21590 263
21605 282
21617 304
21624 324
21629 341
21631 356
21631 370
21627 378
21619 380
21609 378
21600 373
21592 363
21585 351
21578 334
21570 314
21566 292
21558 270
21553 251
21556 234
21561 221
21566 214
21575 209
21588 207
21605 209
21624 212
21644 219
21663 234
21683 253
21702 275
21724 302
21746 334
21770 363
21790 397
21805 426
21812 453
21817 475
21817 495
21814 507
21807 509
21797 507
21787 502
21778 492
21770 480
21761 460
21748 434
21736 404
21724 370
21714 339
21705 309
21697 282
21695 261
21697 239
21702 219
21707 204
21717 200
21731 200
21748 202
21770 209
21790 219
21812 236
21834 256
21858 282
21883 312
21905 343
21924 375
21944 404
21958 429
21970 448
21975 468
21973 480
21965 490
21956 487
21944 480
21929 470
21914 458
21902 446
21887 429
21875 409
21865 385
21856 358
21846 329
21836 300
21829 275
21826 253
21829 239
21834 229
21841 219
21851 212
21863 207
21878 204
21895 209
21909 214
21926 221
21946 234
21968 246
21987 258
22007 273
22024 287
22034 307
22041 326
22046 346
22043 360
22039 365
22029 365
22019 360
22007 353
21997 341
21987 326
21978 304
21968 282
21963 263
21961 243
21963 226
21968 214
21980 204
21992 200
22007 202
22022 207
22036 214
22056 224
22073 239
22090 253
22107 275
22122 295
22136 317
22143 331
22151 334
22153 329
22153 321
22151 312
22148 295
22143 278
22136 258
22131 241
22129 224
22129 207
22129 200
22131 200
22136 204
22141 209
22146 219
22148 229
22151 239
22151 251
22153 261
22153 273
22156 282
22161 295
22170 309
22182 321
22197 336
22214 351
22234 363
22251 370
22268 378
22282 382
22297 382
22307 382
22314 378
22312 373
.PEN_UP
.PEN_DOWN
22517 234
22512 229
22509 221
22509 214
22514 212
22538 217
22548 224
22558 236
22565 248
22575 265
22585 280
22597 297
22607 314
22616 331
22624 348
22626 365
22624 373
22621 368
22614 360
22607 348
22599 331
22595 309
22590 285
22587 261
22587 241
22592 224
22597 214
22607 207
22616 209
22629 214
22643 221
22658 231
22673 243
22687 258
22704 275
22716 297
22729 321
22741 346
22746 363
22746 363
22746 358
22741 343
22738 324
22731 302
22726 275
22724 258
22721 241
22724 236
22729 241
22734 248
22741 261
22751 270
22758 287
22770 302
22780 319
22792 334
22802 348
22809 360
22812 360
22812 353
22809 343
22807 331
22802 314
22799 292
22797 270
22799 253
22802 239
22812 231
22824 224
22836 217
22848 214
22863 212
22877 214
22892 221
22907 229
22916 236
22921 248
22924 261
.PEN_UP
.PEN_DOWN
22685 458
.PEN_UP
.PEN_DOWN
23438 436
23436 426
23433 419
23433 414
23431 404
23421 343
23419 324
23411 300
23404 278
23397 251
23389 229
.PEN_UP
.PEN_DOWN
23619 429
23619 436
23619 446
23619 453
23619 458
23609 470
23602 470
23592 468
23580 463
23562 453
23548 441
23531 426
23516 412
23506 395
23499 375
23499 358
23502 343
23511 331
23523 326
23538 331
23555 336
23572 346
23587 358
23602 375
23614 390
23623 404
23628 419
23628 429
23626 429
23623 424
23619 412
23611 397
23604 378
23594 351
23584 324
23575 297
23567 270
23560 246
23550 226
23545 214
23543 209
.PEN_UP
.PEN_DOWN
23660 397
23662 402
23662 407
23665 414
23670 421
23697 426
23706 429
23716 434
23731 441
23745 443
23758 438
23767 434
23767 424
23762 412
23753 397
23740 385
23726 373
23711 360
23697 353
23687 346
23684 343
23689 341
23699 343
23706 343
23719 343
23731 339
23738 331
23745 319
23748 302
23745 282
23743 263
23736 246
23723 234
23706 221
23689 212
23675 204
23660 202
23648 204
23638 209
23631 217
23626 224
23621 234
.PEN_UP
.PEN_DOWN
23862 434
23865 426
23865 419
23865 409
23862 404
23843 385
23836 375
23831 365
23821 351
23809 336
23801 324
23799 317
23801 312
23809 309
23819 307
23833 307
23850 307
23867 307
23887 307
23904 307
23921 309
.PEN_UP
.PEN_DOWN
23943 502
23938 499
23938 495
23938 485
23938 475
23938 448
23936 438
23933 419
23926 390
23916 356
23904 321
23892 290
23877 263
23867 239
23860 219
23853 204
.PEN_UP
.PEN_DOWN
23999 258
24004 261
24006 265
24009 270
24016 270
.PEN_UP
