

.STYLE CURSIVE
.COMMENT previously: .WRITER_ID dsfr.107
.WRITER_ID dsf
.HAND R
.SEX F

.PEN_DOWN
0 443
5 443
14 443
22 445
29 455
46 477
56 484
68 492
85 499
105 506
122 511
136 509
146 506
153 499
151 487
151 472
148 450
146 428
141 406
136 380
129 358
122 336
114 314
109 294
105 277
102 263
.PEN_UP
.PEN_DOWN
78 336
85 331
92 328
100 328
105 328
126 336
139 341
151 348
168 360
183 372
195 377
200 375
195 370
190 362
185 350
180 338
178 323
178 311
178 302
178 289
180 280
185 272
190 265
197 258
204 258
212 263
219 267
226 272
231 282
241 289
246 299
251 309
256 319
261 326
263 333
268 343
273 350
278 360
283 365
287 365
290 360
290 355
290 345
287 336
285 321
283 309
283 294
283 282
280 272
280 265
280 267
283 272
285 280
290 289
297 302
304 319
312 331
314 345
322 355
326 362
336 365
346 362
353 358
358 353
363 345
368 338
375 333
385 336
395 341
407 345
417 353
429 362
439 372
451 384
461 392
468 392
475 384
480 375
482 362
482 345
485 328
482 311
480 292
475 275
465 263
453 253
441 245
426 248
417 250
409 258
407 260
409 258
414 255
426 253
439 253
453 250
468 250
480 250
497 253
512 260
529 267
541 282
551 297
560 319
570 341
582 365
590 394
597 421
604 448
609 467
612 475
609 470
607 462
604 450
602 438
599 414
597 387
595 362
592 336
590 314
590 297
587 280
582 265
582 253
585 245
587 241
595 238
602 238
612 241
624 243
634 245
643 250
651 258
656 263
660 272
665 280
670 289
675 299
680 306
685 316
.PEN_UP
.PEN_DOWN
539 375
548 375
558 375
563 375
582 375
617 377
626 380
636 382
.PEN_UP
.PEN_DOWN
273 497
275 501
275 506
280 511
285 514
.PEN_UP
.PEN_DOWN
914 445
924 445
934 450
951 455
960 458
994 484
1002 497
1012 504
1021 509
1029 504
1029 497
1026 482
1024 462
1019 433
1014 401
1009 370
1002 341
999 316
994 294
990 275
985 258
977 248
975 245
977 248
977 250
980 258
982 265
987 277
992 287
997 299
999 311
1002 321
999 333
997 341
990 345
980 350
968 350
953 350
938 350
926 350
914 348
904 345
902 343
907 338
914 336
924 336
936 333
953 333
970 333
990 333
1007 333
1026 333
1046 333
1065 336
1082 336
1094 341
1107 345
1114 350
1121 358
1129 365
1133 370
1131 380
1126 389
1119 394
1109 399
1099 399
1085 397
1075 392
1065 384
1058 372
1053 360
1051 348
1048 336
1048 321
1051 306
1055 292
1065 280
1075 270
1087 260
1099 255
1114 250
1129 248
1146 248
1165 253
1182 260
1199 267
1216 282
1229 294
1241 309
1253 323
1263 338
1270 353
1275 365
1275 375
1272 382
1268 384
1260 387
1250 389
1236 389
1221 389
1207 384
1192 380
1180 367
1168 355
1158 341
1151 323
1146 306
1143 287
1143 272
1151 260
1158 250
1168 250
1180 253
1192 255
1207 265
1219 280
1229 302
1241 328
1255 355
1270 382
1285 414
1297 443
1309 472
1316 497
1316 509
1314 514
1309 509
1302 501
1297 494
1290 479
1280 455
1272 431
1265 401
1255 377
1250 355
1248 333
1248 314
1250 297
1255 282
1265 272
1275 267
1285 265
1297 265
1309 265
1321 270
1336 277
1353 287
1368 299
1380 316
1389 333
1397 353
1399 372
1397 387
1392 397
1385 399
1377 397
1365 392
1353 382
1343 372
1336 358
1329 345
1326 331
1324 316
1326 304
1331 289
1338 280
1348 270
1363 267
1380 267
1397 270
1409 280
1416 292
1424 306
1433 323
1446 343
1458 362
1467 384
1475 401
1480 411
1482 406
1480 401
1477 389
1472 377
1467 358
1465 336
1465 314
1463 289
1463 272
1463 265
1465 267
1467 275
1472 287
1480 299
1487 319
1497 341
1507 362
1519 384
1533 401
1548 411
1560 414
1572 414
1582 409
1589 404
1599 394
1611 384
1624 377
1638 375
1653 377
1663 382
1667 389
1665 397
1660 406
1648 406
1638 404
1624 394
1609 382
1592 367
1575 345
1563 328
1553 311
1550 294
1555 282
1560 272
1570 267
1580 267
1594 270
1609 277
1621 289
1631 304
1641 321
1648 341
1658 358
1665 377
1670 389
1670 392
1665 384
1658 375
1648 362
1641 345
1633 326
1631 309
1633 289
1638 277
1645 270
1658 267
1672 267
1687 272
1704 284
1719 299
1733 321
1748 345
1763 377
1780 406
1797 443
1811 472
1821 499
1823 521
1819 536
1814 540
1804 536
1792 528
1777 516
1763 499
1748 475
1733 445
1721 414
1711 382
1704 353
1709 328
1714 306
1721 284
1728 267
1738 258
1750 250
1763 250
1780 253
1792 258
1804 267
1816 280
.PEN_UP
.PEN_DOWN
2036 243
2036 238
2031 236
2031 243
2031 248
2060 277
2070 289
2077 304
2087 323
2097 348
2111 370
2123 392
2136 404
2140 409
2140 401
2140 394
2138 380
2136 360
2131 341
2126 319
2123 297
2123 280
2123 270
2126 270
2128 272
2131 280
2138 287
2148 297
2158 311
2167 326
2182 343
2197 360
2209 377
2221 394
2228 406
2238 416
2248 411
2255 406
2257 397
2255 384
2250 372
2248 355
2248 341
2245 326
2243 311
2243 299
2240 287
2240 277
2245 267
2250 263
2260 260
2272 260
2287 263
2304 265
2321 270
2338 280
2355 292
2370 306
2379 321
2389 336
2394 350
2396 367
2396 387
2392 399
2382 404
2370 399
2355 394
2343 384
2331 372
2318 358
2306 341
2299 321
2294 302
2289 282
2292 267
2299 260
2309 263
2321 270
2336 280
2348 292
2360 309
2367 326
2375 343
2382 360
2389 375
2392 384
2394 387
2394 382
2389 375
2382 362
2377 345
2375 326
2375 306
2377 292
2384 280
2392 272
2404 272
2416 275
2426 277
2438 284
2450 297
2460 311
2472 333
2484 355
2496 380
2509 401
2518 421
2526 428
2526 426
2526 421
2523 411
2518 394
2513 377
2509 353
2504 331
2499 311
2496 289
2499 275
2501 267
2506 270
2513 277
2521 289
2528 306
2540 326
2555 350
2570 375
2584 399
2594 419
2604 428
2611 423
2616 416
2616 404
2613 389
2611 372
2609 353
2606 333
2601 316
2596 297
2594 282
2594 277
2596 282
2604 289
2613 302
2626 319
2638 343
2650 367
2662 389
2679 411
2694 426
2706 431
2709 426
2706 419
2704 411
2699 399
2694 384
2691 370
2684 355
2682 341
2679 323
2679 306
2679 292
2684 282
2694 277
2704 277
2716 277
2728 282
2738 289
2750 297
2760 306
2774 314
2789 323
2804 336
2818 348
2828 362
2835 377
2838 394
2840 411
2840 428
2835 436
2828 438
2821 433
2813 426
2806 414
2796 404
2787 389
2774 377
2767 360
2762 341
2762 323
2765 306
2770 289
2779 280
2794 270
2811 267
2833 265
2860 267
2884 270
2908 275
2928 287
2947 304
2962 321
2977 341
2987 360
2991 384
2994 406
2989 421
2982 431
2972 431
2960 423
2945 414
2930 404
2916 389
2901 372
2889 353
2879 331
2874 311
2869 294
2872 280
2879 272
2887 265
2899 267
2908 272
2923 277
2938 287
2950 302
2962 323
2972 353
2982 384
2996 421
3013 458
3028 489
3040 516
3040 536
3038 543
3033 538
3026 528
3018 516
3006 501
2996 477
2987 450
2979 421
2974 392
2969 367
2962 343
2955 319
2955 299
2957 280
2962 265
2972 255
2987 248
3006 250
3026 253
3043 260
3060 272
3074 284
3086 302
.PEN_UP
.PEN_DOWN
3213 306
3213 297
3213 292
3213 287
3213 282
3211 260
3213 255
3218 253
3225 255
3240 260
3260 272
3282 292
3303 316
3323 345
3340 377
3357 409
3372 443
3384 479
3396 514
3406 543
3408 567
3413 579
3411 577
3406 572
3399 565
3389 548
3377 523
3367 492
3355 455
3345 416
3333 375
3325 341
3321 311
3321 289
3323 277
3328 272
3335 277
3340 284
3352 297
3362 314
3374 341
3389 367
3401 397
3418 428
3438 458
3455 482
3467 499
3479 509
3489 519
3499 528
3508 538
3508 543
3503 540
3499 533
3489 526
3481 514
3474 499
3467 477
3460 450
3447 421
3433 389
3421 360
3413 336
3411 316
3411 297
3411 284
3416 275
3421 270
3433 267
3445 267
3457 272
3469 280
3481 289
3496 299
3506 311
3516 321
3520 331
3525 343
3530 355
3535 367
3542 377
3545 384
3545 387
3547 389
3547 394
3547 392
3547 389
3545 382
3542 372
3535 360
3530 345
3525 331
3523 316
3520 302
3516 287
3511 277
3508 275
3508 280
3511 284
3511 292
3516 302
3523 314
3533 328
3542 343
3552 360
3559 377
3569 394
3577 401
3581 401
3581 397
3584 392
3589 382
3596 375
3606 370
3618 372
3630 380
3640 384
3645 389
3647 392
3647 389
.PEN_UP
.PEN_DOWN
3677 272
3672 275
3667 275
3674 275
3679 282
.PEN_UP
.PEN_DOWN
4030 538
4030 543
4030 550
4030 555
4030 560
4015 548
4008 540
3998 528
3984 506
3967 477
3947 448
3935 414
3923 384
3913 355
3911 323
3913 302
3918 282
3923 267
3933 260
3947 258
3972 260
3996 267
4018 282
4037 302
4052 326
4062 355
4067 384
4072 414
4074 438
4074 462
4067 479
4059 492
4045 504
4025 511
4008 511
4001 509
3998 504
.PEN_UP
.PEN_DOWN
4218 540
4215 536
4213 528
4213 519
4213 514
4193 484
4186 475
4181 458
4176 438
4171 414
4164 389
4157 370
4147 348
4137 331
4128 316
4123 302
4118 289
4118 280
4120 272
4123 263
4128 258
4135 253
4142 250
4152 250
4167 255
4179 263
4193 272
4208 287
4228 306
4247 328
4267 355
4284 387
4293 414
4303 440
4310 462
4318 479
4323 494
4323 504
4323 511
4320 509
4315 501
4313 492
4306 477
4298 455
4289 431
4281 406
4274 382
4269 360
4264 341
4257 321
4254 304
4254 292
4254 282
4259 275
4267 272
4276 275
4286 280
4296 287
4308 297
4320 309
4337 319
4349 331
4359 343
4367 355
4369 367
4374 380
4379 387
4379 384
4379 384
4379 384
4379 384
4379 384
4379 384
4379 382
4379 380
4376 377
4371 372
4367 365
4362 358
4357 348
4354 338
4349 323
4345 311
4342 299
4340 287
4340 275
4345 265
4349 258
4359 250
4367 248
4379 248
4386 253
4396 260
4406 270
4415 284
4427 302
4435 316
4437 328
4437 343
4435 353
4432 362
4425 372
4415 377
4403 382
4393 384
4379 384
4367 384
4359 384
4354 380
4354 375
4359 367
4364 362
4374 358
4384 358
4393 358
4406 360
4415 362
4423 370
4432 377
4445 387
4457 394
4471 399
4484 401
4493 401
4501 401
4510 401
4515 404
4520 404
4525 404
4527 404
4532 404
4532 401
4532 394
4532 387
4532 377
4530 367
4527 358
4525 345
4523 333
4520 321
4515 311
4510 299
4506 287
4501 277
4496 267
4493 260
4493 258
4496 260
4501 265
4508 272
4515 282
4525 294
4535 306
4547 321
4559 338
4569 353
4576 367
4581 377
4588 387
4601 397
4613 404
4627 411
4637 409
4635 404
4635 399
4632 389
4627 377
4623 365
4615 353
4610 343
4608 333
4603 321
4603 309
4603 297
4603 287
4605 277
4608 270
4615 263
4627 260
4640 255
4654 258
4669 263
4684 270
4693 277
4705 292
4715 306
4727 323
4740 341
4747 358
4757 370
4762 382
4766 392
4766 392
4762 387
4759 380
4757 370
4754 358
4752 348
4744 333
4735 321
4730 306
4727 294
4732 284
4737 275
4744 267
4754 263
4766 260
4781 260
4796 260
4808 260
4820 265
4830 272
4835 280
.PEN_UP
.PEN_DOWN
4779 487
4783 489
4783 497
4788 499
4788 504
.PEN_UP
.PEN_DOWN
4084 397
4089 394
4093 397
4098 397
4103 397
4120 401
4128 404
4142 406
4157 411
4171 414
4189 419
4206 421
4228 423
4252 428
4281 433
4308 436
4330 440
4347 440
4364 445
4374 445
.PEN_UP
.PEN_DOWN
5115 375
5115 380
5108 375
5108 370
5108 365
5093 333
5088 323
5083 309
5081 292
5081 277
5088 265
5100 260
5115 263
5135 272
5157 284
5181 304
5200 326
5213 348
5217 367
5220 389
5220 409
5220 419
5217 414
5213 406
5205 394
5198 375
5191 348
5181 316
5169 282
5157 248
5147 211
5135 180
5125 148
5115 121
5105 99
5096 85
5091 82
5088 87
5091 99
5098 111
5105 131
5115 155
5127 187
5139 221
5157 258
5174 292
5191 323
5205 350
5220 375
5235 394
5247 411
5259 423
5271 438
5281 448
5293 450
5293 445
5291 436
5286 419
5283 397
5278 372
5271 345
5261 323
5252 302
5242 284
5230 275
5220 275
5208 280
5196 284
5191 287
5188 284
5193 282
5200 280
5210 275
5220 270
5230 265
5242 263
5254 265
5266 267
5278 272
5291 280
5300 294
5315 311
5332 331
5347 353
5359 372
5371 394
5376 409
5381 411
5381 406
5376 397
5371 387
5366 370
5359 350
5354 331
5347 311
5339 294
5332 277
5330 270
5332 272
5335 277
5337 287
5342 297
5352 314
5361 331
5374 350
5388 370
5400 389
5413 406
5422 411
5430 406
5430 399
5430 392
5434 382
5439 370
5452 360
5466 355
5481 353
5498 355
5508 362
5517 370
5520 382
5520 394
5517 406
5513 409
5503 406
5488 399
5476 389
5466 377
5459 360
5452 345
5444 331
5439 316
5442 304
5447 289
5454 277
5466 270
5478 265
5493 267
5505 272
5515 280
5527 292
5539 306
5554 328
5569 350
5586 375
5600 399
5610 416
5622 428
5632 438
5639 436
5642 431
5642 426
5642 419
5642 406
5639 392
5634 372
5630 353
5627 331
5620 309
5612 292
5603 277
5588 267
5576 267
5566 272
5556 277
5547 284
5544 297
5544 304
5544 306
5547 302
5552 297
5559 292
5566 282
5576 275
5586 270
5603 270
5620 270
5637 275
5651 284
5664 299
5676 316
5688 336
5703 355
5717 372
5727 389
5732 401
5732 409
5734 406
5732 399
5730 389
5722 377
5715 365
5708 350
5700 333
5695 316
5690 297
5688 282
5688 267
5688 255
5690 250
5698 248
5710 250
5722 253
5734 255
5749 260
5764 267
5781 275
5800 282
5817 292
5832 302
5844 314
5854 326
5861 338
5866 353
5871 365
5873 375
5873 387
5871 397
5866 404
5856 409
5844 409
5829 406
5815 406
5800 399
5788 389
5776 377
5761 360
5749 345
5739 328
5732 314
5730 299
5734 284
5742 272
5751 265
5764 263
5781 265
5793 270
5805 280
5817 292
5829 314
5844 336
5864 365
5881 397
5895 423
5905 448
5915 470
5920 487
5920 501
5915 504
5907 499
5903 489
5893 477
5883 462
5868 445
5854 421
5839 394
5827 367
5820 338
5817 319
5817 302
5820 284
5825 272
5834 263
5847 258
5861 258
5873 260
5888 265
5905 275
5925 284
5947 302
5966 319
5978 341
5988 362
5995 387
5993 406
5990 419
5986 421
5976 416
5961 409
5944 401
5932 389
5925 375
5920 358
5915 341
5912 321
5917 304
5925 287
5934 272
5949 263
5964 263
5978 265
5990 275
6003 287
6017 299
6034 319
6051 345
6064 370
6076 389
6081 399
6076 397
6071 387
6066 377
6061 365
6056 345
6049 323
6042 304
6034 284
6032 270
6037 260
6042 255
6049 260
6054 267
6066 277
6076 292
6090 311
6107 333
6120 355
6134 375
6149 392
6154 399
6154 399
6151 397
6151 389
6149 380
6144 367
6137 353
6132 338
6127 321
6125 304
6125 289
6125 275
6127 263
6134 253
6146 248
6161 250
6178 255
6193 265
6207 277
6224 299
6239 323
6256 350
6276 382
6295 409
6315 436
6329 462
6339 484
6342 499
6339 511
6334 519
6327 516
6320 509
6310 497
6300 482
6290 465
6278 443
6271 421
6263 399
6256 377
6244 358
6237 341
6232 326
6229 309
6227 294
6222 280
6217 267
6220 260
6224 250
6239 245
6256 243
6276 243
6295 248
6317 255
6337 265
6359 280
6378 294
6393 311
6400 328
6395 343
.PEN_UP
.PEN_DOWN
5766 455
5761 458
5756 465
5756 470
5761 470
5778 477
5786 477
.PEN_UP
.PEN_DOWN
6149 401
6144 399
6139 399
6134 397
6139 392
6176 392
6195 394
6220 397
6249 401
6278 406
6307 411
6332 411
6349 411
.PEN_UP
.PEN_DOWN
6646 353
6646 360
6646 365
6646 372
6649 380
6637 401
6632 409
6624 414
6612 416
6593 416
6573 411
6554 401
6534 392
6519 377
6510 362
6502 348
6498 331
6495 311
6498 294
6500 282
6505 272
6512 267
6527 267
6544 270
6559 277
6573 287
6585 304
6598 321
6605 336
6615 353
6622 367
6627 382
6629 394
6624 397
6619 392
6612 384
6602 372
6593 358
6585 341
6583 321
6583 302
6585 287
6593 277
6602 275
6615 277
6629 284
6641 294
6656 306
6668 323
6683 338
6695 355
6707 372
6717 389
6722 394
6717 392
6707 382
6702 372
6695 358
6690 338
6688 319
6683 299
6683 282
6685 267
6693 270
6700 277
6707 287
6717 299
6724 316
6736 336
6751 355
6768 375
6783 394
6793 401
6793 397
6790 389
6788 380
6788 370
6783 355
6778 338
6773 321
6771 304
6771 289
6776 277
6780 270
6788 263
6800 260
6815 258
6829 258
6846 260
6861 265
6878 272
6895 282
6910 289
6924 302
6936 311
6949 321
6956 333
6963 341
6966 353
6966 362
6963 375
6958 384
6949 392
6936 394
6922 397
6910 399
6897 399
6885 394
6871 389
6856 382
6844 372
6834 355
6824 336
6819 314
6819 294
6819 277
6822 265
6829 258
6841 250
6856 250
6871 253
6883 258
6893 265
6902 282
6917 304
6936 331
6951 360
6966 387
6978 411
6985 436
6995 458
7002 477
7002 492
7000 499
6995 497
6993 492
6988 482
6980 470
6971 455
6958 438
6946 416
6934 392
6924 367
6914 343
6910 321
6907 299
6907 280
6910 263
6919 253
6932 245
6951 243
6971 241
6990 241
7012 243
7032 248
7044 255
.PEN_UP
.PEN_DOWN
7453 356
7455 360
7458 365
7458 370
7458 378
7465 404
7465 412
7463 421
7455 426
7446 429
7433 426
7421 421
7409 414
7399 407
7390 395
7380 382
7370 368
7365 348
7358 329
7355 307
7353 287
7355 270
7358 256
7360 243
7368 234
7377 229
7390 224
7404 224
7421 226
7438 231
7453 241
7465 253
7480 273
7494 297
7511 324
7529 351
7541 375
7553 395
7560 414
7568 434
7572 453
7580 468
7585 482
7587 495
7589 504
7592 517
7589 524
7587 519
7582 512
7580 499
7575 478
7568 446
7558 414
7548 382
7538 353
7533 326
7526 300
7524 275
7521 256
7519 239
7519 229
7519 234
7524 239
7526 248
7533 261
7541 278
7550 297
7563 317
7572 336
7582 351
7589 360
7597 365
7607 368
7614 365
7619 360
7621 353
7624 343
7624 331
7624 319
7621 307
7619 295
7614 282
7611 268
7611 256
7611 243
7616 234
7624 229
7633 226
7646 229
7658 234
7670 243
7682 256
7692 270
7699 285
7707 300
7714 314
7721 326
7728 341
7733 351
7736 356
7736 351
7736 346
7733 336
7731 326
7728 312
7724 297
7719 285
7716 270
7714 258
7714 248
7716 236
7721 231
7728 226
7741 226
7750 229
7760 231
7770 239
7780 243
7789 251
7799 256
7811 261
7821 268
7831 278
7841 285
7850 295
7855 304
7863 317
7865 326
7870 336
7875 348
7877 358
7875 368
7872 378
7867 385
7860 387
7853 385
7843 382
7836 378
7826 368
7819 356
7814 341
7809 324
7804 307
7804 292
7802 280
7802 268
7802 258
7804 248
7806 241
7814 236
7826 236
7838 239
7853 243
7870 253
7884 265
7902 280
7911 295
7921 312
7928 329
7938 348
7948 370
7955 395
7963 417
7967 436
7975 456
7977 468
7980 470
7977 465
7970 456
7963 441
7950 419
7936 390
7924 353
7906 312
7889 270
7872 226
7855 187
7841 151
7831 117
7821 87
7816 63
7816 44
7816 24
7819 9
7824 0
7831 0
7843 5
7855 12
7872 24
7887 34
7904 48
7921 63
7938 83
7950 104
7958 129
7960 153
7963 178
7963 197
7960 212
7953 219
7945 226
7933 231
7924 236
7916 243
7914 251
.PEN_UP
.PEN_DOWN
7760 485
7765 485
7772 485
7777 485
.PEN_UP
.PEN_DOWN
8392 219
8397 219
8401 219
8409 219
8418 224
8445 253
8455 263
8467 278
8479 295
8492 312
8504 331
8511 353
8516 378
8518 400
8516 419
8511 431
8501 434
8489 431
8477 424
8465 414
8453 397
8445 380
8440 360
8438 343
8436 324
8438 304
8440 282
8445 265
8450 251
8462 243
8477 246
8492 251
8509 261
8521 270
8536 287
8545 304
8557 321
8567 343
8577 363
8587 385
8594 402
8599 412
8599 412
8599 407
8601 400
8604 387
8606 370
8611 353
8614 334
8621 314
8628 295
8638 275
8645 261
8653 248
8660 241
8670 236
8677 231
8687 226
8696 222
8706 224
8718 229
8731 236
8743 246
8755 258
8767 273
8779 287
8789 304
8801 324
8806 346
8811 365
8811 382
8809 395
8804 400
8796 400
8787 395
8779 390
8772 382
8765 370
8755 358
8748 343
8743 331
8743 314
8743 300
8743 282
8748 263
8755 248
8765 239
8779 234
8794 231
8809 234
8823 236
8838 243
8850 256
8862 273
8877 290
8891 309
8904 329
8918 346
8928 365
8935 382
8940 397
8945 402
8952 400
8957 395
8960 387
8965 382
8967 380
8965 382
8960 385
8955 390
8945 390
8935 387
8923 382
8911 378
8899 365
8889 351
8879 331
8872 314
8870 295
8872 275
8874 258
8879 243
8887 236
8901 231
8918 229
8935 229
8950 234
8967 239
8984 248
8999 263
9013 282
9028 304
9040 329
9052 356
9062 380
9069 397
9077 407
9077 402
9074 395
9069 385
9060 373
9050 358
9040 339
9033 319
9028 295
9026 275
9023 256
9026 241
9030 229
9040 222
9050 214
9062 214
9074 217
9084 224
9094 234
9101 248
9111 265
9121 282
9126 302
9130 321
9135 339
9140 353
9140 365
9138 368
9135 365
9135 360
9135 353
9138 346
9143 339
9150 331
9165 331
9179 334
9196 339
9211 348
9221 360
9230 375
9238 395
9245 409
9252 431
9260 453
9269 473
9277 495
9284 509
9282 517
9279 519
9272 519
9265 512
9257 502
9252 487
9245 470
9240 446
9233 421
9226 395
9216 368
9206 343
9201 321
9199 302
9196 280
9194 263
9196 248
9199 236
9204 229
9211 229
9223 231
9235 236
9247 246
9265 258
9284 275
9301 297
9321 321
9333 346
9343 365
9345 380
9345 385
9343 380
9338 370
9330 360
9323 343
9316 324
9313 302
9311 280
9313 263
9316 251
9321 243
9328 239
9338 241
9347 246
9362 248
9377 256
9389 268
9401 282
9413 300
9425 321
9440 341
9452 360
9462 375
9469 387
9472 395
9469 392
9464 387
9457 378
9452 365
9445 348
9435 329
9430 307
9423 287
9421 270
9423 253
9425 239
9433 229
9443 222
9455 224
9467 229
9474 239
9482 256
9489 275
9499 297
9508 319
9518 341
9525 360
9530 373
9533 378
9535 373
9535 368
9535 360
9535 348
9538 336
9542 324
9552 317
9567 309
9586 307
9606 307
9623 312
9638 321
9650 331
9660 346
9664 360
9664 375
9664 387
9660 397
9650 404
9638 402
9623 397
9606 390
9594 380
9582 365
9574 346
9569 329
9569 309
9572 290
9579 268
9589 246
9606 229
9628 217
9650 212
9674 209
9694 209
9708 214
9716 222
.PEN_UP
.PEN_DOWN
9340 465
9347 465
.PEN_UP
.PEN_DOWN
8540 197
8536 192
8543 192
8548 197
8550 202
8570 231
8582 246
8596 263
8616 285
8640 309
8665 331
8689 353
8711 370
8731 380
.PEN_UP
.PEN_DOWN
9196 402
9191 402
9184 402
9179 400
9184 395
9206 390
9223 392
9247 397
9274 404
9306 412
9330 417
9355 419
.PEN_UP
.PEN_DOWN
10030 529
10035 531
10040 531
10040 526
10040 521
10033 490
10028 473
10023 451
10013 426
10003 397
9991 370
9979 341
9972 314
9967 290
9962 268
9957 248
9955 229
9957 214
9964 202
9972 197
9981 195
9994 197
10006 200
10020 207
10033 217
10045 231
10057 246
10069 261
10084 280
10098 300
10115 319
10128 339
10135 356
10135 365
10133 370
10128 365
10123 360
10115 351
10106 339
10096 321
10086 302
10076 285
10072 265
10072 248
10074 229
10076 212
10081 200
10091 192
10103 195
10118 197
10135 207
10150 222
10167 241
10179 263
10186 287
10191 309
10191 331
10189 351
10184 365
10174 370
10162 370
10145 368
10128 360
10115 353
10111 346
10113 336
.PEN_UP
.PEN_DOWN
9872 395
9872 387
9881 385
9889 382
9898 382
9933 385
9952 387
9979 395
10008 404
10037 417
10064 426
.PEN_UP
.PEN_DOWN
10545 248
10540 243
10537 239
10535 234
10535 229
10547 222
10552 219
10562 222
10574 226
10588 239
10603 253
10618 275
10632 300
10647 324
10662 346
10671 365
10679 382
10684 392
10686 392
10686 387
10688 380
10688 365
10688 348
10686 326
10684 302
10676 280
10667 258
10652 241
10637 231
10625 226
10610 229
10601 234
10591 236
10584 243
10584 253
10588 265
10593 275
10601 278
10608 275
10618 270
10625 265
10632 256
10637 248
10647 241
10659 236
10674 236
10691 236
10708 241
10725 248
10742 261
10759 280
10774 302
10788 324
10801 346
10813 365
10820 382
10818 390
10815 390
10813 385
10808 378
10803 368
10796 353
10788 334
10781 317
10776 297
10771 278
10771 261
10774 243
10781 231
10788 229
10801 231
10813 236
10825 246
10837 258
10852 275
10864 292
10871 309
10876 326
10881 343
10886 358
10888 368
10888 370
10888 368
10888 365
10888 363
10891 356
10891 348
10891 341
10896 331
10901 326
10908 329
10918 336
10927 346
10940 356
10952 370
10962 385
10976 392
10988 392
10996 387
11005 382
11010 378
11013 380
11013 382
11013 390
11008 395
11001 397
10991 397
10979 390
10969 380
10957 368
10947 356
10937 339
10927 324
10920 307
10918 287
10918 270
10918 256
10923 243
10930 234
10942 231
10954 234
10969 236
10981 246
10998 261
11015 280
11035 302
11054 326
11071 346
11086 368
11103 385
11118 395
11127 397
11130 392
11132 385
11135 380
11140 382
11142 387
11140 390
11132 390
11122 387
11105 382
11091 373
11076 360
11066 343
11062 324
11054 307
11047 287
11044 270
11047 258
11049 248
11057 239
11066 234
11079 229
11096 229
11115 229
11132 231
11149 234
11166 241
11183 251
11200 263
11218 278
11232 297
11249 317
11259 336
11271 356
11279 375
11276 387
11269 392
11259 390
11247 382
11232 375
11222 365
11213 353
11205 341
11198 329
11188 314
11186 300
11183 282
11186 268
11191 253
11200 241
11215 234
11232 229
11249 229
11269 234
11288 239
11310 246
11332 256
11349 268
11366 280
11376 292
11386 304
11396 319
11405 336
11415 353
11420 365
11417 378
11413 380
11405 378
11393 373
11381 363
11369 356
11357 343
11349 334
11339 321
11330 309
11325 292
11320 278
11320 263
11322 248
11327 239
11335 226
11344 219
11357 212
11369 209
11381 207
11398 209
11410 209
11425 214
11442 219
11456 226
11469 234
11483 243
11496 251
11508 258
11517 265
11530 270
11539 278
11552 282
11564 290
11578 297
11588 307
11598 314
11603 324
11605 336
11605 346
11603 353
11598 363
11591 368
11578 368
11564 365
11547 363
11530 358
11515 351
11503 339
11491 324
11483 309
11474 295
11469 280
11466 265
11469 253
11474 241
11483 231
11496 229
11513 231
11527 239
11542 251
11554 268
11566 292
11581 321
11595 348
11610 380
11625 409
11634 434
11642 456
11647 473
11644 478
11637 473
11632 465
11625 456
11617 443
11610 426
11603 404
11595 380
11586 356
11581 329
11576 307
11574 287
11574 268
11574 251
11578 234
11588 222
11600 219
11617 224
11632 229
.PEN_UP
.PEN_DOWN
11759 248
11759 241
11756 234
11756 226
11756 222
11761 200
11769 197
11778 197
11795 197
11815 202
11832 212
11849 229
11864 253
11878 278
11893 304
11908 331
11920 356
11930 382
11939 409
11949 436
11959 460
11961 485
11964 502
11966 512
11964 512
11961 507
11959 497
11956 485
11949 468
11942 446
11934 419
11927 385
11920 353
11915 324
11908 300
11903 278
11900 265
11903 261
11908 265
11912 273
11920 282
11925 295
11932 309
11942 326
11954 346
11966 370
11981 395
11995 421
12005 446
12017 465
12032 482
12044 497
12061 509
12073 512
12078 509
12076 502
12068 492
12061 480
12054 463
12047 448
12037 429
12027 407
12015 380
12003 353
11995 324
11990 300
11988 278
11986 258
11986 241
11988 229
11993 219
12000 214
12012 212
12025 214
12037 219
12051 226
12059 236
.PEN_UP
.PEN_DOWN
12110 370
12115 370
12122 370
12120 365
12120 360
12112 339
12112 331
12110 317
12105 302
12098 282
12090 263
12083 246
12076 229
12073 224
12073 229
12073 236
12078 248
12081 263
12088 285
12095 307
12105 326
12117 346
12125 360
12129 373
12132 380
12137 375
12139 370
12147 363
12151 356
12156 348
12166 341
12176 339
12188 341
12198 346
12205 351
12210 358
12210 365
12212 370
12212 370
.PEN_UP
.PEN_DOWN
12205 226
12200 226
12207 229
12203 229
12200 224
12205 214
12212 219
12217 224
12215 229
12212 231
12210 229
.PEN_UP
.PEN_DOWN
12490 439
12495 439
12505 439
12515 439
12522 441
12524 460
12527 463
12529 460
12527 453
12522 441
12517 426
12510 409
12507 400
12507 400
12507 404
12507 414
12510 426
12512 439
12512 456
12512 473
12512 487
12510 502
12502 509
12493 517
12478 514
12466 512
12454 502
12442 492
12429 478
12412 458
12395 436
12381 412
12366 385
12356 358
12349 331
12346 307
12344 282
12339 261
12337 241
12334 222
12334 207
12339 197
12344 187
12354 183
12366 180
12378 180
12393 183
12403 187
12415 192
12427 200
12439 204
12451 209
12463 217
12478 222
12488 229
12500 236
12512 246
12527 261
12546 275
12563 295
12581 314
12593 334
12605 353
12615 370
12624 390
12632 407
12637 424
12641 439
12644 451
12644 460
12641 470
12639 475
12632 475
12622 473
12612 463
12600 453
12590 439
12583 424
12576 407
12566 390
12556 370
12546 348
12539 326
12537 307
12537 287
12537 273
12537 258
12537 246
12537 236
12537 226
12539 219
12544 212
12554 207
12566 204
12576 204
12590 207
12602 209
12617 212
12634 217
12651 226
12668 236
12683 246
12698 258
12710 268
12717 278
12724 290
12729 302
12729 314
12732 329
12729 343
12727 353
12719 360
12712 363
12702 358
12690 353
12678 343
12666 331
12654 317
12646 302
12639 290
12632 275
12629 263
12627 248
12624 234
12629 226
12634 224
12644 226
12651 231
12663 241
12676 253
12688 270
12702 287
12712 300
12722 314
12724 324
12722 321
12715 317
12710 309
12702 297
12695 282
12693 268
12688 253
12688 239
12693 226
12700 222
12712 222
12727 226
12744 239
12761 253
12776 270
12790 287
12802 302
12815 317
12822 329
12829 343
12832 353
12834 358
12832 356
12829 348
12827 339
12822 326
12817 309
12817 292
12812 275
12807 261
12802 246
12795 236
12790 226
12788 222
12788 224
12790 229
12793 236
12793 239
12795 241
12798 243
12800 248
12802 256
12807 265
12812 278
12819 290
12827 304
12837 314
12844 324
12851 331
12863 334
12876 334
12885 326
12895 324
12902 324
12910 326
12919 329
12929 334
12934 341
12939 351
12944 360
12949 373
12956 382
12961 397
12966 412
12971 426
12978 443
12983 460
12988 478
12993 497
12995 514
12995 521
12993 517
12990 509
12985 497
12980 480
12976 456
12968 424
12958 390
12946 356
12932 324
12922 297
12915 273
12912 253
12905 239
12902 231
12900 234
12900 239
12905 246
12907 253
12912 263
12919 278
12929 292
12944 309
12961 329
12978 348
12997 365
13012 375
13022 373
13022 368
13019 360
13015 353
13007 346
12995 341
12980 336
12966 336
12956 329
12949 321
12946 312
12941 302
12939 290
12936 278
12936 265
12939 253
12946 243
12956 236
12968 231
12985 229
13000 229
13012 234
13022 243
13032 256
13041 270
13054 290
13066 309
13080 329
13090 351
13102 370
13114 387
13124 400
13134 400
13144 395
13151 385
13156 370
13158 351
13158 326
13153 302
13146 280
13141 261
13132 243
13119 229
13107 222
13090 219
13078 224
13068 229
13061 236
13058 246
13061 256
13066 263
13071 268
13080 270
13093 273
13105 273
13119 273
13134 273
13146 275
13161 280
13175 287
13190 295
13205 304
13217 314
13224 329
13232 343
13236 358
13236 370
13232 378
13227 382
13219 382
13210 378
13200 373
13193 363
13183 351
13178 336
13171 319
13168 300
13163 282
13158 263
13158 243
13163 229
13173 219
13185 214
13200 219
13219 226
13232 239
13241 256
13251 275
13258 292
13266 312
13268 334
13263 351
13256 368
13249 378
13236 382
13224 380
13219 378
13219 370
13224 363
13232 356
13241 351
13253 351
13266 353
13278 358
13288 363
13297 368
13310 373
13319 378
13329 378
13336 375
13341 370
13346 363
13346 351
13349 339
13349 321
13349 304
13346 287
13341 275
13334 263
13327 253
13319 246
13322 239
13324 239
13329 241
13334 246
13341 253
13349 263
13356 275
13366 290
13378 307
13390 326
13405 343
13417 363
13429 378
13441 390
13451 395
13463 395
13473 390
13475 385
13473 378
13468 368
13466 358
13458 346
13451 334
13446 319
13441 307
13436 297
13431 285
13429 275
13429 263
13431 253
13436 243
13446 236
13456 231
13470 229
13488 229
13507 231
13524 236
13539 239
13548 243
13558 248
13563 253
13568 253
.PEN_UP
.PEN_DOWN
13836 339
13841 339
13839 343
13839 348
13846 351
13841 363
13839 370
13836 378
13829 385
13819 392
13807 400
13792 402
13778 400
13761 390
13744 378
13731 363
13717 343
13707 326
13700 312
13692 295
13687 278
13687 263
13690 248
13697 239
13709 234
13724 236
13744 239
13756 248
13768 258
13783 273
13792 290
13805 307
13814 324
13822 341
13826 360
13824 373
13819 380
13817 375
13809 368
13802 360
13795 348
13785 334
13778 317
13773 297
13770 280
13768 261
13768 243
13770 231
13778 224
13787 222
13805 226
13819 234
13831 246
13844 258
13851 275
13863 292
13873 309
13883 329
13890 348
13895 363
13897 365
13897 360
13897 351
13897 343
13892 329
13887 312
13883 295
13880 278
13878 261
13878 243
13880 239
13885 243
13892 253
13902 265
13914 282
13929 302
13941 324
13953 346
13965 363
13975 368
13980 363
13980 356
13975 348
13973 339
13968 321
13965 307
13961 290
13956 275
13953 263
13953 248
13953 239
13958 231
13968 224
13980 219
13997 217
14014 217
14029 222
14046 226
14061 236
14075 248
14092 263
14107 275
14119 285
14131 297
14136 307
14141 321
14139 334
14134 348
14126 358
14119 365
14107 368
14095 368
14080 368
14065 365
14051 360
14036 353
14024 339
14014 324
14007 304
14000 287
13995 268
13992 253
13995 239
14002 226
14012 219
14024 217
14036 222
14051 229
14063 239
14073 253
14087 270
14102 297
14117 324
14134 353
14151 380
14160 404
14168 429
14173 451
14178 470
14175 482
14173 490
14168 490
14163 485
14158 478
14153 465
14148 446
14139 424
14129 400
14121 373
14114 346
14109 321
14107 300
14104 278
14104 261
14109 243
14114 231
14126 226
14143 224
14163 224
14182 229
14202 234
14219 241
14234 248
.PEN_UP
.PEN_DOWN
14456 211
14463 208
14468 206
14468 199
14468 194
14478 184
14485 182
14492 184
14504 186
14519 194
14534 208
14546 225
14558 245
14568 267
14578 286
14582 306
14590 323
14595 340
14597 357
14599 372
14597 384
14592 389
14587 384
14580 377
14575 369
14568 357
14565 342
14560 328
14556 313
14553 296
14551 282
14548 269
14548 257
14548 247
14548 235
14551 225
14556 216
14563 208
14573 201
14582 199
14597 199
14614 199
14634 206
14648 213
14663 228
14675 247
14687 267
14699 291
14709 316
14719 340
14729 369
14734 396
14738 423
14746 450
14748 469
14751 486
14751 494
14748 491
14743 486
14741 479
14734 469
14726 457
14719 438
14709 416
14702 391
14695 364
14687 335
14685 308
14680 284
14673 260
14670 240
14668 221
14670 203
14673 186
14678 174
14685 167
14695 164
14709 164
14724 167
14738 172
14753 182
14765 194
14775 208
14787 223
14799 240
14812 257
14824 274
14831 294
14834 311
14836 328
14836 342
14834 352
14831 357
14826 355
14819 350
14809 340
14799 330
14790 316
14782 301
14775 286
14770 272
14768 252
14768 235
14770 221
14773 208
14780 196
14790 189
14799 184
14809 184
14824 184
14838 189
14856 194
14868 203
14880 216
14890 233
14897 247
14909 267
14919 286
14931 306
14938 323
14946 335
14955 342
14963 342
14973 335
14980 330
14982 330
14982 333
14980 338
14975 342
14968 347
14955 347
14943 345
14934 338
14926 325
14921 308
14916 289
14909 269
14902 247
14899 228
14897 211
14899 196
14904 184
14914 179
14926 174
14941 174
14958 177
14973 182
14987 191
15004 208
15019 230
15033 255
15046 284
15055 313
15068 342
15080 374
15090 403
15099 430
15104 450
15107 459
15107 459
15102 455
15099 445
15094 430
15087 411
15082 386
15075 362
15068 335
15058 311
15053 284
15048 262
15046 240
15048 223
15055 211
15063 203
15075 199
15090 196
15104 196
15119 196
15133 201
15151 211
15170 223
15190 238
15207 255
15219 269
15229 286
15233 303
15236 318
15238 333
15236 345
15233 352
15224 357
15216 357
15204 355
15192 350
15182 340
15175 328
15170 313
15165 296
15158 279
15153 260
15148 242
15148 225
15153 211
15160 199
15170 186
15182 182
15197 177
15211 177
15229 177
15246 177
15265 182
15287 191
15307 201
15329 213
15348 225
15365 238
15380 252
15392 264
15402 279
15407 294
15409 308
15407 323
15402 338
15394 345
15385 345
15372 342
15355 338
15341 333
15329 323
15314 308
15302 294
15292 272
15287 252
15282 228
15280 206
15280 189
15282 172
15290 162
15297 160
15309 162
15321 169
15331 182
15341 196
15353 218
15368 238
15382 262
15394 294
15404 323
15414 355
15421 384
15428 406
15433 425
15441 440
15441 445
15438 442
15433 435
15431 425
15424 413
15414 394
15404 372
15397 347
15392 318
15387 289
15382 262
15377 238
15377 218
15377 201
15385 191
15394 182
15407 174
15421 172
15436 169
15450 169
15465 172
15482 174
15497 179
15511 186
15528 196
15538 206
15541 216
.PEN_UP
.PEN_DOWN
14999 342
15009 340
15014 340
15021 340
15031 340
15065 345
15077 345
15090 347
15102 350
15116 350
15129 352
15138 357
15148 362
.PEN_UP
.PEN_DOWN
15775 491
15772 484
15772 474
15772 469
15772 462
15767 435
15765 418
15760 396
15755 369
15748 335
15743 306
15738 274
15728 250
15721 225
15714 203
15709 191
15706 189
15704 194
15706 199
15709 206
15714 216
15719 233
15728 250
15738 267
15750 284
15763 301
15775 318
15787 333
15799 342
15809 347
15816 342
15821 338
15823 328
15823 316
15823 299
15821 282
15819 264
15816 247
15811 233
15809 221
15811 208
15816 201
15823 199
15831 201
15841 208
15850 213
15858 223
15867 235
15875 250
15882 267
15892 284
15899 303
15909 321
15916 338
15923 345
15923 345
15921 340
15919 333
15914 321
15909 306
15904 289
15899 269
15894 250
15894 233
15894 216
15899 206
15906 199
15916 196
15931 196
15945 201
15960 208
15975 218
15987 233
15999 250
16009 269
16021 286
16033 306
16043 323
16050 338
16058 350
16065 357
16072 355
16077 352
16082 345
16079 333
16077 316
16075 299
16067 277
16062 255
16058 233
16060 218
16060 213
16062 218
16070 225
16079 238
16089 255
16101 272
16111 291
16119 311
16131 325
16140 335
16153 335
16162 330
16167 325
16167 313
16165 299
16162 282
16160 262
16158 242
16155 228
16150 213
16153 208
16158 211
16162 218
16167 225
16172 235
16177 245
16182 257
16189 272
16197 284
16204 296
16214 308
16221 318
16231 328
16240 335
16250 340
16262 342
16272 340
16279 335
16282 328
16279 318
16275 308
16270 296
16265 282
16257 269
16253 255
16250 245
16248 233
16248 223
16253 213
16257 206
16267 203
16277 201
16292 201
16306 201
16323 206
16343 213
16362 223
16379 235
16394 247
16404 257
16409 269
16411 282
16409 294
16404 299
.PEN_UP
.PEN_DOWN
15950 445
15950 450
15950 457
15955 462
15960 464
.PEN_UP
.PEN_DOWN
16916 301
16916 306
16916 313
16916 321
16916 325
16911 355
16908 362
16901 369
16891 374
16879 377
16862 377
16848 372
16833 364
16818 352
16806 338
16791 318
16777 299
16762 277
16750 255
16745 235
16745 216
16750 201
16760 189
16772 191
16787 196
16801 203
16816 216
16828 230
16840 247
16852 264
16865 282
16874 301
16882 318
16889 333
16891 340
16889 338
16884 330
16877 318
16867 306
16860 289
16852 269
16848 250
16845 230
16843 213
16845 199
16850 189
16857 189
16869 194
16884 199
16899 211
16913 223
16928 240
16940 260
16950 279
16960 301
16969 323
16982 338
16991 347
17004 347
17018 345
17028 338
17038 328
17043 311
17045 289
17045 269
17045 245
17045 228
17038 216
17028 203
17013 196
16996 194
16984 196
16969 199
16960 203
.PEN_UP
.PEN_DOWN
17467 294
17467 299
17467 303
17474 311
17477 318
17474 345
17469 352
17460 355
17447 355
17430 350
17411 340
17396 328
17384 308
17374 284
17367 260
17360 233
17355 213
17357 194
17362 182
17369 174
17379 177
17394 184
17413 196
17428 213
17445 235
17457 257
17467 277
17474 294
17474 299
17474 294
17469 284
17467 274
17462 262
17460 245
17460 230
17464 218
17474 208
17486 203
17501 201
.PEN_UP
.PEN_DOWN
17925 301
17925 306
17923 311
17920 316
17923 321
17918 352
17913 360
17903 367
17891 372
17879 377
17867 374
17852 372
17837 362
17820 347
17803 333
17791 313
17784 291
17779 267
17774 242
17769 221
17772 206
17774 194
17784 186
17796 186
17813 191
17835 199
17855 213
17874 233
17891 260
17903 286
17920 316
17935 347
17947 377
17959 408
17969 433
17976 457
17981 474
17984 484
17984 479
17984 472
17981 462
17974 450
17967 433
17954 408
17945 384
17933 352
17925 323
17918 296
17911 269
17908 247
17906 225
17903 206
17903 194
17906 184
17913 179
17920 182
17933 184
17945 194
17957 203
17969 218
17986 235
18003 252
18020 274
18033 296
18042 318
18042 333
18040 338
18035 333
18033 328
18025 316
18020 303
18013 286
18006 272
17998 257
17994 238
17989 221
17989 203
17994 189
17998 182
18008 182
18020 184
18035 189
18047 196
18062 206
18074 221
18089 238
18101 255
18113 272
18125 289
18135 306
18142 325
18152 342
18159 355
18164 360
18169 355
18171 347
18169 338
18164 323
18159 306
18154 289
18147 269
18140 250
18135 230
18128 213
18120 199
18120 189
18123 194
18125 199
18128 208
18132 218
18140 230
18150 247
18159 264
18171 286
18186 308
18203 328
18218 347
18228 357
18235 355
18240 347
18242 340
18242 330
18245 316
18247 303
18254 291
18264 284
18274 279
18286 282
18298 284
18313 289
18325 299
18337 311
18345 323
18347 338
18347 347
18342 357
18335 360
18320 360
18308 352
18293 342
18281 330
18271 313
18262 291
18254 269
18250 247
18245 225
18247 208
18252 194
18259 182
18271 177
18286 177
18303 179
18320 186
18337 199
18357 213
18374 235
18391 262
18408 286
18425 313
18442 335
18457 355
18469 367
18474 364
18479 360
18476 352
18476 345
18476 340
18474 340
18471 345
18467 347
18459 347
18447 345
18435 342
18423 338
18410 325
18398 313
18388 296
18379 277
18374 260
18371 242
18374 228
18376 216
18381 201
18391 191
18401 184
18415 177
18432 179
18447 182
18462 189
18474 199
18486 211
18498 228
18513 247
18525 272
18540 299
18554 325
18569 352
18586 374
18596 394
18605 413
18608 433
18605 450
18605 464
18605 479
18605 481
18603 477
18601 469
18598 457
18591 438
18584 413
18579 386
18569 362
18559 340
18549 316
18542 294
18537 272
18535 255
18532 240
18527 225
18523 213
18523 203
18527 196
18532 189
18542 184
18557 182
18571 184
18586 186
18603 191
18615 199
18630 208
18647 218
18662 233
18676 247
18691 264
18703 284
18713 301
18720 318
18727 333
18725 345
18723 355
18718 360
18708 362
18698 360
18688 352
18681 345
18674 335
18664 321
18657 306
18649 286
18642 267
18637 247
18640 228
18642 216
18645 206
18652 199
18662 194
18671 191
18681 194
18691 201
18698 208
18703 221
18710 238
18718 255
18725 272
18732 291
18735 311
18732 328
18727 340
18718 350
18708 352
18701 347
18693 342
18688 335
18686 325
18688 313
18693 301
18701 291
18710 286
18725 282
18742 279
18757 282
18769 286
18783 294
18793 306
18803 321
18810 333
18818 345
18820 347
18818 345
18815 338
18815 328
18813 318
18808 301
18803 286
18801 269
18796 252
18796 233
18793 216
18791 208
18788 206
18791 211
18793 216
18798 223
18805 230
18815 240
18822 252
18830 269
18840 286
18849 303
18859 323
18869 342
18876 355
18886 357
18891 352
18901 347
18910 340
18920 333
18935 323
18947 316
18959 311
18969 313
18969 318
.PEN_UP
.PEN_DOWN
18101 438
18101 442
18108 442
18111 450
18113 455
.PEN_UP
.PEN_DOWN
18508 377
18503 377
18498 377
18506 377
18513 377
18537 379
18554 381
18576 389
18601 394
18627 401
18652 403
18671 403
.PEN_UP
.PEN_DOWN
19005 196
19008 191
19008 186
19010 191
19008 199
.PEN_UP
