

.STYLE CURSIVE
.COMMENT previously: .WRITER_ID dsfr.796
.WRITER_ID dsf
.HAND R
.SEX F

.PEN_DOWN
25 561
25 551
25 541
25 531
25 521
24 447
21 427
17 405
13 379
10 354
5 330
0 308
1 298
4 301
10 311
17 327
26 349
38 377
51 409
66 441
79 473
89 501
100 521
109 525
116 520
122 510
125 494
125 468
125 433
125 397
125 363
126 336
131 317
139 313
150 322
162 333
173 348
183 372
194 403
206 437
218 473
228 502
238 530
242 550
240 556
238 548
236 534
234 518
235 499
242 482
254 472
273 476
297 484
321 497
342 513
358 533
374 558
390 584
401 602
405 605
401 594
396 574
391 551
383 517
374 478
366 442
359 407
354 375
352 352
349 344
350 350
354 364
363 384
377 407
395 435
411 462
426 478
435 477
440 470
439 457
436 438
432 413
428 384
425 359
422 336
423 313
430 297
443 285
460 281
482 286
503 297
524 312
545 333
564 361
580 389
592 419
602 447
610 471
613 494
606 501
597 495
586 485
573 467
561 445
551 416
543 385
537 356
537 329
544 311
555 299
572 296
593 303
614 316
634 335
654 360
673 391
693 422
712 452
721 472
720 474
715 462
708 443
699 419
690 388
681 357
677 331
683 316
693 322
705 333
720 351
737 375
756 402
776 428
792 448
798 449
794 438
789 423
784 404
781 379
781 353
787 331
800 314
818 302
839 303
862 310
883 322
902 341
919 366
.PEN_UP
.PEN_DOWN
1310 602
1305 590
1300 580
1297 568
1297 543
1281 483
1274 456
1267 424
1260 385
1255 348
1254 317
1261 297
1273 289
1290 295
1310 304
1330 321
1351 345
1370 377
1388 412
1404 449
1419 484
1429 517
1437 551
1440 577
1439 587
1436 583
1431 569
1424 546
1415 515
1405 474
1397 431
1390 391
1385 357
1385 330
1390 320
1397 324
1406 334
1418 352
1435 379
1453 414
1474 448
1493 476
1504 485
1508 479
1506 465
1501 445
1495 418
1488 387
1481 357
1481 331
1487 312
1498 304
1514 307
1532 314
1554 325
1575 342
1593 366
1610 393
1621 421
1628 447
1626 465
1618 466
1607 457
1596 441
1585 419
1576 392
1572 361
1572 334
1580 312
1591 297
1610 289
1631 288
1653 291
1676 300
1695 314
.PEN_UP
.PEN_DOWN
1232 497
1244 490
1254 490
1263 492
1273 495
1312 506
1330 512
1350 520
.PEN_UP
.PEN_DOWN
2168 617
2168 607
2158 590
2153 568
2148 553
2133 494
2126 467
2118 431
2108 391
2098 349
2092 315
2095 290
2106 279
2122 285
2139 293
2160 308
2177 329
2187 354
2195 386
2200 416
2201 443
2198 468
2189 476
2177 470
2165 459
2163 443
2172 427
2183 412
2198 403
2220 403
2247 405
2274 410
2301 421
2327 435
2352 452
2372 471
2377 483
2370 481
2358 474
2345 463
2328 446
2309 423
2291 394
2276 365
2270 337
2275 314
2287 306
2301 311
2319 321
2339 335
2357 358
2373 386
2388 416
2402 444
2411 467
2412 472
2407 467
2400 456
2391 440
2380 418
2370 388
2364 360
2364 335
2372 317
2383 306
2401 307
2423 313
2447 328
2474 348
2499 371
2524 404
2546 437
2566 471
2588 510
2605 544
2617 573
2621 602
2615 618
2607 621
2596 613
2582 601
2567 581
2551 555
2537 518
2524 479
2514 440
2505 401
2500 370
2497 340
2500 317
2509 301
2525 292
2547 296
2573 304
2601 322
2631 346
2659 381
2685 426
2709 472
2729 517
2748 559
2760 591
2758 610
2750 613
2740 604
2726 588
2707 562
2687 528
2669 488
2652 449
2639 414
2630 383
2624 357
2624 334
2629 315
2641 301
2657 301
2680 308
2707 318
2733 333
2759 355
2783 383
2806 414
2825 444
2836 472
2832 484
2823 478
2809 467
2793 449
2775 424
2759 393
2747 362
2740 334
2741 309
2749 290
2762 277
2780 271
2800 276
2822 288
2841 305
2859 330
2874 361
2884 390
2890 420
2891 447
2887 470
2879 489
2865 495
2847 489
2828 477
2817 461
2824 444
2834 429
2850 427
2867 431
2890 436
2914 444
2937 457
2960 472
2982 478
2992 473
2990 465
2982 450
2971 433
2959 411
2949 388
2940 366
2935 341
2937 317
2944 295
2959 287
2979 291
3004 301
3028 315
3046 334
3059 362
3067 393
3068 427
3064 461
3055 486
3041 503
3023 501
3004 491
2986 475
2973 457
2973 436
2980 420
2990 409
3005 407
3026 412
3049 420
3073 431
3095 446
3117 464
3136 468
3147 461
3150 451
3146 435
3138 413
3128 383
3117 352
3107 325
3109 315
3116 319
3126 330
3141 348
3159 373
3183 403
3208 435
3234 461
3252 467
3254 460
3248 449
3241 433
3231 413
3221 388
3213 362
3217 337
3226 318
3241 306
3260 307
3282 313
3307 322
3331 335
3350 353
3367 374
.PEN_UP
.PEN_DOWN
3602 309
3614 309
3628 309
3638 314
3648 319
3685 363
3697 381
3712 402
3727 423
3741 445
3748 463
3743 466
3736 460
3727 442
3718 422
3709 395
3704 365
3701 343
3703 322
3712 309
3728 309
3748 315
3771 324
3791 337
3808 355
3828 380
3849 410
3871 439
3895 469
3915 489
3929 488
3938 477
3940 459
3937 439
3933 416
3926 391
3916 369
3899 351
3879 338
3859 340
3842 348
3834 362
3834 381
3838 389
3841 387
3845 380
3851 368
3862 355
3878 342
3903 332
3930 327
3960 329
3992 336
4019 344
4043 358
4059 381
4068 404
4071 429
.PEN_UP
.PEN_DOWN
3816 595
3816 604
3816 614
3828 619
.PEN_UP
.PEN_DOWN
4491 465
4496 478
4501 490
4504 504
4506 517
4486 537
4471 530
4455 519
4435 501
4413 475
4392 445
4375 411
4362 378
4365 349
4373 326
4386 313
4405 312
4429 316
4457 325
4485 341
4511 362
4535 387
4558 417
4578 445
4596 474
4609 496
4614 492
4611 478
4606 460
4599 435
4590 407
4580 381
4570 357
4562 338
4555 332
4554 337
4557 350
4563 369
4572 394
4584 426
4600 457
4616 485
4633 495
4647 491
4657 482
4666 469
4676 455
4691 448
4710 452
4733 463
4751 477
4762 485
4761 479
4754 469
4744 452
4734 431
4724 404
4716 377
4710 351
4713 329
4719 318
4730 316
4744 321
4760 331
4778 347
4794 369
4811 395
4828 420
4841 446
4850 468
4846 481
4842 479
4837 470
4838 455
4844 441
4854 433
4872 437
4895 448
4918 464
4929 472
4926 463
4917 446
4905 425
4893 403
4883 374
4874 350
4872 326
4877 307
4887 296
4901 301
4919 306
4940 316
4959 332
4978 354
5001 384
5023 416
5048 444
5072 467
5088 468
5099 458
5099 442
5096 423
5089 398
5082 369
5073 341
5061 316
5046 300
5028 306
5011 316
5001 330
5002 340
5004 335
5006 326
5013 318
5024 309
5041 305
5063 308
5086 313
5110 321
5135 332
5160 348
5184 372
5207 396
5228 425
5243 454
5254 471
5254 469
5249 461
5243 451
5235 433
5226 413
5217 389
5211 365
5215 344
5224 329
5238 331
5257 339
5280 350
5302 364
5322 381
5340 404
5359 427
5376 450
5386 467
5385 462
5380 452
5373 436
5363 413
5352 388
5343 360
5341 337
5347 326
5360 333
5376 342
5398 359
5427 382
5454 408
5478 434
5487 440
5483 432
5476 422
5468 407
5462 389
5457 366
5461 346
5469 330
5484 319
5500 316
5523 318
5548 323
5573 332
5599 345
5624 363
5645 389
5665 415
5679 441
5678 465
5670 476
5658 472
5639 463
5616 450
5591 432
5571 410
5558 387
5562 367
5571 352
5586 348
5605 351
5629 361
5654 375
5675 394
5684 407
5679 407
5673 401
5664 387
5654 365
5641 335
5625 296
5611 258
5596 218
5585 179
5574 147
5563 117
5549 94
5530 74
5509 57
5489 45
5468 38
5449 41
5433 48
5421 62
5419 87
5425 123
5439 167
5461 212
5495 254
5536 290
5578 316
5622 337
5663 350
5706 361
5748 371
5787 379
5823 385
.PEN_UP
.PEN_DOWN
5401 602
5401 612
5406 626
5408 636
5408 646
.PEN_UP
.PEN_DOWN
5004 578
5004 587
5004 600
5011 609
5025 626
.PEN_UP
.PEN_DOWN
6181 453
6179 465
6169 475
6159 482
6147 485
6100 461
6086 451
6066 437
6044 418
6019 393
5999 366
5988 338
5993 313
6002 295
6016 289
6035 294
6058 302
6084 313
6109 330
6130 354
6148 380
6164 408
6174 434
6170 447
6161 441
6153 430
6141 412
6128 388
6116 363
6110 337
6114 314
6125 301
6140 301
6158 309
6182 322
6206 343
6234 372
6263 410
6290 451
6315 494
6334 533
6347 565
6355 591
6352 606
6345 606
6335 596
6322 578
6302 549
6281 513
6259 469
6237 429
6221 393
6212 359
6215 332
6222 311
6233 299
6248 294
6266 298
6290 305
6317 318
6342 339
6368 367
6392 400
6414 433
6429 463
6431 479
6425 475
6416 465
6404 448
6388 423
6369 391
6354 357
6345 328
6349 305
6359 296
6376 302
6394 312
6415 329
6433 352
6445 384
6453 420
6456 454
6452 480
6443 493
6429 490
6411 481
6394 468
6382 450
6383 432
6392 413
6403 400
6421 399
6443 406
6466 415
6489 428
6510 442
6525 455
6528 452
6522 441
6511 422
6498 396
6484 368
6471 337
6473 317
6483 312
6495 318
6511 327
6530 345
6551 366
6574 395
6598 423
6610 437
6608 435
6603 426
6595 410
6586 388
6577 363
6569 337
6573 314
6581 299
6595 292
6616 293
6642 297
6670 304
6698 315
6723 333
6748 357
6773 384
6792 411
6798 436
6790 453
6779 459
6764 454
6743 444
6718 427
6692 406
6675 381
6675 357
6686 344
6699 336
6718 340
6738 348
6757 359
6777 374
6792 394
6798 409
6794 410
6784 401
6771 384
6759 363
6746 334
6735 298
6725 266
6716 231
6709 193
6702 162
6696 133
6689 104
6678 82
6664 59
6647 39
6624 26
6600 26
6577 33
6553 41
6533 53
6519 69
6517 89
6524 113
6536 143
6556 175
6583 205
6616 232
6650 254
6687 272
6725 288
6765 302
6801 315
6831 322
.PEN_UP
.PEN_DOWN
7202 393
7204 402
7206 417
7211 429
7211 439
7202 461
7191 455
7175 440
7157 419
7140 393
7128 361
7119 332
7114 305
7116 281
7125 263
7139 259
7156 266
7176 282
7192 303
7205 330
7217 360
7225 386
7228 409
7224 416
7219 410
7212 395
7206 376
7200 352
7196 322
7197 298
7203 277
7214 268
7229 269
7249 275
7269 286
7288 302
7308 324
7328 352
7349 383
7369 417
7387 449
7403 479
7415 505
7425 530
7429 545
7425 538
7420 529
7414 516
7405 496
7393 469
7382 436
7372 402
7369 367
7372 337
7378 310
7391 290
7409 280
7433 283
7457 291
7478 303
7496 319
7507 339
.PEN_UP
.PEN_DOWN
7324 437
7333 437
7343 437
7360 442
7372 444
7432 461
7452 465
.PEN_UP
.PEN_DOWN
7970 371
7970 381
7970 390
7970 400
7970 412
7953 444
7941 442
7926 436
7911 423
7895 403
7881 376
7868 347
7858 319
7851 293
7855 273
7864 257
7879 256
7896 264
7918 276
7936 295
7955 320
7971 349
7985 378
7993 400
7990 406
7985 399
7978 385
7971 369
7966 349
7967 325
7974 305
7985 291
8002 285
8022 289
8043 296
8064 310
.PEN_UP
.PEN_DOWN
8452 249
8467 254
8477 261
8487 271
8496 281
8549 333
8565 351
8581 375
8600 401
8621 431
8635 458
8646 471
8651 469
8650 457
8647 436
8644 410
8640 381
8633 351
8623 326
8609 307
8593 303
8578 313
8566 326
8559 342
8558 352
8559 350
8558 342
8558 331
8563 314
8576 297
8594 282
8618 283
8643 290
8670 300
8696 319
8724 344
8753 377
8779 415
8804 453
8826 491
8845 525
8859 554
8865 573
8862 572
8858 559
8849 540
8838 513
8826 481
8812 447
8801 413
8793 382
8788 353
8785 327
8785 304
8790 286
8803 278
8821 283
8843 293
8865 310
8886 331
8904 356
8923 382
8941 407
8955 430
8964 452
8958 465
8947 462
8935 451
8923 436
8907 414
8896 387
8886 360
8881 335
8884 312
8892 296
8907 282
8925 274
8950 276
8976 282
9002 292
9030 306
9056 321
9081 337
9102 356
9119 377
9132 402
9133 425
9126 438
9116 435
9102 427
9084 413
9065 394
9046 372
9033 349
9024 325
9027 303
9037 290
9052 293
9068 301
9088 314
9110 334
9128 359
9147 386
9153 404
9148 401
9141 388
9135 370
9131 348
9127 325
9130 302
9139 284
9152 272
9170 270
9196 275
9222 282
9250 296
9277 313
9301 333
9324 358
9344 383
9359 408
9362 434
9355 451
9340 456
9322 449
9301 438
9278 422
9260 400
9244 372
9231 342
9226 316
9233 296
9244 286
9261 292
9281 302
9303 315
9325 330
9348 357
9373 391
9399 429
9425 471
9449 510
9466 544
9474 572
9469 585
9461 581
9450 572
9440 557
9427 535
9412 507
9400 475
9389 441
9378 409
9369 379
9363 349
9361 324
9366 306
9377 298
9394 305
9415 315
9438 326
9463 344
9488 372
9513 402
9533 430
9539 437
9531 427
9519 411
9508 393
9494 368
9483 341
9480 317
9486 298
9496 286
9510 286
9529 292
9552 303
9574 317
9594 336
9614 359
9631 384
9642 400
9642 399
9638 390
9633 373
9628 346
9621 312
9611 268
9602 222
9587 177
9571 134
9554 100
9536 71
9518 49
9499 32
9478 22
9455 21
9433 27
9417 37
9405 52
9400 72
9400 98
9403 129
9413 162
9428 191
9450 216
9477 237
9508 256
9547 277
9589 297
9636 314
9681 327
9717 334
9749 339
9775 342
.PEN_UP
.PEN_DOWN
8730 468
8740 468
8750 463
8760 463
8774 463
8839 473
8866 481
8894 491
8926 502
8956 512
8981 523
.PEN_UP
.PEN_DOWN
10220 395
10223 407
10223 417
10227 427
10227 437
10200 464
10188 462
10173 457
10151 443
10126 422
10102 394
10078 360
10063 328
10054 298
10053 271
10061 254
10073 252
10089 259
10108 269
10128 282
10149 303
10167 329
10183 356
10194 383
10202 407
10205 425
10201 430
10194 424
10184 406
10172 383
10160 356
10152 325
10151 301
10157 283
10167 270
10181 266
10200 272
10223 282
10248 297
10275 321
10302 350
10329 382
10357 417
10383 449
10408 483
10430 519
10446 553
10452 585
10445 608
10432 617
10418 612
10401 601
10381 583
10364 559
10346 525
10328 486
10310 447
10291 406
10278 370
10272 341
10274 315
10280 295
10292 277
10311 265
10334 268
10359 275
10384 287
10406 305
10429 328
10452 355
10474 384
10497 413
10518 444
10538 475
10556 504
10568 529
10567 534
10560 527
10554 513
10543 490
10530 460
10513 424
10496 386
10483 354
10473 325
10471 300
10476 282
10485 272
10499 277
10520 287
10542 300
10564 316
10584 338
10601 360
10618 383
10632 402
10634 404
10629 394
10621 377
10613 360
10604 335
10595 308
10597 286
10606 271
10620 273
10637 280
10657 288
10679 300
10701 317
10722 336
10744 362
10764 392
10783 425
10801 459
10817 491
10829 519
10831 532
10828 525
10820 513
10810 491
10797 464
10780 431
10762 393
10744 358
10729 327
10719 299
10722 277
10731 260
10746 260
10764 267
10787 276
10810 289
10830 309
10851 334
10870 361
10886 387
10901 412
10908 425
10908 420
10905 411
10899 400
10890 384
10881 365
10871 343
10864 321
10862 297
10868 278
10878 272
10893 279
10915 289
10937 302
10959 318
10978 342
10992 369
11003 394
11012 417
11016 424
11013 416
11005 402
10996 385
10988 363
10977 337
10972 313
10973 290
10979 271
10990 258
11005 252
11024 256
11048 262
11072 270
11097 279
11122 291
11146 304
11167 319
11185 339
11197 360
11206 386
11203 410
11194 427
11182 433
11164 426
11144 414
11124 400
11106 381
11090 361
11078 339
11078 317
11086 300
11101 298
11120 306
11143 315
11166 328
11188 350
11208 377
11228 408
11250 443
11269 475
11288 508
11300 533
11298 542
11293 537
11287 524
11276 505
11261 480
11243 447
11224 410
11207 374
11195 341
11187 312
11190 285
11199 268
11214 259
11232 264
11254 272
11278 283
11304 297
11331 316
11358 342
11380 368
11400 394
11416 419
11417 438
11411 444
11401 440
11388 432
11371 421
11354 405
11340 387
11330 366
11326 343
11327 320
11332 299
11343 284
11357 275
11377 271
11401 271
11425 274
11447 282
.PEN_UP
.PEN_DOWN
10700 444
10713 444
10727 444
10737 446
10757 449
10811 449
10831 450
10855 453
10881 456
10911 461
.PEN_UP
.PEN_DOWN
10681 517
10681 527
10686 537
10696 546
.PEN_UP
.PEN_DOWN
10437 444
10454 446
10464 451
10474 456
10483 461
10545 469
10565 471
10590 475
10619 480
10648 484
.PEN_UP
.PEN_DOWN
11832 554
11822 544
11810 527
11805 512
11800 488
11777 414
11766 387
11752 358
11738 326
11725 295
11719 269
11722 248
11733 243
11750 249
11770 259
11797 273
11821 292
11846 320
11869 352
11891 385
11914 420
11936 456
11953 488
11964 515
11966 524
11960 517
11953 502
11942 480
11929 449
11914 411
11897 372
11881 333
11873 302
11878 288
11886 291
11900 303
11915 320
11935 341
11957 363
11978 386
11998 399
12009 396
12006 389
12000 377
11990 356
11981 332
11976 304
11981 279
11991 262
12005 252
12026 256
12053 261
12080 271
12108 287
12132 307
12153 331
12170 357
12181 383
12187 407
12187 430
12181 441
12170 439
12157 429
12140 413
12126 391
12115 366
12107 338
12104 313
12107 292
12117 277
12132 274
12151 280
12175 287
12197 298
12221 314
12246 336
12269 360
12290 387
12302 409
12300 410
12294 397
12286 378
12277 356
12269 330
12263 304
12266 288
12274 287
12285 294
12296 306
12313 325
12330 354
12348 386
12369 415
12387 432
12399 426
12406 416
12410 401
12418 387
12431 375
12449 366
12471 364
12495 366
12518 372
12537 384
12551 400
12551 421
12542 441
12529 453
12513 451
12495 440
12474 423
12454 400
12439 374
12440 347
12449 324
12460 305
12476 292
12497 286
12522 284
12547 284
12569 291
12584 304
.PEN_UP
.PEN_DOWN
11739 432
11749 434
11761 434
11776 434
11795 434
11851 443
11874 449
11903 455
11937 463
11972 469
.PEN_UP
.PEN_DOWN
12897 266
12890 254
12892 244
12909 242
12919 242
12962 252
12976 262
12995 280
13015 303
13037 329
13060 358
13080 386
13096 411
13108 435
13116 456
13115 464
13112 458
13107 448
13098 427
13087 401
13077 370
13070 338
13073 312
13082 300
13096 301
13112 305
13134 312
13155 326
13178 346
13202 372
13226 402
13249 426
13271 435
13285 429
13288 413
13282 392
13274 367
13263 337
13249 310
13232 288
13210 274
13188 275
13171 284
13162 296
13166 313
13175 328
13185 332
13192 326
13205 315
13219 304
13234 293
13261 283
13289 281
13320 284
13357 292
13390 302
13419 316
13446 333
13466 352
13479 374
13488 396
.PEN_UP
.PEN_DOWN
13183 615
13185 624
.PEN_UP
.PEN_DOWN
13785 228
13797 228
13807 233
13824 245
13833 250
13863 288
13874 301
13888 324
13905 352
13924 388
13944 423
13960 455
13971 487
13979 516
13983 543
13980 560
13973 560
13964 552
13952 540
13937 516
13921 483
13906 443
13890 403
13879 366
13872 332
13869 302
13869 274
13872 249
13879 229
13893 214
13911 214
13932 223
13951 234
13970 251
13988 273
14007 299
14028 327
14045 349
14054 358
14054 351
14050 339
14046 323
14042 304
14036 281
14031 258
14035 239
14044 228
14057 232
14075 240
14096 253
14116 269
14136 290
14156 318
14176 348
14196 380
14213 415
14228 446
14242 477
14253 505
14256 518
14252 511
14245 497
14236 475
14227 447
14214 413
14202 377
14190 343
14182 314
14177 289
14177 265
14182 248
14192 240
14208 247
14228 259
14251 275
14274 295
14297 325
14319 358
14339 395
14359 434
14377 469
14392 503
14404 530
14410 546
14407 541
14402 528
14392 508
14380 480
14365 449
14349 412
14334 373
14320 336
14309 299
14302 270
14298 244
14301 222
14311 212
14325 212
14345 220
14367 231
14388 248
14409 272
14433 303
14457 338
14483 376
14509 415
14527 450
14541 480
14550 507
14547 526
14539 531
14528 523
14514 506
14496 479
14480 444
14464 403
14450 362
14439 326
14431 294
14428 266
14432 243
14445 228
14460 220
14486 225
14516 234
14544 248
14576 267
14602 293
14625 321
14644 349
14657 376
14653 397
14644 407
14632 402
14616 391
14599 375
14583 355
14572 332
14566 308
14568 284
14574 265
14584 251
14601 243
14625 241
14651 241
14679 242
14706 246
14731 254
14751 267
.PEN_UP
.PEN_DOWN
14136 416
14126 411
14141 406
14150 406
14170 406
14259 417
14289 426
14324 435
14365 443
14408 452
14447 458
14482 463
.PEN_UP
.PEN_DOWN
14199 550
14199 560
14199 572
.PEN_UP
.PEN_DOWN
15099 211
15111 211
15126 211
15140 219
15155 233
15191 274
15206 291
15224 313
15242 338
15259 367
15272 392
15280 399
15285 390
15289 374
15292 352
15292 326
15290 293
15285 262
15276 238
15262 220
15242 211
15223 218
15208 229
15202 244
15205 262
15211 279
15216 282
15222 274
15232 264
15246 254
15265 246
15291 240
15320 241
15352 247
15388 259
15422 276
15452 300
15479 324
15500 347
15515 370
15526 392
15523 411
15513 418
15501 411
15487 401
15470 383
15453 361
15438 331
15425 299
15419 273
15423 249
15434 233
15450 225
15472 228
15497 235
15524 248
15551 266
15574 289
15598 315
15619 343
15638 363
15648 369
15650 361
15647 349
15641 330
15633 307
15625 281
15628 265
15635 265
15645 271
15659 281
15678 297
15701 319
15724 344
15748 365
15764 368
15768 357
15762 341
15753 323
15745 299
15741 273
15747 253
15758 239
15771 239
15786 245
15808 254
15829 269
15851 289
15874 317
15897 350
15919 383
15939 407
15953 410
15958 403
15957 390
15955 372
15953 350
15950 321
15946 296
15937 273
15923 254
15906 249
15887 255
15872 265
15867 278
15870 281
15876 276
15889 270
15907 266
15935 266
15968 270
15999 280
16031 291
16057 306
16080 323
16098 340
16110 359
16121 378
16127 398
16123 414
16112 413
16097 404
16078 390
16058 372
16046 350
16042 326
16048 303
16061 285
16080 274
16108 269
16141 272
16177 281
16214 291
16248 305
16277 319
.PEN_UP
.PEN_DOWN
16698 338
16698 348
16701 360
16706 370
16711 384
16705 408
16696 402
16684 391
16672 376
16662 354
16652 327
16643 298
16641 270
16648 249
16658 244
16672 253
16691 270
16710 292
16727 318
16739 351
16747 380
16752 407
16750 435
16744 455
16733 464
16718 458
16701 449
16685 434
16675 417
16671 393
16678 371
16691 356
16707 350
16727 354
16752 362
16774 373
16797 390
16821 414
16843 439
16865 465
16883 492
16897 515
16906 532
16906 537
16903 529
16895 511
16884 485
16867 446
16845 391
16822 334
16798 276
16773 220
16749 171
16728 129
16710 92
16697 61
16688 34
16686 9
16693 0
16702 5
16718 16
16739 33
16763 58
16788 91
16810 125
16831 164
16848 202
16858 237
16857 272
16851 301
16841 318
16827 323
16808 319
16798 311
16800 304
.PEN_UP
.PEN_DOWN
17071 199
17081 199
17091 204
17103 221
17113 231
17167 292
17186 312
17209 331
17236 354
17263 381
17288 401
17304 408
17310 401
17307 387
17301 366
17292 338
17280 304
17267 271
17264 249
17268 249
17275 260
17286 275
17299 297
17318 323
17341 350
17364 374
17384 380
17399 374
17404 362
17401 344
17396 324
17390 300
17384 279
17384 277
17390 284
17400 297
17416 314
17437 337
17462 363
17486 383
17508 396
17524 392
17534 385
17534 373
17529 356
17522 335
17515 311
17509 287
17512 266
17520 253
17534 250
17551 256
17573 267
17596 282
17620 303
17644 327
17666 350
17682 372
17684 385
17677 380
17669 370
17657 356
17643 334
17629 312
17619 287
17623 264
17634 248
17651 247
17669 255
17687 265
17705 279
17718 300
17728 326
17737 356
17743 385
17741 413
17735 432
17724 440
17710 435
17691 422
17676 406
17668 386
17673 362
17681 344
17695 334
17712 334
17733 338
17760 347
17787 360
17813 380
17839 407
17859 434
17878 460
17894 487
17907 512
17911 529
17909 528
17905 515
17897 498
17885 474
17870 444
17855 411
17841 376
17829 345
17820 320
17811 293
17809 271
17814 251
17825 245
17839 248
17859 255
17881 265
17903 279
17926 296
17948 316
17969 339
17985 362
17994 375
17995 371
17992 362
17988 351
17982 336
17974 317
17966 295
17962 272
17967 251
17975 240
17988 235
18005 236
18027 239
18049 246
18071 255
18094 268
18116 284
18137 301
18153 321
18166 343
18168 364
18164 370
18154 363
18141 350
18125 336
18108 320
18096 298
18093 277
18097 255
18109 237
18125 229
18147 235
18172 247
18193 264
18212 285
18227 312
18236 339
18238 363
18231 384
18220 398
18204 401
18185 395
18164 383
18147 367
18145 346
18151 327
18161 314
18174 310
18193 315
18215 322
18237 331
18259 345
18279 362
18301 380
18322 393
18338 390
18350 382
18348 370
18342 352
18334 328
18328 301
18321 275
18317 257
18321 255
18328 264
18340 276
18361 295
18386 319
18412 345
18437 369
18459 382
18473 378
18477 370
18470 356
18463 340
18456 321
18448 299
18445 278
18450 260
18461 251
18477 254
18499 261
18526 269
18551 278
18574 290
18597 304
18618 321
.PEN_UP
.PEN_DOWN
18093 514
18098 523
18100 533
18110 540
.PEN_UP
.PEN_DOWN
17778 465
17791 465
17800 465
17810 465
17820 465
17884 474
17913 482
17950 492
17991 501
18040 510
.PEN_UP
.PEN_DOWN
18842 297
18851 306
18861 311
18871 319
.PEN_UP
