

.STYLE CURSIVE
.COMMENT previously: .WRITER_ID dsfr.439
.WRITER_ID dsf
.HAND R
.SEX F

.PEN_DOWN
88 627
81 632
73 632
68 632
64 629
44 608
39 595
32 581
25 566
17 544
12 522
8 498
3 471
0 447
0 422
5 403
12 391
22 381
32 376
47 376
61 381
76 388
93 398
107 412
122 434
137 459
149 486
159 517
164 547
168 578
166 603
164 627
156 644
149 656
137 666
125 666
112 664
103 661
93 656
83 651
.PEN_UP
.PEN_DOWN
151 373
154 381
159 386
166 391
171 393
200 417
210 427
220 442
232 461
244 483
256 503
268 522
278 532
278 527
276 517
271 498
268 476
264 447
261 417
256 398
256 388
256 391
259 398
264 410
271 427
285 449
303 473
320 500
334 522
346 537
354 539
359 534
361 527
361 515
359 503
354 481
349 459
346 439
349 417
351 405
361 398
373 395
.PEN_UP
.PEN_DOWN
795 527
790 534
783 537
776 537
771 537
744 515
734 503
722 483
710 459
698 434
688 410
683 393
685 376
690 369
698 366
710 371
727 378
746 393
766 412
783 434
795 454
802 471
800 478
793 476
783 469
778 456
771 442
773 430
776 415
783 408
793 400
807 398
.PEN_UP
.PEN_DOWN
1168 508
1163 498
1158 493
1153 488
1149 481
1141 451
1139 439
1134 427
1134 412
1136 398
1141 386
1151 381
1163 383
1180 388
1200 398
1217 412
1232 434
1246 459
1258 483
1268 505
1275 522
1280 527
1278 522
1275 510
1271 490
1261 461
1251 417
1239 371
1227 322
1214 276
1205 237
1195 203
1190 174
1185 152
1183 142
1180 142
1178 149
1178 159
1180 181
1185 208
1195 249
1207 298
1224 352
1244 412
1263 466
1283 510
1305 544
1327 571
1344 588
1353 590
1358 583
1361 569
1361 547
1361 517
1358 483
1356 451
1349 422
1336 398
1319 376
1302 359
1285 349
1271 347
1258 352
1246 354
1241 361
1241 369
1246 373
1253 378
1263 378
1273 381
1288 383
1305 388
1322 398
1339 412
1356 425
1370 442
1385 459
1397 476
1410 495
1422 512
1429 527
1434 532
1434 527
1431 515
1431 498
1429 473
1424 442
1417 410
1410 386
1402 366
1402 359
1405 364
1410 376
1417 391
1424 412
1434 439
1446 466
1456 493
1466 510
1478 520
1488 520
1500 515
1509 510
1522 505
1536 503
1551 503
1568 505
1580 510
1590 520
1592 530
1595 539
1592 549
1587 556
1580 559
1568 556
1553 554
1541 544
1527 527
1512 503
1502 476
1495 447
1490 422
1490 403
1492 388
1497 376
1509 371
1524 369
1541 369
1561 376
1575 388
1592 405
1609 425
1624 449
1641 476
1658 508
1673 539
1687 576
1702 610
1714 639
1722 668
1722 681
1719 681
1714 673
1705 661
1692 637
1678 610
1663 576
1651 539
1641 505
1634 471
1629 442
1629 417
1629 398
1629 383
1634 371
1644 369
1656 371
1670 376
1687 381
1705 388
1722 400
1739 410
1756 420
1773 430
1790 444
1804 459
1817 476
1826 495
1831 512
1831 525
1826 534
1822 537
1809 537
1797 534
1783 530
1768 525
1756 515
1744 503
1729 486
1719 469
1707 447
1700 427
1695 405
1695 386
1700 376
1707 371
1717 373
1731 378
1748 386
1765 398
1780 415
1790 432
1800 451
1809 471
1819 490
1822 500
1819 498
1814 493
1807 483
1800 469
1790 454
1785 437
1783 422
1785 408
1790 400
1800 393
1814 393
1834 398
1853 403
1873 415
1890 430
1904 447
1917 469
1924 488
1931 508
1934 525
1931 532
1931 530
1929 522
1926 508
1924 490
1922 469
1919 447
1922 422
1929 403
1939 383
1951 364
1963 347
1978 339
.PEN_UP
.PEN_DOWN
2021 534
2017 527
2012 520
2009 510
2004 500
1975 473
1958 456
1941 437
1919 412
1895 386
1873 364
1853 342
1839 322
.PEN_UP
.PEN_DOWN
1595 534
1600 534
1605 534
1612 534
1622 539
1673 559
1690 564
1707 569
1726 573
1746 576
1763 576
.PEN_UP
.PEN_DOWN
2424 673
2419 668
2414 664
2412 659
2409 651
2399 615
2392 590
2382 561
2368 527
2353 488
2341 449
2331 415
2324 386
2321 361
2319 344
2324 332
2329 330
2334 337
2341 347
2348 359
2358 373
2368 393
2375 410
2380 432
2382 454
2385 473
2382 493
2377 500
2373 500
2365 495
2358 490
2360 481
2365 473
2375 466
2390 461
2409 459
2431 461
2456 464
2477 471
2497 478
2516 488
2531 495
2541 505
2548 515
2546 522
2541 530
2534 532
2524 530
2509 522
2495 512
2477 498
2463 476
2451 451
2438 425
2431 400
2424 376
2424 356
2426 342
2434 339
2443 344
2456 354
2468 369
2480 386
2490 408
2497 432
2504 454
2509 473
2516 490
2516 495
2514 490
2509 478
2499 461
2492 437
2485 410
2482 388
2485 371
2490 359
2497 352
2509 349
2524 352
2543 359
2560 369
2577 388
2594 415
2614 444
2631 476
2651 503
2665 525
2677 532
2682 527
2677 517
2675 498
2673 473
2670 444
2665 415
2655 391
2643 366
2629 352
2614 342
2599 339
2585 339
2575 347
2568 354
2568 369
2573 383
2577 395
2585 400
2594 395
2604 388
2612 381
2624 369
2636 361
2653 364
2670 366
2687 373
2704 381
2719 393
2731 408
2746 425
2760 449
2772 473
2785 503
2792 527
2790 539
2785 537
2780 527
2772 515
2763 495
2755 471
2751 442
2746 415
2746 388
2748 369
2753 354
2760 347
2772 349
2790 352
2804 361
2819 373
2833 388
2848 408
2860 430
2875 454
2892 478
2907 500
2924 517
2938 532
2953 542
2963 547
2968 542
2970 534
2968 522
2963 503
2955 476
2948 449
2938 422
2929 398
2916 378
2904 364
2890 356
2877 359
2865 366
2858 373
2853 383
2850 398
2855 410
2858 412
2863 408
2868 400
2872 388
2882 376
2894 361
2911 349
2933 342
2955 342
2982 347
3007 356
3028 369
3046 383
3058 400
3063 415
3065 430
.PEN_UP
.PEN_DOWN
2819 629
2819 634
2819 642
2819 647
2821 651
.PEN_UP
.PEN_DOWN
3170 371
3175 361
3175 352
3175 344
3172 339
3155 310
3150 300
3146 291
3136 281
.PEN_UP
.PEN_DOWN
3543 505
3538 500
3538 495
3536 490
3526 490
3502 488
3492 488
3480 493
3470 498
3462 510
3462 527
3465 547
3470 569
3475 593
3482 615
3489 634
3494 647
3494 649
3494 644
3497 639
3497 629
3494 612
3494 590
3494 566
3494 534
3494 505
3492 473
3492 447
3489 422
3484 398
3475 378
3462 359
3448 347
3433 337
3416 334
3394 332
3372 334
3350 337
3333 342
3321 354
3319 366
3321 378
3321 391
3326 403
.PEN_UP
.PEN_DOWN
3611 642
3606 637
3604 632
3604 627
3604 622
3601 583
3599 564
3597 544
3594 517
3587 490
3582 464
3575 437
3570 417
3567 398
3562 378
3562 361
3562 347
3567 337
3577 330
3587 327
3601 330
3619 334
3636 344
3653 359
3667 373
3682 391
3694 410
3704 427
3714 444
3719 464
3719 481
3714 493
3706 500
3699 498
3692 493
3684 486
3677 476
3672 461
3667 444
3662 427
3660 412
3662 398
3665 386
3667 376
3672 369
3682 361
3692 359
3704 359
3716 361
3731 366
3743 373
3750 391
3760 410
3772 434
3784 459
3799 483
3814 510
3828 539
3840 569
3850 598
3855 625
3855 647
3855 661
3850 673
3845 678
3838 678
3826 676
3818 666
3809 654
3801 634
3799 605
3794 571
3787 534
3779 495
3772 461
3767 430
3770 403
3775 381
3782 364
3792 354
3804 349
3818 354
3833 361
3850 373
3867 391
3884 410
3899 430
3914 454
3928 476
3943 498
3953 517
3960 527
3965 522
3965 512
3965 495
3965 473
3962 447
3957 420
3953 395
3945 376
3938 359
3926 352
3914 349
3901 352
3887 356
3879 361
3872 366
3867 376
3870 383
3875 383
3882 378
3892 373
3906 371
3923 366
3943 366
3962 369
3982 371
4001 373
4018 378
4035 383
4048 393
4057 405
4067 415
4079 425
.PEN_UP
.PEN_DOWN
3528 505
3541 505
3550 505
3560 508
3570 515
3619 534
3633 539
3653 544
.PEN_UP
.PEN_DOWN
3977 676
3977 668
3977 664
3977 659
3977 649
3977 612
3975 600
3970 586
.PEN_UP
.PEN_DOWN
4406 634
4406 625
4401 615
4396 603
4391 588
4379 532
4370 512
4357 486
4343 456
4330 425
4323 400
4323 376
4326 354
4330 337
4340 327
4355 327
4367 334
4382 342
4394 356
4409 373
4423 400
4438 430
4455 461
4467 495
4482 527
4494 554
4506 576
4516 593
4521 608
4521 620
4518 625
4516 620
4511 612
4504 595
4494 571
4482 542
4472 503
4460 469
4448 432
4438 400
4430 373
4426 352
4428 339
4433 339
4438 347
4443 356
4452 371
4465 393
4479 420
4496 447
4516 471
4533 490
4545 498
4552 493
4550 486
4547 471
4540 454
4535 432
4530 410
4526 388
4523 369
4528 356
4535 347
4545 344
4557 344
4577 349
4596 361
4613 378
4630 400
4643 422
4650 447
4657 469
4662 486
4665 498
4665 500
4662 495
4657 486
4650 471
4640 449
4630 427
4621 403
4616 381
4616 364
4621 349
4628 339
4640 337
4655 342
4672 349
4689 359
4708 376
4728 400
4747 425
4765 449
4777 471
4784 488
4789 498
4789 495
4786 488
4782 473
4774 454
4767 434
4760 410
4757 391
4757 376
4760 371
4762 373
4769 381
4777 395
4789 415
4804 442
4818 469
4833 490
4847 505
4862 512
4874 517
4886 517
4899 510
4911 500
4921 488
4928 476
4938 469
4950 464
4962 464
4979 464
4994 466
5008 469
5018 478
5023 490
5023 503
5021 512
5013 520
5003 517
4991 515
4977 505
4957 490
4938 471
4918 444
4901 417
4891 391
4891 369
4896 352
4903 339
4916 337
4928 339
4945 347
4960 359
4972 376
4986 398
5001 427
5018 461
5040 498
5060 537
5077 569
5091 595
5099 617
5103 637
5106 649
5106 644
5101 634
5096 622
5086 603
5074 576
5060 544
5045 510
5030 473
5016 439
5008 405
5003 376
5006 352
5011 337
5021 327
5035 325
5055 325
5079 330
5103 337
5125 347
5145 361
5157 378
5164 395
5167 410
.PEN_UP
.PEN_DOWN
4730 578
4728 583
4725 588
4725 593
4725 598
.PEN_UP
.PEN_DOWN
4265 493
4260 495
4260 488
4262 481
4265 476
4284 478
4296 483
4316 488
4343 493
4372 498
4399 500
.PEN_UP
.PEN_DOWN
5201 454
5211 454
5216 459
5225 461
5235 466
.PEN_UP
.PEN_DOWN
5467 503
5459 508
5455 510
5447 515
5445 520
5413 515
5398 510
5379 495
5355 473
5328 444
5306 415
5294 386
5294 364
5301 344
5311 332
5330 332
5352 339
5376 349
5398 364
5418 381
5435 405
5447 430
5457 454
5464 473
5462 481
5457 476
5450 464
5437 442
5423 412
5408 373
5389 327
5369 286
5352 244
5337 208
5330 178
5325 152
5325 132
5328 122
5333 127
5340 135
5350 149
5367 166
5386 193
5406 227
5425 264
5440 305
5450 342
5455 373
5452 398
5447 410
5442 417
5433 420
5423 417
5411 410
5403 395
5403 381
5408 364
5416 352
5423 344
5435 344
5455 349
5476 359
5498 371
5520 386
5537 405
5550 427
5562 451
5572 476
5579 495
5584 503
5584 500
5579 493
5572 481
5562 466
5550 442
5540 420
5533 395
5528 371
5530 352
5533 330
5540 315
5550 305
5567 310
5586 317
5608 327
5628 342
5645 361
5659 381
5669 405
5674 427
5676 449
5679 466
5679 473
5679 476
5684 473
5691 471
5706 466
5728 459
5752 456
5779 456
5803 459
5820 464
5832 473
5840 486
5842 500
5840 512
5832 520
5823 517
5808 510
5789 500
5764 486
5740 464
5715 434
5691 405
5672 378
5662 356
5664 337
5672 322
5689 317
5708 320
5730 327
5757 342
5776 364
5798 386
5820 410
5837 434
5852 456
5854 478
5850 486
5845 481
5837 473
5828 456
5813 437
5798 410
5786 383
5786 361
5793 342
5798 327
5806 315
5818 315
5828 320
5840 330
5854 342
5869 359
5884 381
5901 405
5918 432
5937 456
5952 476
5962 481
5964 478
5962 471
5957 461
5947 444
5937 420
5923 393
5910 366
5903 339
5908 327
5913 322
5918 327
5925 334
5937 349
5954 371
5976 398
5996 422
6013 447
6028 461
6035 464
6040 459
6045 454
6049 447
6057 442
6069 437
6081 434
6096 437
6108 444
6120 456
6130 469
6140 486
6149 503
6164 520
6179 544
6193 569
6208 593
6215 615
6223 627
6220 627
6215 622
6208 615
6196 600
6184 581
6166 549
6149 517
6132 483
6115 451
6103 425
6096 403
6093 383
6093 366
6096 352
6101 339
6110 337
6125 339
6142 344
6159 352
6181 366
6203 381
6230 400
6254 422
6276 444
6291 464
6298 483
6301 500
6298 512
6291 520
6279 520
6264 515
6245 505
6225 493
6208 478
6193 461
6184 447
6176 430
6174 412
6174 393
6179 376
6186 359
6201 347
6223 344
6245 347
6266 349
6286 356
6303 366
6323 381
6344 403
6364 425
6383 449
6398 471
6405 486
6401 488
6391 478
6381 466
6371 449
6359 427
6349 403
6342 381
6340 364
6342 359
6349 364
6359 376
6374 388
6393 405
6415 425
6444 447
6471 469
6501 488
6525 503
6535 508
.PEN_UP
.PEN_DOWN
5998 510
5993 510
5998 508
6008 508
6030 508
6108 512
6142 517
6181 525
6218 532
6252 537
.PEN_UP
.PEN_DOWN
6820 325
6815 318
6815 313
6815 306
6822 303
6854 318
6869 328
6883 340
6905 359
6930 386
6947 415
6964 445
6976 474
6983 498
6988 523
6988 540
6981 547
6973 545
6961 540
6947 532
6932 515
6915 491
6903 459
6893 428
6891 393
6893 367
6895 345
6900 330
6910 323
6925 320
6947 320
6969 325
6991 330
7012 342
7032 359
7049 376
7069 393
7086 413
7103 428
7115 445
7125 459
7129 476
7129 491
7129 506
7125 515
7117 520
7110 518
7098 513
7083 506
7069 489
7051 467
7034 440
7022 411
7012 381
7005 357
7003 337
7008 325
7015 323
7025 325
7039 335
7056 352
7073 376
7088 403
7100 430
7110 454
7112 471
7112 479
7110 474
7105 467
7103 452
7095 432
7090 406
7083 376
7078 350
7078 330
7083 315
7090 308
7103 311
7120 318
7144 330
7166 347
7190 371
7208 401
7222 430
7234 457
7247 484
7254 503
7259 515
7256 513
7254 506
7249 491
7244 469
7239 440
7229 408
7220 379
7210 350
7205 328
7208 320
7212 323
7220 330
7227 342
7237 359
7249 381
7261 408
7273 435
7283 459
7295 481
7303 493
7312 501
7322 501
7332 501
7344 501
7359 501
7373 503
7388 503
7398 501
7400 496
7395 479
7388 457
7381 428
7371 396
7361 369
7351 345
7346 325
7342 320
7346 325
7351 332
7356 342
7366 357
7378 381
7393 408
7410 437
7429 464
7449 486
7468 506
7485 510
7498 506
7500 496
7495 484
7488 462
7481 437
7471 408
7459 384
7451 359
7444 340
7444 325
7446 313
7451 311
7461 313
7476 318
7490 328
7507 337
7527 354
7544 371
7561 396
7576 423
7590 452
7600 479
7610 498
7615 506
7610 503
7602 493
7595 474
7583 450
7568 420
7561 393
7554 369
7556 347
7561 330
7568 325
7581 330
7598 337
7620 352
7639 371
7661 398
7681 425
7698 450
7710 467
7712 471
7707 467
7702 450
7693 428
7683 401
7671 371
7661 347
7656 328
7659 315
7663 318
7673 325
7688 335
7707 352
7732 379
7761 408
7788 435
7810 462
7820 471
7817 464
7810 452
7802 432
7795 411
7788 389
7783 369
7783 354
7790 345
7798 340
7810 337
7824 337
7844 340
7863 345
7883 354
7905 367
7927 384
7949 403
7963 428
7973 450
7973 471
7968 486
7956 491
7944 489
7927 481
7910 471
7895 457
7883 435
7873 411
7868 386
7873 369
7880 359
7890 354
7902 357
7919 364
7932 374
7944 391
7954 406
7956 413
7956 408
7951 401
7944 381
7934 350
7922 308
7910 259
7898 208
7885 162
7878 123
7871 89
7868 62
7866 50
7866 52
7863 62
7866 81
7873 113
7885 150
7907 196
7932 242
7963 291
7995 337
8027 376
8058 411
8085 440
8107 467
8129 484
8141 491
8149 486
8149 479
8141 462
8134 440
8122 408
8110 376
8097 350
8088 328
8078 315
8071 313
8061 315
8056 323
8056 328
8058 335
8066 340
8073 342
8085 342
8100 342
8117 345
8134 350
8154 359
.PEN_UP
.PEN_DOWN
7690 591
7690 596
7695 603
7700 606
.PEN_UP
.PEN_DOWN
8746 481
8741 484
8736 486
8731 486
8724 486
8700 474
8690 457
8678 428
8666 396
8653 364
8651 337
8656 320
8663 315
8678 320
8695 330
8717 345
8736 364
8748 389
8756 413
8753 437
8751 459
8744 474
8734 481
8722 476
8707 467
8697 454
8692 442
8697 428
8705 418
8722 420
8741 425
8768 440
8795 462
8819 484
8839 513
8853 535
8863 557
8868 576
8865 586
8861 581
8856 569
8844 542
8831 498
8814 445
8797 381
8783 318
8770 264
8758 213
8751 172
8746 142
8748 128
8753 130
8763 142
8775 159
8795 186
8814 215
8831 252
8844 286
8841 318
8836 342
8829 359
8817 367
8807 364
.PEN_UP
.PEN_DOWN
9139 547
9143 552
9151 554
9158 557
9168 562
9209 574
9224 576
9241 579
9258 576
9270 571
9273 562
9268 549
9256 530
9236 510
9212 493
9182 479
9158 471
9141 467
9136 467
9146 467
9161 469
9180 471
9202 469
9226 464
9248 450
9260 428
9258 401
9251 374
9234 352
9212 330
9182 313
9151 298
9122 296
9095 301
9075 308
9065 318
.PEN_UP
.PEN_DOWN
9390 576
9385 574
9375 571
9356 562
9343 552
9304 462
9295 432
9290 403
9295 374
9302 350
9317 335
9339 332
9365 340
9392 354
9414 379
9431 411
9438 447
9441 484
9436 513
9424 540
9407 557
.PEN_UP
.PEN_DOWN
9741 442
9741 447
9741 454
9741 459
9751 469
9765 503
9765 510
9760 518
9753 525
9746 528
9734 525
9724 518
9709 501
9697 479
9682 450
9670 418
9665 391
9665 367
9670 347
9675 332
9687 325
9702 323
9721 323
9746 328
9770 335
9792 345
9812 359
9829 381
9843 403
9860 425
9872 450
9885 469
9890 491
9892 508
9887 518
9882 518
9872 513
9860 503
9848 491
9833 476
9816 454
9804 428
9794 403
9790 376
9792 354
9797 332
9804 318
9816 313
9833 318
9853 328
9875 342
9894 362
9911 389
9929 413
9941 435
9953 457
9960 474
9965 479
9963 474
9958 459
9951 437
9941 411
9931 381
9924 354
9919 335
9924 328
9933 332
9948 342
9965 359
9985 376
10002 401
10016 425
10031 452
10041 474
10048 484
10053 479
10053 464
10046 445
10038 420
10029 391
10021 367
10019 345
10021 330
10026 323
10036 320
10053 328
10075 340
10099 362
10124 389
10148 425
10170 462
10189 498
10204 532
10216 564
10219 588
10221 608
10224 618
10224 613
10221 606
10214 591
10204 567
10187 535
10170 493
10153 457
10138 423
10133 396
10136 371
10141 350
10150 337
10163 337
10180 345
10197 357
10216 376
10238 401
10260 432
10285 462
10302 489
10316 506
10324 503
10326 491
10324 474
10316 445
10309 413
10302 381
10292 357
10280 342
10267 332
10255 325
10241 323
10226 325
10214 330
10207 337
10209 347
10214 354
10224 357
10241 359
10263 364
10292 369
10321 376
10348 381
10375 386
10394 391
10414 398
10428 408
.PEN_UP
.PEN_DOWN
10085 535
10092 535
10126 535
10155 535
10177 535
10263 557
.PEN_UP
.PEN_DOWN
10806 415
10816 423
10821 430
10821 440
10823 447
10833 481
10831 491
10826 493
10814 489
10799 484
10777 469
10748 447
10721 413
10699 379
10682 347
10682 320
10689 306
10706 306
10731 315
10762 332
10792 352
10816 376
10833 401
10843 420
10843 435
10838 432
10828 418
10811 398
10794 371
10780 347
10782 323
10792 308
10804 303
.PEN_UP
.PEN_DOWN
11138 284
11143 284
11153 284
11162 284
11167 284
11206 311
11223 330
11243 352
11267 376
11289 403
11309 428
11323 450
11335 469
11343 479
11348 476
11348 469
11345 452
11343 428
11340 398
11335 367
11326 340
11316 315
11301 296
11287 279
11272 269
11257 274
11243 281
11233 291
11226 306
11228 318
11231 323
11238 320
11245 313
11257 308
11270 306
11289 306
11313 311
11340 318
11367 330
11394 347
11416 369
11438 396
11460 425
11482 459
11501 493
11516 525
11523 552
11523 567
11518 564
11509 545
11496 520
11482 486
11467 447
11455 413
11443 381
11431 352
11423 330
11416 311
11416 303
11418 306
11423 315
11431 330
11440 347
11455 369
11470 391
11487 408
11501 415
11511 413
11513 398
11513 384
11513 362
11513 337
11516 320
11526 308
11543 308
11567 311
11594 318
11621 328
11643 342
11660 364
11674 389
11687 413
11696 440
11701 462
11699 474
11687 479
11672 471
11652 459
11630 442
11611 423
11589 398
11574 376
11567 354
11572 337
11579 328
11591 323
11609 325
11628 335
11650 345
11672 359
11689 379
11706 401
11713 420
11711 432
11706 435
11696 425
11684 411
11669 389
11660 367
11657 342
11662 323
11669 315
11684 315
11704 320
11730 328
11757 337
11779 352
11799 374
11813 401
11828 428
11843 450
11847 457
11845 447
11835 432
11826 411
11816 384
11806 357
11804 335
11806 320
11813 315
11821 320
11828 328
11840 340
11852 359
11865 379
11884 398
11904 415
11921 425
11935 428
11950 425
11964 425
11984 425
12008 425
12033 428
12055 432
12069 442
12074 452
12072 464
12067 474
12057 484
12045 489
12028 489
12011 484
11994 471
11979 450
11964 420
11957 386
11955 357
11957 332
11964 313
11977 301
.PEN_UP
.PEN_DOWN
12347 491
12355 491
12355 486
12355 481
12355 476
12338 440
12330 420
12320 398
12311 371
12308 342
12311 323
12316 308
12325 311
12345 318
12367 332
12391 350
12416 369
12435 396
12452 420
12464 445
12469 462
12467 469
12459 462
12452 450
12440 430
12430 408
12423 384
12420 362
12423 342
12428 330
12437 320
12450 320
12467 323
12489 330
12508 342
12530 357
12547 379
12562 401
12572 425
12574 450
12574 471
12569 489
12559 496
12552 493
12545 489
12537 484
12537 476
12542 467
12550 457
12567 452
12591 447
12618 442
12647 445
12672 447
12689 452
12703 462
12711 471
12711 484
12706 493
12698 501
12686 503
12667 501
12642 484
12620 467
12598 440
12589 411
12584 386
12589 362
12594 342
12606 328
12620 318
12642 313
12664 315
12681 323
12696 335
12713 350
12733 371
12752 393
12772 418
12786 440
12793 454
12798 452
12796 445
12791 432
12784 413
12774 389
12767 362
12764 342
12767 328
12772 325
12774 332
12779 345
12789 362
12798 384
12815 406
12835 428
12850 442
12862 447
12869 440
12869 430
12872 418
12881 406
12898 396
12920 396
12945 398
12964 403
12981 408
12993 420
13006 435
13010 452
13013 471
13010 489
13003 498
12993 496
12976 489
12954 474
12935 454
12923 430
12915 398
12918 371
12925 345
12940 325
12959 313
12986 306
13015 308
13042 313
.PEN_UP
.PEN_DOWN
13525 395
13528 400
13528 405
13533 407
13535 412
13540 446
13540 453
13538 463
13533 470
13525 475
13513 478
13499 475
13484 470
13467 458
13452 434
13435 402
13421 366
13408 329
13401 300
13403 275
13411 258
13423 256
13438 263
13455 275
13472 293
13489 312
13503 336
13516 361
13525 385
13533 407
13535 427
13538 436
13535 431
13530 424
13523 407
13518 388
13513 361
13506 334
13503 310
13506 290
13511 278
13518 271
13525 271
13540 275
13555 285
13572 300
13589 324
13606 351
13623 378
13642 405
13660 427
13677 449
13686 461
13694 458
13696 453
13696 446
13699 436
13701 429
13703 429
13703 431
13703 436
13703 444
13699 453
13694 463
13684 470
13672 470
13660 463
13650 453
13638 431
13628 402
13618 368
13613 339
13613 310
13618 288
13623 271
13635 261
13652 258
13674 258
13703 266
13730 280
13755 302
13779 332
13801 368
13823 407
13845 446
13862 488
13874 522
13884 553
13889 575
13889 583
13886 580
13879 570
13869 553
13859 527
13845 495
13830 458
13818 419
13806 383
13796 346
13789 317
13786 293
13789 273
13794 263
13803 263
13818 271
13837 280
13857 297
13877 319
13896 346
13913 378
13925 407
13933 431
13937 451
13937 453
13933 449
13928 436
13920 417
13911 395
13898 366
13891 339
13889 312
13889 288
13894 271
13901 261
13913 256
13928 256
13945 258
13959 268
13972 283
13986 302
13998 329
14013 356
14023 383
14033 407
14037 427
14037 441
14035 446
14033 441
14035 436
14037 431
14047 427
14059 422
14076 419
14094 419
14108 417
14125 419
14140 422
14152 429
14164 439
14172 449
14172 458
14169 466
14162 468
14152 466
14140 458
14128 449
14111 431
14096 410
14079 385
14059 358
14045 334
14037 312
14037 293
14040 273
14047 256
14057 249
14072 251
14089 258
14103 271
14120 290
14135 312
14150 339
14164 366
14176 390
14186 417
14184 431
14179 431
14172 424
14162 410
14150 388
14137 358
14130 329
14125 302
14128 283
14133 268
14142 258
14157 261
14174 266
14193 275
14215 290
14240 312
14267 339
14289 371
14313 407
14335 446
14354 485
14371 522
14384 551
14384 575
14379 595
14371 605
14359 600
14345 588
14325 563
14308 531
14289 490
14274 446
14262 405
14252 366
14247 332
14247 307
14252 285
14259 271
14272 266
14293 268
14318 280
14347 300
14376 329
14401 366
14428 407
14447 444
14469 485
14484 522
14491 553
14489 578
14481 592
14471 590
14462 583
14449 570
14432 551
14415 524
14396 488
14374 451
14357 410
14342 373
14337 339
14337 310
14342 285
14350 271
14362 263
14379 266
14396 271
14415 280
14435 295
14454 319
14471 346
14491 378
14506 405
14510 424
14506 424
14498 417
14493 407
14484 390
14474 368
14467 344
14459 322
14462 302
14469 290
14479 288
14491 290
14506 295
14523 305
14542 319
14559 334
14574 356
14584 378
14588 392
14586 400
14584 395
14576 380
14569 358
14559 324
14549 285
14542 244
14537 205
14528 168
14518 132
14508 102
14496 76
14484 51
14464 37
14442 27
14418 32
14391 39
14369 51
14352 63
14342 80
14342 100
14350 119
14357 141
14371 158
14386 173
14406 185
.PEN_UP
.PEN_DOWN
13767 461
13774 461
13784 461
13794 463
13820 466
13884 480
13913 485
13947 497
13984 509
.PEN_UP
.PEN_DOWN
15186 490
15191 490
15196 490
15200 490
15210 490
15252 492
15264 495
15283 502
15300 509
15322 517
15339 522
15349 519
15354 514
15352 507
15347 497
15339 478
15330 453
15317 424
15300 390
15286 358
15269 329
15254 302
15239 280
15230 258
15220 239
15213 229
15213 229
.PEN_UP
.PEN_DOWN
15359 293
15361 300
15369 310
15376 314
15381 319
15388 339
.PEN_UP
.PEN_DOWN
15610 517
15613 522
15613 527
15613 531
15613 527
15600 478
15593 451
15586 419
15576 383
15564 346
15556 317
15549 290
.PEN_UP
.PEN_DOWN
15747 524
15744 519
15742 509
15734 500
15725 488
15700 434
15693 417
15686 397
15676 378
15671 363
15676 358
15686 356
15700 358
15720 358
15749 361
15783 361
15812 361
15839 361
15861 363
15876 366
15881 368
.PEN_UP
.PEN_DOWN
15854 578
15851 573
15847 563
15842 553
15837 527
15810 449
15800 422
15791 390
15781 356
15771 324
15764 297
15759 283
.PEN_UP
.PEN_DOWN
16034 551
16029 553
16025 553
16020 558
16015 558
15995 546
15988 536
15978 524
15971 505
15969 485
15973 470
15981 458
15988 458
15998 461
16012 466
16027 473
16039 483
16049 497
16051 512
16054 527
16051 541
16047 551
16044 556
16047 558
16051 558
16056 558
16064 558
16076 558
16090 561
16110 561
16134 563
16159 566
16186 568
16207 570
16225 573
16237 573
16239 570
16237 568
16229 563
16222 548
16205 527
16186 495
16161 458
16134 419
16110 378
16081 341
16056 307
16032 278
16012 253
15995 232
15986 219
15986 217
15988 219
15993 224
.PEN_UP
.PEN_DOWN
16190 356
16190 361
16183 361
16176 361
16166 356
16142 324
16134 312
16127 295
16120 275
16122 258
16132 246
16144 244
16161 246
16176 253
16188 266
16195 285
16200 310
16198 332
16195 353
16190 363
.PEN_UP
.PEN_DOWN
16861 597
16863 602
16863 607
16863 614
16858 617
16851 597
16846 578
16839 548
16827 502
16810 449
16793 392
16776 346
16758 307
16746 278
16739 253
16732 234
16727 232
16727 236
16732 246
16739 258
16746 278
16761 302
16778 327
16800 351
16819 371
16841 390
16858 397
16868 392
16868 380
16863 361
16858 336
16849 312
16841 290
16841 275
16849 263
16858 253
16873 253
16888 258
16905 263
16922 273
16936 290
16951 312
16963 336
16975 358
16990 380
16995 392
16997 395
16995 390
16988 380
16980 368
16975 349
16966 324
16963 302
16963 285
16966 275
16973 268
16983 263
16995 263
17010 261
17024 261
17041 263
17061 271
17080 283
17102 297
17122 314
17141 334
17158 353
17173 373
17183 392
17190 412
17192 427
17188 441
17180 449
17171 453
17161 453
17149 451
17132 444
17114 434
17100 419
17085 400
17075 378
17073 353
17075 332
17080 317
17090 307
17102 305
17117 307
17134 314
17153 327
17171 339
17185 356
17195 368
17200 380
17200 388
17200 383
17195 375
17190 356
17183 332
17171 297
17156 256
17141 214
17129 173
17114 136
17105 107
17095 83
17085 61
17075 49
17066 49
17061 54
17056 63
17056 76
17058 97
17066 124
17078 156
17100 190
17127 229
17158 271
17190 312
17222 356
17251 395
17275 431
17297 466
17314 497
17327 524
17336 548
17344 568
17346 580
17344 573
17339 556
17329 531
17314 500
17297 456
17280 414
17268 373
17256 336
17249 307
17246 288
17249 275
17256 280
17263 288
17273 300
17285 319
17302 344
17319 373
17339 397
17356 412
17366 412
17368 405
17366 395
17361 383
17353 363
17346 339
17339 314
17334 288
17336 268
17341 256
17353 253
17370 256
17392 261
17414 271
17439 283
17456 300
17468 324
17480 356
17490 385
17497 414
17497 434
17492 446
17483 441
17470 434
17453 419
17436 400
17422 373
17412 344
17407 319
17409 297
17412 278
17419 263
17434 256
17453 258
17475 263
17500 271
17522 283
17544 302
17566 324
17585 353
17602 383
17614 407
17619 419
17619 414
17612 405
17605 392
17595 373
17583 351
17573 322
17568 297
17566 278
17568 266
17573 268
17580 275
17590 285
17602 297
17617 317
17639 341
17663 366
17687 392
17709 412
17724 424
17731 429
17734 429
.PEN_UP
.PEN_DOWN
17056 531
17061 536
17068 539
17078 541
17085 546
.PEN_UP
.PEN_DOWN
18226 544
18226 553
18229 561
18234 566
18243 573
18246 588
18236 578
18224 558
18207 531
18185 490
18163 439
18141 390
18119 339
18102 297
18092 263
18097 241
18107 229
18124 234
18148 244
18175 263
18202 293
18229 324
18253 363
18280 405
18304 446
18329 483
18351 514
18365 539
18365 548
18360 546
18353 539
18343 519
18326 495
18307 456
18285 410
18260 366
18241 322
18226 290
18219 263
18224 253
18234 258
18246 266
18263 280
18282 295
18307 317
18329 344
18351 371
18370 388
18382 388
18382 375
18380 361
18373 339
18368 314
18368 290
18373 273
18380 261
18395 253
18416 253
18441 256
18470 261
18495 273
18512 290
18526 314
18531 341
18534 368
18534 392
18529 407
18524 414
18512 410
18495 402
18475 388
18455 373
18438 349
18424 327
18416 305
18416 285
18424 273
18436 268
18455 271
18475 273
18499 280
18519 293
18538 307
18555 327
18568 344
18570 358
18565 358
18555 351
18543 339
18529 322
18516 302
18516 280
18521 266
18531 256
18543 253
18563 261
18585 271
18609 283
18633 295
18658 312
18677 327
18692 346
18702 363
18704 383
18702 388
18694 383
18685 371
18670 351
18653 327
18641 297
18636 275
18641 261
18646 256
18655 261
18668 268
18690 278
18714 290
18738 310
18765 334
18787 358
18804 383
18811 400
18807 402
18799 392
18790 375
18777 353
18765 329
18763 302
18768 285
18782 268
18804 261
18833 261
18868 266
18897 271
18924 280
18943 290
.PEN_UP
.PEN_DOWN
18048 461
18053 461
18061 461
18068 461
18075 461
18117 470
18139 478
18170 488
18207 495
18241 502
18273 507
18304 507
.PEN_UP
.PEN_DOWN
19255 553
19250 556
19245 548
19243 544
19241 534
19197 456
19177 422
19158 385
19138 346
19124 305
19119 271
19121 246
19126 227
19133 217
19148 222
19165 232
19185 246
19211 268
19238 302
19265 346
19297 390
19324 436
19348 478
19367 509
19380 536
19384 553
19380 553
19372 546
19363 529
19343 500
19321 458
19297 407
19272 361
19250 319
19238 288
19233 266
19241 256
19250 261
19263 268
19280 280
19297 295
19319 317
19341 341
19363 371
19384 395
19399 414
19402 417
19397 407
19387 390
19377 366
19365 336
19358 310
19355 288
19358 273
19372 263
19389 258
19414 261
19445 263
19475 268
19504 275
19528 288
19543 307
19555 332
19560 356
19558 385
19553 405
19545 417
19531 414
19516 407
19501 395
19487 375
19477 353
19472 329
19472 310
19477 290
19484 275
19497 258
19521 249
19553 239
19592 236
19633 236
19667 239
19694 244
19714 253
19726 266
.PEN_UP
.PEN_DOWN
19048 429
19060 427
19082 427
19102 427
19131 429
19211 451
19236 456
.PEN_UP
.PEN_DOWN
20262 349
20265 356
20269 364
20269 371
20269 376
20267 398
20265 405
20257 412
20248 415
20233 415
20216 412
20199 403
20184 383
20172 359
20162 330
20155 295
20150 266
20150 239
20152 220
20160 210
20172 213
20189 222
20206 237
20226 256
20245 283
20260 312
20274 342
20282 366
20287 383
20289 386
20287 381
20284 366
20279 347
20272 317
20267 283
20262 254
20262 227
20265 208
20272 203
20284 208
20299 215
20313 230
20330 252
20343 281
20357 312
20369 347
20382 378
20391 405
20399 417
20401 410
20399 398
20394 378
20389 351
20382 317
20377 286
20372 256
20372 234
20372 215
20372 198
20377 188
20384 193
20396 200
20411 215
20426 237
20438 261
20452 293
20462 325
20472 351
20479 378
20484 398
20486 405
20486 403
20489 398
20496 390
20504 381
20518 371
20535 364
20555 359
20579 361
20599 369
20618 378
20630 390
20635 408
20638 425
20638 439
20633 451
20628 456
20616 456
20604 451
20591 444
20579 425
20567 398
20560 366
20552 332
20547 300
20550 273
20555 252
20565 239
20579 242
20601 249
20623 266
20647 283
20669 305
20694 334
20716 364
20735 393
20747 417
20752 437
20752 442
20747 434
20740 415
20730 390
20718 361
20711 327
20706 303
20703 281
20703 266
20703 266
20706 271
20711 281
20721 293
20733 308
20747 327
20762 347
20782 369
20801 388
20821 405
20835 412
20850 408
20862 398
20874 390
20886 383
20899 378
20913 376
20925 378
20938 383
20952 388
20962 398
20964 410
20960 422
20955 429
20945 434
20935 432
20923 427
20911 417
20896 403
20879 383
20862 359
20847 334
20833 308
20823 283
20823 264
20830 252
20840 247
20855 249
20869 254
20889 264
20903 278
20920 295
20933 320
20945 344
20950 369
20952 381
20950 378
20942 371
20938 356
20928 339
20920 317
20923 293
20928 271
20938 254
20950 244
20969 242
20996 247
21020 256
21047 269
21069 286
21089 308
21106 330
21116 354
21123 376
21125 395
21123 412
21118 422
21113 427
21103 425
21089 420
21074 412
21059 400
21045 386
21035 369
21025 351
21020 332
21020 312
21025 298
21033 291
21045 295
21059 303
21077 312
21094 325
21106 339
21116 354
21120 366
21125 369
21123 364
21120 351
21113 330
21106 298
21096 254
21089 213
21079 171
21069 132
21059 95
21047 64
21038 37
21028 17
21018 5
21006 0
20991 3
20977 10
20972 22
20974 42
20981 69
20994 98
21013 130
21040 161
21072 195
21106 227
21140 259
21169 291
21198 317
21220 342
21242 366
21259 386
21274 408
21281 425
21281 437
21276 447
21269 451
21255 449
21237 444
21218 434
21198 417
21181 390
21169 361
21164 330
21164 303
21172 281
21184 264
21201 254
21225 256
21250 261
21274 271
21298 286
21315 300
21328 317
.PEN_UP
.PEN_DOWN
21689 415
21681 422
21679 427
21674 429
21669 429
21650 405
21640 388
21628 361
21611 332
21596 298
21589 271
21591 247
21601 234
21615 234
21637 242
21664 256
21691 278
21713 303
21730 332
21742 356
21747 378
21747 403
21745 422
21737 439
21725 447
21710 444
21693 439
21679 425
21667 405
21662 386
21664 364
21674 351
21689 349
21710 354
21737 366
21769 383
21798 408
21823 434
21845 459
21862 486
21876 505
21886 527
21888 539
21884 534
21876 517
21864 488
21847 437
21828 376
21806 310
21781 244
21757 186
21735 134
21718 93
21706 61
21703 39
21708 25
21718 20
21735 25
21754 32
21781 52
21808 76
21832 108
21854 147
21871 193
21881 237
21884 281
21879 317
21867 339
21852 349
21832 351
21810 347
21796 337
.PEN_UP
.PEN_DOWN
22223 237
22225 232
22227 227
22232 222
22237 217
22281 220
22303 230
22330 247
22359 269
22388 295
22413 325
22432 351
22449 381
22461 408
22464 427
22459 439
22454 442
22440 437
22420 429
22398 410
22374 383
22352 349
22335 312
22325 281
22327 252
22335 232
22354 227
22379 232
22408 242
22440 259
22469 283
22498 312
22522 339
22547 369
22566 393
22578 408
22583 400
22581 386
22576 364
22569 339
22557 312
22547 283
22535 259
22522 242
22510 234
22500 237
22491 244
22483 252
22481 261
22479 276
22479 291
22481 305
22486 308
22491 300
22493 293
22496 281
22496 264
22500 249
22508 237
22520 237
22537 242
22561 252
22588 264
22617 283
22647 310
22671 337
22693 366
22710 395
22727 425
22739 456
22752 490
22759 520
22761 542
22761 549
22759 542
22752 527
22742 503
22732 473
22720 439
22708 403
22696 371
22683 342
22671 317
22661 293
22657 273
22659 256
22664 244
22674 237
22688 239
22705 244
22727 254
22752 276
22774 298
22793 322
22808 349
22825 369
22837 390
22844 403
22839 403
22832 395
22825 388
22815 373
22803 356
22791 334
22781 310
22776 286
22778 266
22783 254
22791 252
22808 254
22827 261
22852 269
22874 281
22893 298
22910 320
22930 344
22947 371
22964 395
22973 412
22971 415
22966 408
22959 393
22949 373
22934 347
22917 317
22905 288
22900 266
22903 249
22910 242
22917 244
22927 252
22942 259
22954 269
22969 283
22986 305
23005 330
23025 356
23044 378
23051 386
23049 378
23039 364
23032 344
23022 322
23015 295
23010 276
23010 261
23015 259
23022 264
23034 269
23051 278
23069 291
23086 308
23103 330
23120 351
23139 373
23159 390
23171 395
23181 390
23178 381
23173 364
23164 344
23156 320
23149 298
23149 283
23151 269
23159 261
23176 254
23195 249
23220 247
23244 249
23266 254
23286 261
23305 273
23322 291
23334 315
23347 337
23361 359
23378 378
23393 390
23395 400
23390 405
23378 405
23359 400
23332 388
23305 371
23281 349
23261 322
23249 298
23239 273
23234 252
23237 234
23244 227
23254 232
23271 237
23290 247
23308 259
23325 276
23339 293
23351 310
23361 330
23366 349
23361 356
23356 351
23349 342
23334 327
23322 308
23310 288
23308 266
23312 249
23320 237
23332 234
23349 237
23366 239
23388 247
23412 259
23434 276
23461 300
23481 330
23503 366
23527 403
23546 437
23568 466
23581 488
23583 503
23578 508
23573 508
23566 500
23554 488
23539 473
23522 449
23505 417
23488 383
23473 347
23464 312
23459 286
23456 261
23459 242
23464 225
23476 220
23495 217
23515 220
23537 222
23564 232
23588 244
23612 264
23634 286
23646 312
23656 339
23661 364
23659 383
23654 386
23646 381
23634 371
23617 356
23600 337
23585 315
23573 295
23568 273
23571 256
23573 239
23583 232
23595 232
23615 237
23642 242
23663 249
23688 264
23712 286
23737 310
23761 334
23781 359
23798 371
23807 376
23815 371
23820 364
23822 354
23822 339
23820 322
23815 300
23805 278
23795 256
23781 234
23768 222
23751 215
23734 217
23712 220
23693 225
23676 234
23668 247
23671 256
23676 264
23688 269
23705 269
23732 271
23761 276
23793 283
.PEN_UP
.PEN_DOWN
23461 417
23473 422
23493 427
23515 427
23527 429
23573 437
23598 439
23622 444
.PEN_UP
.PEN_DOWN
22910 573
22913 578
22915 583
22920 586
22925 586
.PEN_UP
.PEN_DOWN
22588 427
22608 429
22627 434
22642 437
22674 444
22759 461
.PEN_UP
.PEN_DOWN
23966 264
23966 269
23968 278
23973 283
23978 288
.PEN_UP
