

.STYLE CURSIVE
.COMMENT previously: .WRITER_ID dsfr.934
.WRITER_ID dsf
.HAND R
.SEX F

.PEN_DOWN
83 560
83 555
83 550
78 546
78 541
76 521
73 511
71 504
71 499
71 502
76 509
83 521
98 543
115 572
134 609
156 645
176 682
195 716
210 745
222 770
229 789
229 797
224 792
217 780
207 760
195 731
181 694
166 655
154 619
144 585
137 555
134 531
134 511
137 497
144 489
154 489
166 494
183 504
198 516
215 533
232 558
246 582
256 614
266 643
276 677
281 714
288 750
290 784
290 814
288 838
283 860
278 880
264 901
249 921
232 936
215 950
198 958
185 965
173 967
156 965
139 962
120 955
100 943
83 926
68 909
56 887
47 862
32 833
20 802
12 772
5 743
0 714
0 684
0 658
3 633
7 614
15 594
22 577
34 563
47 553
64 548
88 546
110 543
137 543
161 546
185 548
212 555
237 570
261 585
285 604
305 621
324 641
342 658
354 677
361 694
361 709
356 719
346 719
334 714
322 706
307 694
295 677
283 655
271 628
259 602
249 575
246 550
251 528
259 509
268 499
283 492
300 494
320 499
337 509
356 521
376 543
398 570
422 599
441 626
459 650
471 667
481 672
478 663
473 645
466 621
456 589
449 555
441 528
437 507
437 494
441 502
449 514
461 536
476 565
502 604
532 648
559 684
585 721
605 743
617 745
619 733
615 716
607 692
595 660
580 621
561 585
544 550
529 524
524 504
529 492
534 497
541 504
549 516
563 536
578 560
598 589
617 624
637 658
659 687
678 714
700 731
719 738
732 733
729 721
722 702
717 680
707 653
695 624
683 599
671 575
661 550
656 531
659 519
663 511
671 514
676 519
683 526
690 536
698 546
707 558
717 567
732 577
746 587
761 599
776 616
790 633
802 653
817 672
829 694
836 711
834 716
829 711
819 702
807 684
795 667
780 638
766 606
754 577
749 550
746 526
749 509
756 497
766 489
778 492
790 499
807 511
819 528
832 550
839 580
846 616
854 650
858 684
863 711
861 731
856 738
846 733
834 726
817 714
800 697
785 675
773 653
766 631
766 611
768 592
776 580
785 572
807 577
832 585
861 599
890 619
915 641
936 667
958 692
978 711
993 723
997 721
995 714
990 702
985 687
980 672
983 660
985 663
988 670
990 680
990 694
993 711
990 728
983 736
973 733
956 723
939 706
922 682
907 650
895 619
888 587
885 563
888 541
893 524
900 511
915 504
934 507
956 514
980 528
1005 548
1027 575
1049 609
1068 643
1090 677
1105 711
1110 731
1107 733
1102 721
1093 704
1080 682
1071 653
1058 621
1051 589
1044 560
1039 533
1039 519
1039 519
1039 524
1041 536
1049 558
1061 587
1078 624
1097 655
1114 684
1132 702
1146 702
1153 692
1158 680
1158 663
1158 643
1161 626
1168 611
1180 604
1192 602
1210 606
1227 614
1246 624
1266 638
1285 655
1302 672
1312 692
1314 704
1310 711
1300 714
1288 711
1268 704
1244 689
1217 670
1190 643
1166 614
1144 585
1134 558
1129 531
1132 514
1139 502
1151 494
1166 497
1183 502
1200 514
1219 533
1241 560
1261 594
1275 628
1285 653
1283 663
1278 655
1268 641
1256 624
1239 597
1224 567
1214 541
1210 516
1212 502
1222 494
1231 499
1246 507
1270 524
1297 548
1327 577
1356 616
1383 660
1407 709
1434 755
1456 797
1473 831
1473 848
1466 848
1456 838
1444 821
1427 792
1407 755
1388 706
1368 658
1351 611
1341 572
1336 538
1336 511
1339 497
1346 487
1358 492
1373 502
1390 516
1407 538
1424 567
1446 604
1470 643
1497 677
1522 709
1541 733
1558 743
1568 743
1570 731
1568 709
1561 675
1551 638
1539 599
1527 565
1512 538
1500 511
1487 494
1473 480
1458 480
1446 487
1436 499
1431 516
1431 538
1434 563
1439 587
1446 604
1453 611
1458 609
1463 599
1466 585
1466 567
1468 548
1470 528
1478 516
1490 511
1507 511
1529 519
1556 528
1585 543
1619 565
1648 592
1673 624
1695 655
1707 682
1707 704
.PEN_UP
.PEN_DOWN
1302 760
1310 760
1314 763
1324 765
1334 767
1405 777
1434 784
.PEN_UP
.PEN_DOWN
2021 609
2021 614
2021 619
2021 624
2021 628
2039 675
2046 694
2053 714
2058 733
2056 743
2051 745
2041 743
2029 736
2012 721
1990 699
1970 670
1948 636
1931 604
1922 570
1919 546
1922 526
1929 514
1941 507
1956 509
1980 514
2007 524
2036 541
2063 560
2087 587
2109 614
2131 641
2151 665
2163 689
2163 702
2160 702
2151 697
2139 682
2119 655
2097 624
2075 585
2058 548
2051 516
2053 492
2063 480
2075 480
2095 485
2117 497
2139 519
2163 548
2182 582
2199 614
2212 645
2214 677
2209 702
2202 716
2190 714
2173 706
2151 692
2129 670
2112 648
2099 624
2099 604
2107 592
2117 585
2141 589
2168 599
2204 616
2243 641
2275 672
2302 697
2324 711
2334 706
2329 694
2321 667
2307 628
2290 585
2270 541
2248 507
2236 480
2234 468
2238 470
2251 482
2270 504
2295 536
2329 575
2360 619
2392 658
2421 692
2441 714
2448 714
2446 702
2438 680
2424 645
2404 609
2380 570
2356 536
2338 509
2331 485
2336 475
2343 475
2356 489
2377 509
2404 538
2434 570
2465 606
2497 641
2526 670
2543 680
2546 665
2536 645
2521 621
2502 589
2480 558
2460 526
2448 502
2446 482
2451 470
2460 465
2473 468
2492 477
2519 497
2548 524
2580 563
2612 602
2638 638
2660 672
2675 687
2670 675
2655 655
2636 624
2614 585
2587 531
2560 470
2533 404
2507 343
2482 287
2463 246
2451 221
2451 216
2455 229
2463 255
2475 290
2497 346
2531 421
2575 504
2619 585
2660 653
2694 704
2721 736
2743 743
2748 728
2741 704
2731 670
2721 628
2702 585
2680 546
2658 514
2633 489
2612 472
2592 465
2575 472
2565 480
2560 492
2560 509
2563 526
2570 538
2577 541
2587 533
2602 526
2614 516
2631 509
2651 509
2672 511
2699 516
2729 528
2755 546
2782 572
2811 604
2833 641
2855 682
2877 723
2899 763
2911 797
2916 821
2911 831
2904 823
2892 811
2872 789
2848 760
2821 716
2797 670
2772 621
2753 577
2738 541
2729 511
2733 489
2741 475
2755 477
2777 485
2807 492
2838 509
2872 533
2907 565
2938 599
2967 628
2992 653
2999 672
2997 682
2989 677
2977 672
2963 663
2948 658
2928 650
2909 643
2892 628
2872 606
2855 582
2838 555
2826 533
2821 511
2824 497
2831 489
2846 494
2863 502
2887 514
2911 531
2931 560
2955 592
2975 626
2994 655
3007 680
3009 692
3002 684
2989 667
2970 645
2948 619
2924 589
2904 563
2894 541
2892 521
2897 507
2907 502
2924 504
2948 514
2972 526
2999 546
3026 575
3050 609
3077 643
3104 675
3119 697
3121 702
3114 692
3099 672
3080 645
3055 611
3031 577
3011 546
2999 519
2994 497
2999 485
3011 485
3028 492
3050 502
3080 519
3109 541
3141 572
3175 606
3204 641
3228 670
3241 684
3238 680
3226 665
3211 641
3192 611
3170 580
3150 548
3133 524
3124 502
3124 485
3131 477
3141 482
3158 494
3177 514
3204 538
3236 572
3267 611
3297 645
3323 675
3341 689
3341 684
3333 672
3323 653
3309 626
3289 597
3272 570
3260 546
3255 526
3258 509
3265 499
3275 499
3294 504
3319 511
3348 521
3377 543
3406 570
3431 602
3453 636
3472 665
3482 687
3480 697
3470 697
3455 687
3436 670
3411 648
3387 621
3365 594
3355 570
3355 548
3358 528
3365 511
3380 499
3399 492
3431 489
3465 492
3501 497
3538 509
3572 531
3606 560
3636 594
3660 626
3670 658
3665 680
3648 684
3623 680
3594 663
3558 645
3526 616
3499 587
3477 558
3465 531
3465 509
3472 489
3487 477
3509 480
3533 487
3560 499
3592 521
3619 553
3648 594
3682 643
3716 694
3748 745
3775 787
3789 821
3789 836
3787 833
3782 828
3772 819
3762 809
3745 784
3726 758
3701 721
3672 675
3645 631
3626 592
3616 558
3619 533
3628 519
3645 507
3670 507
3701 511
3738 521
3772 541
3809 565
3838 599
3865 633
3882 663
.PEN_UP
.PEN_DOWN
3187 819
3192 828
3199 838
3209 848
3219 858
3236 892
.PEN_UP
.PEN_DOWN
4204 826
4206 831
4206 836
4206 841
4201 841
4174 816
4160 789
4135 753
4111 711
4087 665
4065 624
4053 587
4048 555
4048 531
4053 514
4060 509
4074 511
4094 519
4121 533
4150 558
4179 592
4211 633
4243 677
4277 726
4306 772
4328 814
4345 845
4345 862
4338 858
4326 845
4309 823
4284 789
4255 745
4228 697
4196 648
4167 602
4143 560
4123 526
4116 499
4121 487
4135 494
4160 507
4189 528
4228 558
4267 599
4304 643
4335 680
4362 711
4374 728
4377 721
4367 706
4352 684
4335 655
4313 624
4291 589
4274 560
4265 536
4260 514
4265 499
4277 489
4294 489
4321 494
4352 502
4382 516
4411 541
4440 567
4465 597
4487 626
4494 650
4491 663
4479 663
4460 658
4438 643
4413 626
4387 602
4365 575
4345 548
4328 524
4323 504
4328 494
4343 494
4357 502
4379 511
4406 528
4428 553
4452 582
4477 611
4496 638
4504 658
4501 667
4494 663
4482 645
4460 624
4435 594
4411 563
4396 538
4389 514
4389 497
4394 485
4408 482
4430 487
4457 497
4491 509
4523 533
4555 565
4591 604
4628 648
4667 694
4704 741
4730 782
4755 816
4762 841
4757 855
4752 855
4745 850
4730 841
4708 821
4679 787
4645 745
4611 697
4582 648
4560 606
4550 570
4547 541
4552 519
4567 499
4591 485
4618 480
4650 482
4679 487
4704 499
.PEN_UP
.PEN_DOWN
4484 658
4472 658
4482 658
4487 658
4513 658
4604 665
4635 670
4677 675
4728 682
.PEN_UP
.PEN_DOWN
3901 687
3911 687
3931 687
3945 687
3972 687
4067 699
4118 706
.PEN_UP
.PEN_DOWN
5203 826
5198 826
5194 826
5189 823
5181 816
5116 731
5094 694
5069 655
5042 614
5018 572
4996 536
4994 509
5003 492
5016 487
5033 492
5059 502
5089 521
5118 548
5147 582
5177 624
5211 667
5245 711
5276 760
5308 799
5330 833
5337 853
5333 858
5323 850
5308 838
5289 814
5264 782
5235 736
5206 687
5177 636
5150 587
5135 548
5128 519
5133 504
5142 509
5152 516
5169 528
5189 550
5213 580
5245 616
5279 658
5313 694
5342 721
5347 728
5340 714
5330 694
5316 670
5296 641
5274 606
5252 575
5242 548
5247 524
5255 507
5269 499
5291 504
5318 511
5355 524
5389 543
5423 567
5454 599
5481 631
5491 660
5486 680
5479 684
5459 680
5435 665
5408 645
5381 621
5359 592
5350 567
5347 543
5352 526
5364 511
5384 504
5411 502
5447 502
5479 504
5508 509
.PEN_UP
.PEN_DOWN
4930 702
4942 702
4960 702
4977 702
4994 702
5086 709
5125 714
5174 721
5230 731
5291 738
5340 743
5376 745
5401 745
5408 745
.PEN_UP
.PEN_DOWN
5843 834
5838 826
5833 817
5828 807
5828 797
5808 704
5799 665
5787 619
5772 568
5760 514
5748 473
5745 439
5748 417
5757 405
5774 407
5796 414
5823 429
5852 456
5882 490
5906 529
5928 565
5947 602
5957 634
5965 665
5965 680
5962 668
5960 656
5955 634
5947 604
5940 565
5930 524
5923 487
5918 458
5913 439
5911 439
5913 451
5916 468
5923 495
5935 526
5955 563
5974 600
5991 629
6006 653
6021 661
6028 658
6033 646
6035 629
6035 604
6035 580
6038 558
6045 546
6055 541
6072 544
6091 548
6111 556
6133 570
6150 585
6167 602
6182 617
6191 631
6194 641
6191 656
6191 668
6186 678
6177 675
6164 670
6147 658
6125 639
6106 612
6086 575
6072 544
6060 514
6052 487
6055 468
6060 458
6069 463
6082 470
6099 490
6121 512
6140 541
6157 573
6174 604
6184 629
6191 648
6186 653
6179 646
6172 631
6162 607
6147 578
6138 546
6130 517
6128 495
6133 478
6142 468
6155 473
6172 478
6191 492
6208 509
6230 531
6247 558
6264 587
6279 614
6291 641
6296 661
6299 665
6296 661
6291 646
6284 622
6274 595
6264 561
6257 534
6252 509
6255 492
6262 483
6272 480
6286 485
6303 497
6320 517
6342 541
6362 570
6381 597
6399 622
6406 639
6408 644
6406 636
6401 619
6394 597
6381 568
6369 529
6357 497
6347 470
6350 453
6355 453
6364 461
6377 475
6396 500
6418 531
6442 568
6464 602
6484 626
6494 639
6496 634
6491 617
6481 592
6472 565
6457 531
6445 505
6442 480
6440 458
6442 444
6447 434
6455 434
6467 436
6479 441
6494 453
6506 466
6520 485
6535 507
6552 529
6569 556
6586 583
6598 607
6606 629
6606 644
6606 648
6603 646
6601 639
6598 629
6591 612
6584 585
6574 558
6564 526
6557 502
6552 480
6550 461
6550 446
6555 436
6562 434
6574 436
6589 444
6608 458
6628 480
6650 507
6669 539
6689 568
6701 597
6711 624
6718 644
6723 653
6725 648
6720 639
6715 617
6708 587
6696 553
6686 519
6674 490
6669 466
6669 453
6676 456
6686 468
6701 483
6723 509
6745 539
6764 573
6781 602
6794 624
6798 626
6794 617
6789 597
6781 573
6772 544
6762 509
6754 485
6752 466
6752 451
6759 441
6767 439
6781 441
6798 448
6818 458
6842 473
6864 492
6889 514
6911 539
6930 563
6945 587
6950 609
6945 626
6937 634
6928 629
6911 619
6891 604
6869 585
6850 561
6840 539
6833 517
6833 495
6840 478
6850 466
6864 466
6884 470
6906 480
6925 492
6945 507
6957 524
6964 529
6964 522
6959 509
6950 485
6940 451
6928 402
6915 346
6906 292
6896 244
6886 200
6872 163
6854 129
6828 105
6801 93
6772 90
6747 97
6728 107
6713 132
6711 171
6715 219
6728 275
6750 327
6779 373
6815 417
6859 456
6906 492
6954 522
7006 551
7050 573
7081 590
.PEN_UP
.PEN_DOWN
6657 768
6662 770
6669 778
6676 782
6684 790
.PEN_UP
.PEN_DOWN
6442 780
6445 795
6447 804
6447 814
6447 824
.PEN_UP
.PEN_DOWN
5682 639
5704 639
5721 641
5750 646
5774 656
5884 687
.PEN_UP
.PEN_DOWN
7223 673
7225 680
7228 670
7228 661
7228 644
7220 561
7215 539
7210 514
7203 487
7203 463
7206 458
7213 468
7220 485
7237 509
7257 541
7281 580
7306 619
7327 656
7342 683
7345 687
7340 678
7335 658
7327 631
7318 602
7310 568
7308 536
7310 514
7315 495
7325 485
7340 490
7359 500
7376 512
7396 529
7413 553
7430 580
7445 609
7457 636
7464 663
7469 687
7469 704
7464 709
7459 702
7452 695
7447 683
7442 668
7445 651
7449 636
7459 624
7474 617
7496 609
7518 607
7542 609
7566 612
7588 619
7610 626
7625 639
7635 651
7635 665
7627 675
7618 683
7603 680
7586 673
7564 661
7540 639
7513 609
7488 573
7466 536
7449 505
7447 480
7452 468
7462 466
7479 473
7501 485
7530 507
7557 534
7581 563
7603 592
7618 619
7630 644
7627 661
7620 661
7610 653
7596 641
7581 619
7564 590
7549 556
7540 526
7537 502
7540 480
7544 468
7554 463
7566 468
7591 480
7618 500
7649 524
7681 553
7708 583
7727 612
7744 639
7754 663
7752 683
7744 687
7732 683
7715 670
7693 656
7669 631
7644 602
7625 573
7610 546
7605 522
7610 505
7620 497
7635 502
7657 512
7683 524
7708 541
7730 561
7744 583
7752 595
7754 592
7752 580
7744 556
7730 514
7715 466
7698 409
7681 356
7666 307
7649 261
7635 224
7618 195
7601 173
7581 161
7569 166
7564 178
7569 205
7579 239
7596 283
7622 336
7657 388
7696 441
7735 495
7769 544
7800 585
7830 619
7854 646
7866 663
7866 668
7861 668
7854 663
7842 658
7827 651
7813 639
7798 624
7783 607
7766 585
7754 563
7749 539
7749 512
7754 487
7764 468
7783 456
7813 456
7844 458
7879 470
7910 487
7937 507
7964 531
7981 553
.PEN_UP
.PEN_DOWN
8266 636
8261 626
8256 619
8249 609
8244 580
8225 505
8217 483
8213 463
8213 444
8215 427
8225 424
8234 431
8252 439
8269 451
8286 470
8303 492
8317 522
8334 556
8352 587
8364 619
8369 636
8366 636
8359 622
8349 600
8337 570
8327 539
8315 505
8310 475
8308 451
8310 431
8317 422
8332 427
8354 436
8378 453
8405 475
8427 505
8449 534
8466 561
8478 590
8488 614
8486 634
8483 644
8476 641
8469 631
8461 622
8456 609
8459 597
8466 590
8478 583
8498 580
8525 583
8556 587
8590 595
8615 604
8634 617
8644 629
8644 641
8637 651
8625 651
8608 646
8586 634
8559 614
8532 587
8508 553
8486 519
8471 490
8461 466
8466 446
8471 431
8481 429
8495 434
8517 448
8544 468
8571 495
8593 526
8615 561
8632 592
8644 619
8642 641
8634 641
8625 626
8608 607
8590 580
8569 551
8551 517
8539 490
8532 466
8537 446
8547 436
8559 439
8578 446
8603 458
8627 478
8651 500
8671 531
8693 563
8715 600
8734 634
8754 663
8771 690
8788 702
8803 704
8807 700
8803 683
8795 656
8788 617
8778 573
8764 531
8749 495
8734 466
8717 444
8703 434
8688 439
8676 446
8666 458
8661 470
8656 485
8659 497
8666 507
8681 512
8710 512
8747 514
8790 519
.PEN_UP
.PEN_DOWN
9280 587
9283 595
9283 600
9283 607
9285 617
9285 644
9280 653
9276 663
9259 665
9234 658
9200 639
9163 607
9129 570
9107 529
9095 495
9098 470
9105 453
9122 456
9146 468
9173 485
9202 509
9229 539
9251 568
9273 597
9283 622
9283 629
9273 622
9259 602
9241 575
9220 546
9202 512
9198 485
9202 463
9217 451
9234 451
9263 458
9298 470
9327 492
.PEN_UP
.PEN_DOWN
9763 658
9768 670
9768 680
9771 690
9771 700
9773 707
9768 695
9761 670
9741 629
9719 585
9697 539
9678 502
9671 478
9675 468
9685 473
9702 485
9724 509
9754 541
9783 580
9812 619
9836 653
9853 683
9853 695
9846 687
9834 668
9814 639
9795 609
9775 573
9763 546
9761 524
9763 502
9771 487
9783 480
9805 485
9832 492
9858 505
9885 524
9907 548
9929 580
9949 612
9963 641
9971 670
9968 690
9966 700
9956 695
9949 687
9939 675
9931 663
9931 648
9934 639
9941 629
9953 626
9971 624
9997 624
10027 626
10053 629
10080 639
10100 648
10114 663
10119 673
10114 680
10107 683
10095 683
10073 675
10046 658
10012 631
9978 597
9951 561
9929 531
9919 507
9919 485
9927 468
9941 463
9966 468
9990 480
10017 497
10041 519
10063 551
10085 583
10105 612
10117 636
10112 646
10105 641
10095 636
10078 622
10058 602
10034 573
10014 544
10000 517
9992 492
9992 475
9995 463
10002 461
10019 463
10041 470
10066 485
10092 507
10117 536
10144 570
10170 600
10192 626
10205 646
10205 648
10197 644
10183 631
10163 614
10139 587
10114 556
10097 526
10095 502
10100 483
10109 473
10124 473
10148 478
10178 492
10209 509
10239 536
10263 568
10290 602
10312 634
10331 663
10341 683
10339 687
10334 683
10324 668
10312 641
10292 602
10273 548
10246 490
10219 427
10197 363
10175 302
10156 251
10134 210
10109 178
10085 153
10061 141
10039 146
10014 153
9990 163
9973 178
9966 205
9975 239
9992 280
10022 324
10063 366
10117 405
10173 441
10222 473
10266 497
.PEN_UP
.PEN_DOWN
10609 668
10609 675
10609 680
10609 685
10604 680
10553 607
10534 580
10519 553
10507 524
10495 495
10495 478
10497 470
10507 475
10524 490
10548 507
10575 531
10597 565
10614 600
10624 634
10626 663
10624 685
10617 692
10607 690
10590 678
10570 661
10556 639
10548 614
10551 597
10561 585
10583 585
10607 590
10639 600
10675 617
10702 641
10729 675
10756 712
10778 751
10802 787
10819 821
10826 843
10821 851
10807 841
10785 817
10760 785
10724 736
10692 675
10656 604
10619 529
10585 456
10548 388
10519 331
10500 285
10485 249
10485 224
10492 210
10500 207
10512 214
10526 224
10548 244
10575 268
10597 305
10617 344
10626 388
10631 431
10631 468
10626 500
10617 519
10604 529
10592 524
10585 519
10587 509
.PEN_UP
.PEN_DOWN
11075 539
11075 548
11077 558
11080 568
11085 578
11092 612
11095 622
11090 636
11085 653
11075 665
11060 665
11038 656
11007 636
10975 607
10946 570
10919 531
10899 500
10882 473
10882 456
10890 444
10902 446
10921 451
10946 463
10975 485
11007 512
11036 544
11058 575
11080 602
11090 624
11090 631
11082 626
11068 612
11048 587
11019 556
10992 519
10973 487
10960 461
10963 441
10968 429
10982 429
11007 441
11041 458
11077 483
11119 517
11160 558
11207 602
11251 651
11290 700
11321 743
11341 778
11348 802
11341 812
11324 807
11304 790
11277 768
11241 739
11214 695
11185 651
11160 607
11138 565
11121 531
11124 502
11134 483
11148 470
11175 478
11207 490
11248 507
11292 531
11331 563
11375 602
11416 644
11451 685
11482 722
11497 753
11494 775
11490 787
11480 787
11463 780
11438 768
11407 743
11380 714
11346 678
11309 639
11280 602
11253 568
11238 536
11241 512
11248 490
11260 475
11277 468
11302 470
11336 480
11370 490
11409 500
11448 517
11485 536
11521 558
11550 580
11570 602
11575 619
11570 634
11560 641
11550 644
11538 644
11521 644
11507 639
11490 629
11472 612
11453 587
11436 561
11424 534
11419 509
11421 487
11426 470
11438 463
11458 463
11482 468
11509 478
11536 490
11555 512
11577 536
11597 568
11604 597
11599 624
11592 639
11575 644
11553 641
11529 636
11502 629
11475 619
11453 607
11436 590
11431 575
11436 561
11443 548
11463 541
11485 544
11516 548
11548 558
11577 570
11611 585
11638 604
11665 624
11689 646
11704 665
11711 675
11709 673
11702 665
11689 656
11677 639
11658 617
11641 590
11626 565
11609 541
11599 517
11589 495
11580 473
11582 458
11589 456
11602 461
11621 466
11646 475
11675 487
11704 512
11731 539
11758 570
11782 600
11799 624
11809 639
11806 644
11799 639
11789 629
11777 619
11760 602
11741 578
11724 551
11707 526
11694 502
11687 483
11685 463
11687 446
11697 434
11709 431
11724 436
11741 444
11758 456
11777 473
11797 497
11819 526
11841 558
11863 590
11880 619
11887 641
11882 658
11875 661
11870 658
11865 653
11858 646
11850 636
11846 624
11841 607
11846 592
11860 583
11880 575
11902 573
11926 575
11943 583
11958 592
11972 607
11987 626
11997 644
11994 653
11989 648
11975 636
11955 619
11933 597
11906 570
11892 541
11880 519
11875 500
11880 485
11887 480
11897 475
11914 478
11938 480
11963 487
11992 500
12019 517
12041 541
12065 565
12087 590
12094 604
12087 602
12077 595
12058 580
12038 563
12016 539
11997 517
11989 495
11992 480
11997 473
12004 473
12021 478
12045 487
12072 500
12104 519
12136 544
12165 568
12192 592
12199 600
12189 595
12180 585
12162 573
12143 556
12126 536
12111 514
12109 497
12114 480
12121 470
12133 466
12153 463
12180 463
12211 463
12240 470
12275 480
12301 500
12326 524
12343 551
12353 578
12358 597
12353 612
12343 617
12331 617
12311 609
12292 602
12270 587
12253 573
12240 556
12231 539
12228 524
12233 509
12240 500
12248 492
12260 490
12275 490
12289 492
12309 497
12326 502
12336 500
12333 495
12328 483
12319 466
12314 441
12304 405
12294 363
12282 319
12260 270
12240 219
12216 173
12189 134
12165 102
12143 78
12126 61
12111 56
12094 61
12077 73
12063 93
12055 119
12060 151
12067 188
12082 224
12106 261
12143 297
12187 329
12233 358
12284 380
12336 402
12392 422
12445 441
12492 458
12531 473
12555 487
12572 502
12577 514
12575 526
12570 539
.PEN_UP
.PEN_DOWN
12106 768
12116 773
12121 778
12128 782
12138 790
12162 802
12165 807
.PEN_UP
.PEN_DOWN
12725 399
12725 391
12727 387
12730 382
12732 377
12757 374
12771 379
12791 391
12810 413
12835 445
12857 482
12879 518
12898 552
12913 584
12923 613
12930 638
12932 660
12927 672
12923 669
12913 660
12903 645
12888 621
12871 586
12854 547
12837 508
12827 472
12825 440
12827 416
12835 401
12849 404
12866 413
12893 430
12920 457
12947 486
12974 521
12998 552
13018 582
13037 608
13047 621
13044 616
13040 606
13030 586
13018 562
13008 533
12996 504
12991 482
12993 474
13001 482
13010 496
13025 513
13049 538
13074 569
13096 596
13120 623
13137 640
13149 638
13152 625
13149 604
13144 574
13135 538
13120 499
13108 465
13098 438
13101 421
13105 423
13115 433
13130 450
13144 474
13164 506
13186 540
13205 572
13227 601
13244 625
13257 643
13264 640
13261 628
13257 613
13252 589
13244 565
13235 535
13227 508
13222 484
13222 462
13227 445
13232 435
13242 435
13252 440
13266 447
13281 465
13298 486
13315 516
13332 547
13349 579
13361 606
13371 630
13369 640
13364 635
13361 623
13354 596
13344 555
13332 496
13318 433
13298 369
13279 313
13261 265
13244 223
13235 196
13230 184
13227 189
13227 201
13230 228
13237 272
13249 328
13269 394
13296 465
13322 526
13349 579
13374 621
13396 645
13413 652
13427 647
13435 630
13432 606
13427 577
13418 538
13405 506
13391 477
13374 452
13359 433
13344 421
13332 416
13322 421
13315 426
13313 430
13318 438
13327 443
13339 443
13354 440
13378 440
13403 445
13432 455
13461 469
13488 491
13513 516
13532 543
13547 574
13556 604
13561 635
13564 669
13566 706
13571 740
13574 769
13574 791
13571 796
13564 789
13556 772
13547 747
13532 711
13517 664
13503 616
13488 567
13476 521
13466 477
13461 443
13464 416
13466 399
13476 394
13488 399
13505 408
13527 426
13552 450
13576 482
13600 513
13625 540
13644 567
13654 586
13654 604
13649 611
13642 606
13632 601
13620 589
13603 572
13586 545
13569 513
13556 482
13549 455
13554 430
13559 416
13569 404
13581 401
13595 408
13615 418
13635 433
13659 457
13681 484
13695 518
13708 552
13708 584
13703 611
13695 630
13683 640
13669 635
13654 625
13639 608
13622 589
13608 567
13598 545
13600 526
13605 513
13615 506
13627 504
13642 508
13659 516
13678 526
13700 540
13725 560
13752 582
13773 604
13788 625
13795 640
13795 633
13788 621
13778 599
13766 569
13752 535
13737 499
13727 467
13720 443
13722 428
13730 426
13737 433
13749 443
13764 460
13781 484
13798 513
13820 543
13839 567
13854 584
13859 589
13854 584
13844 572
13832 552
13817 521
13805 479
13795 433
13786 387
13778 340
13769 296
13759 257
13749 221
13739 189
13730 162
13715 140
13698 121
13676 109
13656 109
13642 116
13642 133
13647 162
13656 196
13671 240
13698 287
13730 330
13766 379
13808 423
13844 462
13878 494
13908 521
13932 543
13947 560
13949 574
13944 582
13939 586
13930 589
13920 586
13903 582
13886 569
13869 550
13852 518
13834 484
13825 450
13822 421
13825 396
13832 379
13844 369
13861 369
13888 374
13920 389
13954 411
13988 440
14020 472
14047 506
14071 540
14088 572
14098 601
14095 621
14093 621
14088 611
14081 599
14069 579
14054 552
14039 521
14027 489
14017 460
14010 430
14003 406
14000 391
14003 391
14008 399
14015 406
14027 426
14042 452
14056 486
14073 523
14093 557
14108 586
14120 604
14125 601
14122 596
14120 584
14117 572
14117 550
14117 528
14122 508
14129 491
14144 484
14168 486
14193 491
14222 501
14247 511
14268 530
14290 555
14307 579
14322 606
14327 633
14327 647
14325 643
14320 628
14315 604
14307 569
14295 533
14286 494
14273 460
14266 430
14259 406
14251 391
14242 384
14229 384
14217 389
14205 399
14198 411
14195 428
14198 450
14200 472
14205 489
14210 491
14220 484
14227 474
14239 462
14261 450
14288 443
14322 445
14359 450
14393 460
14427 472
14454 489
14478 508
14493 530
14498 550
.PEN_UP
.PEN_DOWN
14954 821
14951 813
14944 801
14939 791
14932 781
14905 701
14895 667
14880 628
14866 584
14851 540
14841 506
14834 479
14837 465
14839 455
14844 447
14854 447
14863 447
14878 452
14893 465
14912 479
14929 496
14949 516
14966 538
14980 560
14995 579
15005 599
15015 613
15024 623
15032 633
15036 640
15034 643
15032 640
15024 635
15017 625
15007 606
14993 582
14980 555
14966 526
14956 496
14949 469
14949 445
14951 426
14961 421
14973 426
14995 433
15017 447
15044 467
15066 494
15078 521
15083 543
15080 565
15073 586
15063 604
15049 618
15032 625
15012 628
14995 628
.PEN_UP
.PEN_DOWN
14749 643
14759 643
14771 645
14802 650
14832 660
14915 689
14954 701
.PEN_UP
.PEN_DOWN
15414 472
15414 462
15414 452
15414 443
15414 433
15424 421
15436 421
15453 428
15473 443
15495 462
15519 491
15541 523
15561 555
15580 589
15595 618
15607 645
15609 662
15605 657
15597 643
15585 613
15570 569
15553 516
15534 452
15514 387
15492 326
15473 270
15456 223
15444 187
15434 167
15434 177
15439 191
15446 218
15458 260
15475 321
15502 396
15527 469
15553 538
15578 596
15597 635
15614 667
15627 682
15636 679
15644 667
15648 647
15648 616
15644 577
15639 535
15629 499
15619 465
15605 438
15590 418
15573 404
15553 401
15534 406
15519 413
15507 423
15507 435
15512 447
15519 457
15529 462
15544 467
15563 467
15588 467
15622 469
15661 477
15702 486
15741 501
15770 516
15797 535
15814 552
15824 569
15829 586
15826 604
15822 616
15809 623
15795 618
15775 611
15753 596
15729 572
15707 543
15683 501
15663 467
15651 438
15648 408
15656 394
15668 394
15687 401
15709 416
15736 435
15761 462
15780 491
15797 523
15812 552
15819 579
15819 591
15809 579
15797 560
15780 530
15763 501
15748 469
15739 443
15739 421
15744 406
15753 404
15766 411
15787 423
15809 440
15834 462
15858 491
15880 521
15900 550
15919 577
15926 596
15926 601
15922 596
15912 579
15900 560
15883 533
15865 504
15851 482
15839 457
15839 443
15844 430
15856 428
15873 435
15895 445
15919 462
15944 482
15963 508
15985 540
16004 567
16019 591
16026 606
16024 608
16019 601
16009 589
15995 572
15980 545
15963 513
15951 482
15939 447
15931 411
15924 377
15917 338
15909 301
15900 267
15887 233
15870 201
15848 172
15824 145
15800 123
15778 111
15756 113
15741 121
15731 135
15729 160
15734 196
15746 243
15773 289
15802 333
15839 367
15875 396
15907 418
15936 440
.PEN_UP
.PEN_DOWN
16182 435
16182 430
16182 426
16185 418
16192 418
16226 440
16241 460
16263 486
16292 521
16324 565
16356 608
16385 655
16407 696
16426 730
16438 762
16441 786
16438 801
16431 806
16424 803
16414 799
16404 791
16399 781
16392 769
16382 750
16365 723
16343 689
16321 647
16299 601
16278 555
16265 511
16256 472
16251 438
16251 411
16251 391
16258 379
16268 382
16290 389
16317 404
16348 426
16380 450
16409 479
16434 508
16456 535
16473 562
16485 586
16487 608
16482 621
16475 623
16465 616
16453 608
16436 596
16421 579
16404 552
16387 523
16373 489
16360 460
16356 435
16358 416
16365 404
16375 404
16397 411
16426 421
16456 440
16485 462
16512 491
16534 526
16558 557
16580 586
16597 608
16612 616
16614 611
16612 601
16602 582
16592 555
16580 523
16565 491
16546 465
16524 440
16502 418
16480 401
16463 391
16453 396
16446 404
16448 413
16451 428
16458 450
16468 472
16477 494
16487 506
16497 504
16502 499
16504 489
16507 474
16507 457
16507 438
16507 418
16514 406
16524 399
16543 404
16565 411
16592 421
16619 438
16646 465
16670 494
16692 530
16716 567
16741 599
16758 625
16770 638
16770 633
16768 623
16760 601
16751 574
16738 543
16724 508
16709 479
16690 452
16670 430
16648 411
16629 401
16614 404
16604 408
16597 418
16597 430
16599 445
16602 462
16609 477
16619 486
16634 486
16643 482
16653 474
16663 462
16677 447
16697 438
16724 433
16755 435
16790 443
16824 452
16853 465
.PEN_UP
.PEN_DOWN
17341 745
17341 755
17341 764
17341 772
17343 777
17326 764
17319 745
17304 713
17285 672
17255 621
17228 567
17202 521
17180 477
17167 443
17163 416
17165 396
17170 387
17180 387
17199 394
17221 408
17250 433
17282 462
17309 501
17345 540
17380 584
17409 628
17441 672
17460 706
17470 730
17470 747
17465 742
17455 733
17436 708
17414 669
17384 621
17353 569
17326 521
17302 477
17285 443
17277 416
17282 404
17292 408
17306 418
17324 433
17348 452
17380 479
17414 511
17448 543
17475 572
17494 594
17499 599
17499 591
17492 577
17480 555
17463 528
17445 499
17431 472
17421 452
17421 435
17426 421
17436 411
17450 411
17472 416
17502 423
17533 435
17560 452
17589 477
17614 504
17633 530
17645 555
17648 577
17643 589
17633 594
17619 589
17599 579
17577 565
17555 545
17531 521
17506 496
17487 472
17470 452
17467 433
17472 421
17480 416
17492 416
17511 421
17536 430
17558 445
17582 462
17599 484
17619 506
17641 530
17658 552
17665 562
17658 555
17643 543
17626 523
17606 504
17584 477
17570 452
17560 430
17565 416
17575 408
17594 413
17616 418
17645 430
17677 445
17706 469
17736 494
17765 526
17789 552
17811 574
17821 591
17819 591
17811 584
17801 569
17784 547
17760 518
17731 482
17701 447
17680 418
17672 394
17677 387
17689 391
17704 399
17723 411
17750 428
17777 450
17809 477
17840 506
17872 533
17897 547
17899 543
17892 533
17882 518
17870 501
17858 479
17853 460
17858 443
17870 430
17889 426
17916 423
17953 423
17994 428
18031 435
18067 452
.PEN_UP
.PEN_DOWN
17072 584
17082 584
17092 589
17114 594
17138 599
17219 618
17248 623
17285 630
17326 638
17367 645
17399 652
17428 657
.PEN_UP
.PEN_DOWN
18472 774
18465 764
18455 755
18445 745
18426 728
18389 643
18370 604
18345 562
18323 521
18296 479
18287 445
18289 421
18296 406
18306 408
18326 416
18348 430
18374 450
18406 477
18435 508
18467 545
18496 582
18526 621
18557 660
18584 694
18611 723
18626 747
18633 764
18628 774
18623 772
18616 767
18601 747
18579 716
18550 672
18516 618
18479 562
18452 513
18430 472
18418 440
18421 423
18430 423
18440 428
18457 440
18477 460
18504 489
18533 521
18562 555
18589 586
18613 616
18628 630
18621 625
18611 613
18599 594
18584 569
18569 540
18555 513
18545 486
18540 467
18545 452
18552 443
18565 438
18587 438
18616 445
18647 455
18677 469
18704 489
18723 513
18745 540
18757 565
18760 589
18752 601
18743 601
18726 596
18706 584
18684 565
18665 540
18652 511
18650 484
18660 460
18674 443
18694 433
18718 423
18745 423
18769 426
18794 433
18813 440
18828 452
.PEN_UP
.PEN_DOWN
18165 621
18174 621
18196 625
18221 630
18248 630
18338 640
18384 645
18440 650
18504 652
.PEN_UP
.PEN_DOWN
19000 389
19005 389
19015 392
19025 397
19035 406
19064 450
19081 470
19100 497
19122 524
19147 553
19164 580
19176 602
19186 611
19186 602
19181 584
19176 553
19164 519
19154 475
19139 436
19132 404
19127 385
19132 380
19139 385
19149 402
19161 426
19178 458
19195 494
19215 528
19232 558
19244 582
19254 589
19254 580
19252 563
19244 538
19235 506
19222 470
19208 433
19198 404
19200 389
19205 389
19210 399
19220 414
19232 441
19254 472
19274 506
19295 541
19320 567
19334 582
19347 575
19347 560
19342 538
19334 514
19327 487
19322 458
19317 436
19313 414
19313 397
19317 385
19327 382
19339 385
19354 392
19369 404
19386 424
19408 450
19432 480
19456 506
19476 533
19486 558
19486 572
19481 575
19476 567
19469 555
19461 536
19454 504
19444 467
19432 428
19420 397
19412 372
19417 355
19425 350
19434 353
19447 365
19469 385
19491 409
19512 443
19539 480
19564 514
19583 543
19600 570
19612 587
19615 584
19612 575
19605 558
19593 531
19576 497
19561 463
19549 431
19544 406
19544 389
19549 392
19559 399
19571 411
19588 431
19608 458
19632 489
19654 519
19678 545
19695 558
19703 555
19698 545
19693 531
19683 504
19671 467
19659 433
19647 399
19644 380
19649 370
19656 370
19666 375
19681 382
19700 397
19717 416
19737 441
19754 470
19773 499
19795 531
19810 558
19822 580
19820 587
19817 582
19812 575
19805 558
19800 538
19793 511
19783 480
19773 453
19764 426
19759 406
19759 392
19764 382
19768 377
19778 380
19790 385
19807 392
19825 406
19844 428
19866 453
19888 482
19910 509
19929 533
19944 555
19951 567
19956 565
19954 553
19946 538
19937 511
19922 482
19907 453
19898 426
19890 404
19890 389
19895 394
19905 402
19920 416
19939 436
19961 463
19985 494
20010 524
20029 548
20046 563
20051 560
20049 550
20042 533
20032 506
20022 475
20007 441
19998 411
19990 392
19995 389
20000 397
20012 406
20024 426
20044 453
20064 482
20083 511
20105 541
20124 565
20139 580
20149 575
20149 560
20144 543
20137 521
20127 497
20117 472
20110 453
20110 436
20115 424
20122 416
20129 416
20142 419
20151 424
20161 431
20168 438
20178 448
20185 458
20193 470
20198 480
20205 489
20212 504
20220 519
20232 536
20246 553
20261 570
20271 580
20276 580
20273 572
20268 560
20259 541
20246 514
20232 485
20220 455
20212 428
20207 406
20207 385
20207 370
20215 363
20224 365
20239 370
20256 380
20273 394
20288 414
20300 438
20312 470
20327 504
20339 533
20351 563
20359 582
20361 587
20359 582
20356 572
20351 560
20344 543
20334 519
20324 494
20322 467
20322 450
20327 441
20334 436
20346 438
20361 448
20380 460
20400 477
20419 502
20437 524
20449 548
20458 565
20461 570
20461 563
20458 548
20451 526
20441 499
20427 465
20412 431
20398 402
20390 375
20385 360
20385 363
20390 370
20402 385
20422 404
20444 431
20473 465
20498 497
20522 526
20539 548
20551 553
20551 545
20546 531
20539 511
20529 485
20515 455
20498 428
20485 404
20476 385
20478 375
20483 380
20493 389
20507 406
20527 428
20551 455
20578 489
20605 521
20629 550
20651 572
20663 582
20663 577
20658 565
20646 545
20632 521
20615 487
20602 455
20595 431
20595 409
20600 394
20610 385
20629 385
20658 392
20697 404
20739 421
20773 443
20802 472
.PEN_UP
.PEN_DOWN
19810 719
19815 726
19817 733
19817 741
19817 750
.PEN_UP
.PEN_DOWN
19564 694
19564 699
19564 704
19564 711
19564 719
.PEN_UP
.PEN_DOWN
21231 594
21236 597
21236 592
21231 582
21224 563
21200 487
21192 467
21188 446
21185 426
21185 414
21190 416
21200 426
21217 446
21239 467
21266 497
21290 524
21309 548
21324 567
21331 572
21327 563
21317 545
21305 521
21292 492
21278 460
21270 433
21273 414
21280 406
21297 409
21317 419
21336 433
21361 453
21383 477
21405 504
21424 528
21441 550
21451 572
21453 592
21451 599
21446 599
21441 594
21434 584
21429 570
21431 553
21439 533
21448 516
21468 506
21495 502
21524 504
21551 511
21575 519
21595 531
21609 543
21614 555
21609 565
21602 575
21590 582
21575 584
21558 582
21534 572
21507 553
21478 524
21448 494
21429 463
21414 438
21417 421
21424 409
21436 406
21458 411
21485 421
21514 433
21544 453
21568 477
21590 502
21607 526
21614 548
21609 558
21600 555
21585 548
21568 533
21546 514
21526 489
21514 463
21509 441
21517 421
21529 409
21551 402
21578 406
21614 411
21651 426
21685 446
21717 465
21743 489
21765 514
21780 536
21782 558
21775 577
21763 594
21746 599
21726 597
21704 589
21690 577
21678 563
21663 545
21651 521
21641 497
21636 472
21641 455
21653 453
21673 458
21697 467
21724 482
21751 502
21773 526
21795 550
21804 565
21802 567
21797 560
21787 543
21778 516
21765 475
21748 426
21734 372
21717 316
21702 265
21685 214
21670 172
21658 138
21646 111
21631 97
21614 87
21600 90
21583 97
21573 111
21570 131
21575 163
21590 202
21614 241
21646 280
21685 316
21726 353
21765 387
21807 421
21846 455
21880 487
21907 516
21926 543
21938 567
21936 584
21929 594
21917 599
21902 597
21882 589
21860 575
21841 553
21824 526
21809 494
21800 460
21795 433
21800 406
21814 389
21836 382
21865 387
21904 394
21934 402
21958 414
.PEN_UP
.PEN_DOWN
22063 385
22063 375
22063 370
22063 360
22060 350
22029 316
22017 302
22002 287
.PEN_UP
.PEN_DOWN
22516 572
22516 580
22521 582
22519 577
22514 567
22492 506
22485 489
22475 467
22463 446
22448 424
22438 399
22441 392
22446 397
22455 406
22470 424
22492 446
22521 475
22548 504
22575 531
22592 553
22597 555
22592 543
22582 524
22570 499
22555 472
22543 443
22536 421
22536 404
22543 392
22555 397
22577 406
22602 426
22631 450
22653 475
22672 504
22687 531
22694 555
22699 577
22697 594
22689 602
22680 597
22670 592
22660 580
22655 567
22655 550
22660 538
22670 531
22685 533
22709 538
22736 548
22760 563
22785 582
22807 604
22833 628
22863 655
22889 682
22909 709
22919 731
22914 745
22904 743
22894 736
22882 723
22867 702
22843 662
22816 611
22782 550
22746 492
22719 441
22697 397
22682 365
22677 343
22680 336
22682 341
22689 350
22704 365
22724 387
22748 414
22780 448
22811 480
22841 509
22865 536
22880 545
22875 538
22867 524
22858 504
22846 480
22828 450
22811 424
22797 399
22789 380
22792 367
22799 363
22809 363
22828 367
22850 377
22877 392
22902 411
22921 438
22943 467
22965 497
22982 524
22989 545
22984 555
22977 550
22970 543
22958 526
22945 506
22931 480
22919 453
22911 426
22904 402
22902 382
22904 370
22911 363
22924 365
22945 372
22977 382
23011 399
23045 424
23082 455
23119 492
23155 531
23192 572
23221 609
23248 641
23265 670
23270 692
23272 714
23267 731
23260 743
23250 741
23236 733
23219 719
23197 697
23172 665
23150 628
23126 589
23111 553
23097 516
23089 482
23082 453
23080 428
23082 409
23092 399
23109 397
23133 402
23162 409
23194 421
23226 438
23253 463
23277 487
23297 514
23309 538
23304 553
23297 553
23280 545
23260 536
23238 519
23211 497
23189 467
23172 441
23165 414
23170 389
23182 370
23197 355
23223 348
23253 350
23280 358
23304 365
.PEN_UP
.PEN_DOWN
23041 684
23045 689
23055 694
23060 697
23070 702
.PEN_UP
.PEN_DOWN
23599 338
23604 348
23611 358
23621 367
23631 377
23679 421
23701 443
23733 472
23772 499
23806 528
23838 553
23857 565
23862 558
23855 541
23838 519
23816 487
23792 453
23762 416
23743 387
23733 363
23735 353
23748 358
23762 370
23782 385
23806 404
23838 431
23872 460
23904 487
23935 514
23960 538
23979 555
23996 558
23999 550
23994 536
23987 516
23979 492
23970 463
23952 438
23940 414
23926 394
23918 377
23921 365
23928 363
23938 363
23957 365
23982 370
24009 377
24035 387
24057 404
24074 426
24094 448
24113 475
24133 499
24143 524
24138 543
24133 558
24121 558
24104 550
24079 536
24055 514
24033 485
24016 453
24006 426
24006 404
24009 389
24021 377
24038 375
24067 377
24099 385
24130 397
24162 416
24189 446
24221 477
24245 509
24262 536
24274 560
24272 570
24265 565
24250 550
24228 531
24204 506
24182 480
24165 455
24157 433
24160 414
24172 404
24189 404
24211 411
24238 421
24265 436
24294 458
24323 485
24357 514
24382 541
24394 560
24386 565
24374 560
24355 545
24333 521
24308 494
24287 463
24269 436
24262 414
24267 397
24274 385
24294 382
24318 387
24352 397
24386 414
24416 433
24445 460
24472 489
24491 524
24508 555
24518 587
24523 614
24518 636
24511 650
.PEN_UP
.PEN_DOWN
24818 572
24811 572
24803 572
24794 567
24789 563
24742 485
24728 458
24716 433
24711 411
24713 389
24718 382
24733 387
24755 397
24786 411
24820 431
24847 455
24872 480
24891 506
24911 528
24923 550
24923 563
24916 560
24903 550
24889 536
24872 516
24852 492
24840 467
24835 443
24842 426
24855 414
24872 409
24894 409
24920 414
24945 424
24964 436
24986 455
25006 475
25025 502
25042 528
25055 555
25052 580
25047 597
25042 602
25045 599
25052 597
25064 592
25084 587
25106 584
25130 582
25142 582
25140 584
25133 584
25123 582
25103 575
25079 558
25050 533
25020 502
24994 467
24979 438
24979 411
24989 389
25003 377
25028 375
25052 380
25079 387
25106 402
25128 424
25150 450
25167 480
25176 509
25176 536
25169 558
25162 577
25147 587
25135 592
25120 587
25106 582
25094 572
25081 560
25074 548
25072 538
25076 528
25086 524
25101 521
25123 524
25147 528
25169 536
25194 548
25218 563
25240 575
25259 582
25262 577
25254 563
25242 541
25225 514
25208 485
25189 460
25172 436
25159 416
25152 406
25155 409
25159 416
25174 428
25194 448
25220 470
25250 497
25276 526
25301 550
25323 572
25340 587
25352 592
25352 592
25347 587
25342 582
25342 575
25347 567
25352 560
25362 555
25376 553
25393 555
25413 560
25432 570
25450 582
25467 599
25481 621
25496 645
25513 667
25530 692
25547 714
25554 726
25550 733
25545 728
25532 716
25513 694
25489 662
25454 619
25425 570
25396 524
25369 475
25350 436
25333 404
25325 385
25323 382
25323 387
25323 397
25323 406
25335 426
25354 450
25386 477
25423 506
25452 533
25476 558
25496 575
25513 584
25525 582
25525 577
25518 565
25508 548
25493 528
25471 506
25447 482
25420 467
25396 458
25379 455
25372 460
25374 467
25376 477
25384 485
25389 487
25391 482
25393 475
25393 465
25391 450
25393 436
25396 421
25406 409
25420 397
25445 392
25474 392
25501 397
25530 402
25554 414
25579 433
25601 458
25618 485
25632 514
25640 538
25645 563
25642 580
25635 584
25625 580
25608 572
25591 563
25569 548
25552 528
25535 504
25520 482
25510 458
25510 436
25515 416
25528 399
25542 389
25562 387
25586 392
25608 397
25630 409
25652 426
25679 450
25703 475
25727 504
25749 531
25759 550
25757 560
25749 555
25737 548
25720 536
25703 519
25686 497
25671 470
25659 443
25647 421
25642 404
25645 392
25647 389
25652 394
25657 404
25662 414
25674 433
25693 460
25723 489
25749 521
25774 550
25784 567
25781 567
25771 560
25759 550
25749 538
25742 521
25747 504
25757 485
25769 472
25784 463
25803 458
25823 460
25845 467
25869 480
25891 497
25915 521
25935 545
25952 570
25959 584
25962 584
25957 580
25952 570
25942 550
25923 526
25903 497
25881 467
25859 441
25845 419
25827 399
25813 389
25796 385
25779 389
25764 397
25749 406
25740 421
25735 438
25740 455
25745 470
25752 477
25762 475
25776 467
25791 458
25810 446
25837 436
25866 424
25903 416
25942 411
25979 409
26018 409
26047 414
26071 424
26091 436
26105 450
26110 465
.PEN_UP
.PEN_DOWN
26332 344
26327 344
26335 344
26339 344
26347 344
26376 375
26388 392
26405 419
26427 451
26452 485
26473 514
26493 541
26503 548
26500 536
26495 519
26486 485
26471 441
26456 395
26437 351
26427 324
26425 309
26432 312
26439 327
26454 351
26471 383
26495 419
26520 456
26542 490
26561 519
26576 539
26583 541
26586 529
26583 512
26578 490
26573 456
26566 422
26559 390
26554 363
26554 344
26554 327
26559 312
26569 309
26586 314
26608 327
26630 344
26651 368
26673 397
26690 429
26708 458
26720 487
26720 509
26712 529
26703 539
26690 536
26676 526
26659 509
26639 483
26625 456
26615 422
26610 390
26610 363
26612 339
26620 322
26634 312
26656 312
26683 317
26710 327
26737 344
26764 370
26793 407
26815 439
26834 473
26842 500
26842 524
26839 541
26832 548
26822 543
26808 531
26788 514
26771 487
26756 453
26744 419
26739 390
26742 366
26747 348
26756 334
26769 324
26788 322
26815 324
26844 329
26878 339
26907 353
26937 375
26961 397
26981 422
26998 446
27010 465
27015 485
27015 504
27012 519
27005 526
26995 529
26981 526
26961 519
26939 502
26915 478
26890 448
26873 417
26861 390
26859 366
26864 346
26871 334
26888 336
26910 344
26939 358
26966 378
26990 407
27015 444
27037 485
27056 526
27071 565
27078 602
27083 626
27081 641
27078 639
27071 626
27064 609
27054 585
27037 546
27017 502
26998 456
26978 412
26964 375
26964 348
26973 327
26995 322
27025 329
27064 346
27105 368
27144 395
27173 426
.PEN_UP
.PEN_DOWN
27473 483
27463 468
27454 448
27449 439
27439 417
27424 353
27424 339
27432 329
27446 331
27473 341
27502 358
27537 387
27568 424
27595 470
27619 512
27641 556
27658 597
27668 629
27671 653
27666 653
27658 636
27641 607
27619 561
27593 497
27563 417
27532 331
27502 244
27476 168
27454 105
27441 61
27437 29
27439 12
27446 17
27463 32
27485 58
27515 92
27546 139
27573 195
27593 251
27605 307
27605 356
27600 392
27590 414
27578 422
27561 417
27541 405
27527 387
27515 370
27512 348
27517 331
27524 324
27541 322
27568 324
27602 329
27646 344
27690 363
27729 387
27763 419
27793 451
27812 480
27824 507
27824 529
27819 543
27810 546
27793 543
27773 531
27746 509
27717 480
27693 444
27668 405
27651 373
27644 346
27644 329
27651 324
27668 329
27693 339
27719 356
27749 375
27773 400
27793 429
27807 453
27815 478
27810 492
27802 487
27790 475
27776 456
27758 429
27741 400
27732 370
27724 344
27729 327
27741 322
27761 327
27788 339
27819 358
27851 385
27880 417
27905 451
27927 480
27944 509
27953 531
27953 536
27946 524
27934 502
27917 468
27897 429
27875 387
27858 353
27851 329
27851 319
27858 324
27868 339
27885 361
27905 392
27932 431
27961 470
27985 504
28010 531
28032 546
28044 546
28046 539
28039 524
28034 509
28029 490
.PEN_UP
.PEN_DOWN
28239 317
28239 312
28239 307
28239 300
28249 300
28283 314
28300 331
28327 361
28356 395
28387 441
28424 490
28456 539
28483 585
28507 626
28526 663
28534 690
28534 709
28526 721
28514 717
28495 709
28475 695
28453 670
28434 636
28417 587
28395 534
28378 480
28358 429
28348 385
28351 353
28356 327
28366 309
28383 307
28409 314
28439 324
28473 339
28505 361
28536 390
28563 422
28587 451
28605 480
28617 504
28619 529
28617 546
28609 551
28597 548
28580 539
28561 524
28539 502
28517 473
28497 439
28485 409
28480 385
28485 363
28495 346
28505 334
28522 334
28539 339
28561 348
28583 361
28607 380
28634 405
28658 431
28680 463
28702 492
28722 517
28739 539
28748 541
28751 531
28748 512
28743 483
28734 448
28722 414
28707 383
28692 361
28675 344
28661 331
28644 327
28629 329
28619 339
28612 351
28609 368
28612 387
28614 407
28622 424
28629 426
28636 422
28641 414
28644 402
28644 387
28651 368
28658 351
28673 339
28692 336
28717 341
28741 346
28765 353
28785 366
28800 380
28812 402
28826 429
28841 461
28858 492
28875 524
28895 551
28909 565
28919 563
28924 553
28921 534
28919 507
28912 473
28904 441
28892 409
28878 385
28863 363
28846 346
28826 334
28804 331
28785 336
28770 341
28761 353
28758 368
28763 390
28770 412
28778 426
28787 431
28797 424
28802 417
28804 405
28807 387
28812 368
28822 346
28836 329
28858 322
28887 322
28917 324
28946 336
28975 353
28999 375
29021 402
29041 429
29053 456
29058 480
.PEN_UP
.PEN_DOWN
29492 685
29497 697
29499 707
29504 717
29504 724
29490 700
29482 673
29463 634
29438 578
29407 507
29370 436
29341 373
29316 322
29302 287
29299 263
29304 253
29319 263
29346 280
29382 307
29429 346
29475 395
29516 448
29560 507
29594 561
29621 607
29638 646
29638 668
29633 678
29624 670
29611 656
29594 631
29575 595
29558 548
29538 500
29516 448
29494 400
29470 356
29451 322
29448 300
29453 292
29465 297
29485 314
29512 344
29548 380
29585 426
29624 470
29655 507
29680 534
29687 536
29677 522
29663 502
29648 475
29629 444
29614 412
29607 383
29607 361
29614 341
29624 329
29643 327
29672 331
29704 341
29736 358
29765 380
29789 412
29811 441
29826 473
29831 500
29826 522
29816 531
29802 526
29777 509
29753 487
29726 461
29699 429
29677 402
29665 380
29668 361
29675 348
29687 344
29704 348
29726 358
29750 373
29777 395
29802 422
29821 448
29841 478
29855 502
29860 514
29850 504
29836 483
29816 456
29797 424
29777 390
29768 361
29770 339
29777 324
29789 324
29809 331
29833 341
29860 361
29887 385
29911 414
29938 451
29963 485
29985 514
29989 534
29987 529
29980 514
29970 492
29958 465
29938 436
29919 407
29902 383
29892 358
29899 346
29911 346
29928 353
29953 366
29982 385
30016 414
30045 448
30072 480
30092 507
30097 517
30089 512
30077 497
30063 473
30045 446
30031 414
30028 387
30038 368
30050 348
30080 336
30121 331
30170 336
30221 344
30262 353
30292 373
.PEN_UP
.PEN_DOWN
29268 519
29277 519
29299 522
29312 524
29336 529
29431 546
29460 551
29497 553
29541 561
29585 570
29624 580
29653 590
29670 597
29675 602
.PEN_UP
.PEN_DOWN
30419 334
30419 327
30421 322
30423 312
30426 305
30462 302
30482 305
30509 314
30543 336
30584 366
30626 400
30667 436
30704 470
30733 502
30760 534
30777 556
30782 563
30777 558
30770 541
30755 512
30738 475
30714 429
30687 390
30665 358
30645 331
30628 312
30614 305
30601 307
30592 314
30587 327
30584 341
30584 361
30587 383
30592 405
30597 422
30604 426
30609 422
30609 409
30609 395
30609 375
30611 351
30618 334
30631 322
30650 324
30672 331
30699 344
30728 358
30755 380
30779 405
30801 431
30823 458
30843 487
30860 509
30870 524
30870 524
30865 514
30857 504
30845 487
30826 463
30806 439
30792 414
30777 390
30775 368
30777 353
30784 341
30792 336
30804 339
30828 346
30855 358
30889 378
30923 407
30950 434
30977 465
31004 497
31031 524
31048 551
31057 563
31057 561
31050 556
31045 546
31033 531
31023 517
31016 495
31006 470
31006 444
31006 417
31011 397
31018 380
31035 368
31062 358
31089 353
31113 353
31133 356
.PEN_UP
.PEN_DOWN
31199 558
31189 551
31179 541
31162 531
31148 522
31050 453
31011 426
30977 395
30940 361
30904 327
30882 297
.PEN_UP
.PEN_DOWN
30950 724
30950 734
30950 743
30950 751
30955 751
.PEN_UP
.PEN_DOWN
31345 334
31343 329
31343 324
31343 319
31350 317
31372 336
31389 351
31411 370
31443 395
31477 426
31511 453
31543 480
31572 504
31599 524
31613 531
31611 522
31599 504
31582 473
31557 436
31535 395
31513 361
31499 334
31499 324
31506 329
31521 341
31540 361
31567 385
31596 412
31628 446
31660 478
31684 504
31701 514
31701 504
31694 490
31679 468
31662 444
31640 414
31618 387
31604 368
31596 353
31599 351
31611 358
31625 366
31647 383
31682 405
31713 434
31750 463
31786 492
31813 517
31835 536
31840 543
31833 536
31821 522
31801 500
31779 475
31755 441
31733 412
31718 385
31711 361
31716 346
31730 336
31755 339
31786 346
31823 356
31857 370
31889 395
31918 422
31947 453
31969 485
31984 512
31981 531
31972 539
31955 534
31928 517
31899 497
31867 465
31838 429
31813 400
31803 370
31803 351
31811 336
31823 331
31842 336
31862 344
31884 353
31906 370
31923 395
31938 422
31955 451
31967 475
31972 500
31967 519
31957 531
31942 536
31923 534
31903 531
31889 526
31879 519
31881 509
31889 500
31903 492
31923 490
31947 495
31974 500
31996 507
32016 517
32035 529
32055 539
32062 539
32059 531
32047 512
32033 490
32013 453
31989 414
31967 380
31947 348
31940 327
31942 317
31950 324
31959 334
31977 353
32003 378
32030 412
32067 448
32096 483
32125 512
32147 534
32155 539
32147 531
32137 519
32125 500
32111 473
32091 439
32074 409
32057 380
32045 358
32042 341
32047 329
32055 324
32067 324
32084 329
32111 339
32137 351
32169 373
32206 400
32240 436
32279 478
32315 522
32347 565
32374 604
32398 641
32413 670
32418 692
32415 709
32413 719
32408 717
32398 709
32381 692
32354 658
32325 617
32298 565
32276 517
32257 473
32240 434
32223 400
32211 373
32203 348
32208 334
32213 322
32228 319
32255 327
32284 336
32320 348
32357 373
32396 405
32440 448
32481 500
32518 548
32554 595
32579 634
32591 663
32591 687
32586 692
32579 687
32559 668
32535 641
32503 609
32467 561
32435 514
32401 468
32374 424
32350 390
32333 361
32330 339
32333 327
32340 327
32352 331
32372 344
32401 363
32435 387
32474 417
32511 451
32545 480
32579 509
32593 526
32584 524
32571 517
32554 507
32540 487
32520 468
32501 444
32481 419
32467 395
32459 373
32454 353
32459 341
32467 334
32486 336
32506 341
32535 346
32564 356
32596 375
32632 407
32667 439
32703 470
32728 500
32747 522
32762 541
32767 548
32762 551
32757 548
32752 546
32747 539
32740 526
32735 507
32728 483
32723 453
32718 419
32710 387
32703 358
32689 331
32669 312
32645 295
32618 287
32596 287
32571 292
32552 302
32535 317
32530 336
32537 361
32550 385
32567 405
32589 419
32606 426
32615 424
32620 417
32625 412
32630 402
32642 390
32662 378
32689 363
32720 353
32757 344
32793 339
32828 339
32869 341
32913 351
32959 363
33003 380
33042 400
33071 419
33086 436
33086 453
.PEN_UP
.PEN_DOWN
32184 536
32176 539
32174 543
32169 543
32169 551
32198 551
32225 551
32259 551
32298 551
32347 553
32391 553
32433 556
32469 556
32491 561
32501 563
32498 568
.PEN_UP
.PEN_DOWN
33463 639
33463 634
33463 629
33463 620
33463 610
33458 568
33453 546
33443 515
33431 478
33416 437
33404 403
33399 371
33397 349
33397 329
33402 315
33414 310
33428 312
33450 320
33472 327
33494 339
33514 356
33531 376
33548 403
33563 429
33575 459
33584 483
33592 505
33597 522
33594 527
33589 520
33587 505
33580 483
33570 456
33558 424
33548 395
33538 368
33536 344
33538 325
33545 312
33558 310
33572 312
33597 325
33621 342
33645 364
33665 390
33675 417
33677 439
33675 461
33670 481
33662 498
33648 512
33628 522
33609 527
33587 524
33572 522
33563 515
33558 507
.PEN_UP
.PEN_DOWN
33316 498
33321 498
33328 498
33333 498
33338 498
33375 512
33402 520
33436 532
33480 546
33528 563
.PEN_UP
.PEN_DOWN
34106 734
34101 724
34096 715
34094 705
34089 695
34082 617
34075 585
34065 542
34050 495
34036 444
34018 400
34006 361
33997 332
33994 307
33997 293
34004 288
34014 290
34028 298
34048 310
34072 329
34092 351
34106 378
34114 400
34116 422
34114 442
34109 461
34101 473
34092 473
34082 468
34072 461
34065 449
34060 434
34065 420
34072 407
34084 403
34099 403
34118 403
34145 407
34172 417
34199 429
34221 449
34238 468
34250 485
34250 503
34245 512
34238 520
34231 522
34216 520
34201 512
34182 500
34160 476
34138 444
34121 410
34114 376
34114 349
34118 325
34131 310
34150 305
34175 307
34199 317
34221 327
34240 342
34260 359
.PEN_UP
.PEN_DOWN
34828 698
34826 693
34821 683
34816 673
34811 654
34784 566
34772 537
34755 503
34735 459
34713 410
34696 366
34684 329
34679 305
34682 286
34689 271
34701 268
34718 271
34738 281
34762 298
34787 322
34811 351
34835 381
34855 410
34869 439
34879 464
34882 488
34882 507
34877 515
34874 515
34872 507
34869 500
34867 490
34865 478
34862 466
34857 451
34852 439
34847 427
34845 415
34843 405
34843 393
34840 378
34838 364
34830 349
34823 334
34816 322
34808 310
34811 305
34813 307
34818 312
34823 322
34833 337
34845 361
34860 388
34874 420
34894 449
34911 473
34925 490
34938 493
34945 488
34952 478
34955 468
34965 456
34974 444
34986 434
35001 429
35016 424
35033 427
35047 429
35064 434
35082 444
35096 451
35108 459
35118 466
35123 476
35123 485
35121 495
35111 503
35096 500
35077 495
35052 481
35025 459
35004 432
34979 398
34960 366
34945 339
34935 315
34935 295
34943 288
34957 293
34977 298
34999 307
35025 325
35047 346
35067 373
35082 403
35094 432
35101 456
35103 478
35101 485
35096 481
35089 471
35079 456
35064 434
35047 403
35033 371
35023 342
35018 317
35021 300
35025 288
35035 286
35052 290
35074 300
35101 315
35130 337
35152 364
35179 393
35203 422
35223 451
35242 476
35252 498
35252 503
35247 493
35240 478
35228 456
35213 427
35194 395
35182 366
35174 339
35174 320
35179 303
35184 290
35194 286
35206 288
35221 295
35242 307
35264 325
35291 349
35318 378
35345 410
35367 439
35384 466
35394 488
35394 493
35389 485
35379 473
35367 454
35352 424
35335 390
35320 361
35311 334
35303 310
35301 293
35303 278
35311 276
35318 283
35330 293
35345 305
35359 325
35379 351
35406 385
35430 420
35457 451
35479 473
35486 481
35481 471
35474 456
35464 437
35452 412
35442 385
35433 364
35430 344
35425 327
35423 315
35423 305
35425 298
35430 290
35438 283
35447 286
35462 288
35481 293
35498 305
35516 320
35530 339
35545 361
35557 385
35569 410
35581 432
35589 454
35589 468
35584 478
35579 481
35569 478
35557 471
35542 461
35525 442
35511 415
35496 385
35484 356
35481 332
35484 310
35489 293
35498 281
35516 276
35540 278
35567 281
35598 288
35630 295
35662 310
35694 332
35723 354
35747 378
35767 403
35779 422
35786 444
35784 459
35776 468
35767 473
35754 473
35737 473
35720 468
35703 461
35684 451
35667 432
35647 407
35628 378
35608 351
35598 327
35601 307
35611 300
35625 298
35645 303
35667 315
35691 334
35715 361
35740 395
35769 434
35796 471
35825 512
35852 549
35874 583
35889 612
35893 624
35889 624
35881 620
35867 607
35850 588
35823 559
35798 522
35772 478
35747 437
35730 398
35720 361
35725 334
35730 315
35742 303
35759 298
35781 298
35806 298
35830 303
35850 312
35864 325
.PEN_UP
.PEN_DOWN
34662 510
34672 510
34682 510
34691 510
34696 512
34794 537
34830 544
34865 554
.PEN_UP
.PEN_DOWN
35311 576
35311 583
35313 590
35318 593
35325 600
35352 624
.PEN_UP
.PEN_DOWN
36225 407
36232 420
36237 429
36242 434
36252 444
36274 476
36271 473
36267 466
36259 454
36252 427
36237 395
36225 351
36215 310
36215 276
36220 254
36235 256
36254 268
36284 290
36318 320
36349 354
36381 393
36405 429
36432 466
36452 505
36469 539
36481 571
36486 593
36481 598
36476 590
36464 568
36449 537
36427 485
36401 412
36371 332
36345 249
36320 171
36301 108
36284 61
36267 22
36257 0
36257 0
36259 12
36264 30
36274 59
36291 98
36315 142
36340 195
36364 244
36379 293
36388 339
36384 373
36376 398
36366 412
36354 415
36342 410
36330 400
36318 385
36310 366
36306 346
36310 327
36318 315
36330 310
36349 312
36379 320
36410 332
36442 349
36469 373
36491 395
36510 422
36527 444
36537 466
36540 476
36535 471
36525 461
36508 442
36486 417
36462 388
36440 359
36430 337
36430 315
36435 300
36445 290
36464 288
36486 293
36515 300
36544 315
36571 334
36593 359
36608 385
36618 412
36620 437
36613 459
36603 476
36591 485
36576 485
36559 481
36544 473
36532 466
36520 451
36513 437
36510 417
36515 400
36523 388
36540 381
36559 381
36586 385
36615 395
36640 410
36664 427
36683 446
36698 466
36710 481
36720 488
36722 483
36718 468
36710 446
36698 415
36686 378
36669 346
36652 322
36644 305
36644 310
36649 320
36659 337
36679 361
36705 390
36740 424
36774 459
36805 488
36830 507
36849 515
36859 510
.PEN_UP
.PEN_DOWN
37291 654
37283 654
37274 646
37264 637
37254 627
37217 544
37198 503
37174 456
37147 405
37120 354
37098 315
37088 286
37093 266
37100 259
37115 264
37139 276
37166 293
37198 315
37232 346
37264 383
37295 420
37330 459
37359 500
37381 537
37395 571
37403 598
37405 612
37403 615
37400 607
37393 593
37376 568
37356 537
37334 495
37305 451
37283 407
37259 368
37239 334
37227 307
37232 298
37242 300
37254 307
37274 322
37293 342
37317 368
37342 400
37369 429
37391 454
37408 466
37408 461
37403 451
37393 429
37381 405
37364 376
37352 351
37342 329
37342 315
37344 303
37354 295
37371 298
37391 303
37417 310
37447 325
37469 342
37491 364
37505 385
37515 412
37527 439
37532 461
37527 478
37525 483
37515 478
37505 466
37493 446
37476 424
37464 398
37447 373
37432 354
37422 334
37417 317
37420 300
37425 288
37434 283
37447 283
37461 286
37478 290
37503 303
37530 315
37554 332
37581 351
37603 371
37622 395
37639 417
37649 442
37659 456
37673 466
37683 473
37686 476
37681 476
37678 471
37676 461
37668 451
37661 434
37649 417
37634 400
37620 381
37612 364
37605 344
37605 325
37610 307
37617 293
37629 288
37644 293
37659 300
37676 310
37695 325
37712 342
37732 359
37751 378
37768 398
37786 415
37798 429
37812 439
37825 446
37832 456
37837 459
37834 456
37827 446
37815 434
37803 415
37788 388
37776 361
37764 337
37749 315
37739 293
37739 283
37742 286
37747 293
37754 303
37766 322
37783 342
37807 371
37839 403
37871 434
37903 461
37927 483
37944 488
37946 483
37944 476
37942 464
37937 454
37932 442
37929 427
.PEN_UP
.PEN_DOWN
37776 498
37781 503
37788 510
37788 515
37788 524
37788 546
37790 554
37798 561
37803 571
.PEN_UP
.PEN_DOWN
37017 481
37022 481
37032 481
37052 481
37064 483
37154 507
37191 517
37232 524
37286 534
.PEN_UP
.PEN_DOWN
38144 351
38149 351
38156 351
38166 351
38173 351
38215 361
38224 368
38239 378
38256 395
38278 417
38302 439
38327 466
38344 490
38346 503
38341 503
38339 490
38329 471
38320 439
38307 400
38290 349
38276 295
38261 239
38246 186
38234 137
38222 95
38210 61
38198 32
38185 15
38171 5
38159 10
38151 17
38144 32
38146 56
38154 93
38171 134
38190 178
38224 227
38261 278
38302 327
38346 378
38388 420
38424 454
38456 483
38478 500
38488 512
38485 512
38480 507
38471 500
38458 490
38444 473
38427 446
38410 415
38393 385
38378 356
38368 334
38371 320
38376 310
38385 303
38398 305
38412 310
38429 322
38444 337
38456 356
38468 378
38478 400
38488 422
38493 446
38490 473
38485 493
38476 505
38463 505
38451 498
38441 485
38437 473
38439 459
38441 446
38449 439
38466 437
38490 439
38519 444
38549 456
38573 471
38593 493
38610 517
38629 544
38644 571
38658 598
38671 624
38675 639
38673 639
38671 634
38661 627
38649 612
38634 585
38615 549
38593 505
38568 456
38541 407
38517 364
38500 327
38490 298
38493 278
38497 268
38505 271
38517 278
38534 288
38554 307
38573 332
38593 361
38605 390
38615 417
38624 444
38629 466
38629 478
38624 483
38617 478
38610 473
38597 464
38590 454
38588 439
38590 427
38595 417
38605 410
38619 405
38641 407
38666 412
38690 420
38717 434
38739 449
38761 468
38775 483
38790 498
38802 507
38814 505
38822 500
38822 488
38817 466
38805 434
38788 393
38768 354
38749 322
38734 293
38719 278
38702 266
38688 264
38671 268
38661 278
38654 290
38654 307
38654 329
38658 351
38668 373
38680 390
38695 395
38707 393
38717 388
38724 376
38729 364
38732 346
38734 329
38741 315
38754 303
38773 293
38797 288
38827 293
38861 300
38890 310
38922 327
38946 351
38963 378
38980 407
38992 434
38997 459
.PEN_UP
.PEN_DOWN
38383 588
38380 595
38380 605
38378 615
38380 620
38405 637
38417 644
38432 651
.PEN_UP
.PEN_DOWN
39010 342
39010 346
39017 354
39024 359
39031 364
.PEN_UP
