

.STYLE CURSIVE
.COMMENT previously: .WRITER_ID dsfr.807
.WRITER_ID dsf
.HAND R
.SEX F

.PEN_DOWN
142 518
132 516
120 513
111 513
98 513
67 535
64 554
66 577
71 603
80 631
91 655
105 673
115 677
120 667
123 648
123 619
123 579
123 533
123 490
122 454
120 423
116 400
106 382
92 370
74 364
54 364
35 368
15 377
0 380
0 375
10 370
21 366
35 363
55 364
77 367
99 375
122 389
142 408
161 429
181 458
198 489
216 525
232 563
245 595
256 622
264 641
270 645
272 637
269 617
265 590
259 551
252 508
246 467
242 428
241 397
245 371
253 355
.PEN_UP
.PEN_DOWN
208 533
223 533
232 535
252 540
267 545
319 556
339 559
.PEN_UP
.PEN_DOWN
688 572
688 562
688 538
688 520
688 501
688 448
688 431
688 412
690 396
694 390
698 397
704 407
710 426
721 455
734 490
751 526
766 553
777 554
785 540
788 519
788 493
788 458
789 424
793 395
802 378
814 379
827 389
839 401
848 419
859 445
868 474
879 504
890 535
901 549
909 546
917 537
924 523
931 504
943 486
958 470
976 464
996 469
1015 478
1033 494
1046 512
1055 534
1053 553
1046 561
1034 555
1020 545
1005 531
988 512
971 486
957 458
946 430
939 404
941 383
950 370
963 369
979 376
998 389
1013 408
1027 434
1041 466
1054 500
1066 531
1075 556
1077 563
1074 558
1068 545
1062 526
1055 499
1049 465
1045 432
1049 404
1059 389
1071 390
1086 398
1103 410
1118 428
1134 453
1151 484
1168 517
1185 552
1200 581
1215 603
1225 609
1232 600
1236 584
1237 562
1237 531
1235 497
1234 466
1229 437
1223 413
1212 397
1195 393
1178 399
1167 411
1173 425
1183 440
1199 457
1221 470
1252 482
1288 492
.PEN_UP
.PEN_DOWN
1722 740
1722 725
1717 716
1712 696
1708 667
1693 579
1685 544
1675 509
1668 474
1661 435
1661 408
1666 389
1677 390
1693 404
1712 421
1736 448
1757 481
1779 521
1800 568
1819 618
1838 668
1848 696
1849 690
1843 672
1835 642
1824 605
1813 559
1801 509
1789 466
1779 428
1774 400
1779 392
1788 400
1797 418
1810 441
1824 469
1840 506
1857 538
1870 556
1875 548
1873 532
1869 510
1866 485
1863 460
1863 436
1870 419
1883 419
1903 428
1927 440
1953 459
1977 483
1998 517
2013 550
2019 580
2013 599
2004 594
1993 582
1980 563
1966 532
1953 499
1943 465
1942 435
1947 413
1956 396
1970 388
1993 392
2019 400
2045 413
2068 425
2083 444
.PEN_UP
.PEN_DOWN
1600 545
1610 550
1620 555
1630 555
1644 555
1710 571
1738 580
1771 591
1808 604
.PEN_UP
.PEN_DOWN
2446 384
2456 391
2466 401
2473 411
2483 430
2516 482
2532 504
2552 530
2571 558
2591 581
2599 574
2595 553
2589 529
2580 493
2570 451
2564 414
2568 395
2575 403
2587 419
2603 444
2622 473
2642 508
2663 543
2680 568
2688 570
2683 555
2678 532
2671 506
2665 476
2660 449
2663 434
2669 435
2678 443
2689 457
2703 479
2723 507
2743 540
2767 570
2792 588
2807 585
2808 572
2801 551
2795 520
2789 487
2778 450
2770 418
2773 394
2783 389
2794 397
2810 408
2830 422
2852 443
2875 470
2898 498
2920 528
2935 556
2940 579
2934 589
2924 583
2914 571
2901 548
2886 522
2873 486
2864 448
2859 418
2862 390
2871 373
2884 371
2900 378
2918 390
2936 406
2951 428
2961 456
2968 485
2973 519
2976 554
2974 584
2966 604
2956 604
2944 596
2929 586
2918 571
2909 552
2901 531
2900 510
2906 490
2916 477
2929 470
2949 473
2973 480
2999 494
3026 510
3049 532
3071 559
3090 584
3104 606
3114 614
3117 609
3117 592
3113 565
3109 532
3102 492
3095 457
3087 428
3074 409
3057 409
3040 419
3026 432
3022 451
3027 469
3031 477
3035 470
3038 459
3040 442
3043 423
3054 404
3071 391
3092 392
3117 395
3141 403
3164 414
3186 433
3205 461
3224 492
3243 529
3263 566
3282 601
3297 633
3298 652
3293 652
3285 641
3274 622
3262 594
3248 559
3237 522
3231 489
3228 460
3227 434
3229 412
3239 396
3254 390
3276 395
3301 405
3322 418
3341 434
.PEN_UP
.PEN_DOWN
3175 559
3188 559
3197 559
3207 559
3222 559
3278 576
3301 581
3328 587
3359 594
3392 601
.PEN_UP
.PEN_DOWN
3641 350
3651 350
3661 355
3673 360
3690 364
3734 395
3752 417
3773 446
3794 480
3816 517
3829 548
3833 576
3830 602
3821 615
3807 614
3790 606
3771 593
3755 567
3742 534
3731 496
3722 458
3721 427
3725 404
3736 387
3753 387
3773 394
3795 403
3816 418
3834 438
3850 462
3866 491
3880 519
3894 550
3904 577
3905 588
3900 582
3896 569
3891 549
3886 525
3880 498
3878 467
3880 440
3887 417
3900 397
3917 392
3939 398
3962 408
3983 420
4005 441
4026 469
4045 502
4064 535
4080 565
4096 586
4108 590
4115 583
4119 573
4119 561
4119 551
4120 557
4120 566
4117 577
4109 585
4095 581
4080 572
4063 556
4047 535
4033 506
4022 476
4015 451
4015 425
4022 406
4033 391
4053 383
4078 386
4108 392
4139 404
4167 420
4193 441
4216 467
4238 496
4255 530
4264 566
4259 592
4251 599
4239 590
4224 574
4207 554
4190 527
4175 498
4162 467
4155 439
4161 414
4170 392
4186 388
4206 394
4230 403
4255 417
4278 437
4299 466
4319 498
4338 532
4354 562
4364 573
4364 563
4358 545
4351 521
4342 495
4333 463
4325 434
4323 416
4327 417
4336 427
4348 441
4364 463
4385 489
4406 519
4427 548
4447 559
4464 557
4480 552
4497 546
4514 549
4535 554
4554 560
4561 564
4557 567
4547 567
4533 564
4518 555
4500 540
4483 520
4469 493
4459 467
4454 442
4459 418
4468 403
4481 396
4502 399
4525 407
4548 418
4572 432
4593 453
4614 478
4633 503
4652 530
4669 557
4681 583
4694 609
4701 624
4703 623
4700 615
4693 604
4685 585
4673 560
4659 529
4645 498
4633 468
4624 443
4620 420
4625 405
4635 399
4651 402
4670 409
4692 420
4711 439
4728 464
4748 490
4767 520
4788 546
4807 571
4826 590
4843 590
4856 579
4864 563
4866 541
4864 512
4859 479
4851 448
4838 421
4821 402
4801 389
4779 384
4757 386
4740 393
4729 406
4729 423
4735 443
4746 449
4759 443
4776 433
4795 424
4817 417
4843 409
4869 405
4898 406
4925 409
4948 417
4968 429
4984 452
4999 481
5015 511
5031 544
5037 570
5029 581
5015 578
4997 568
4977 554
4956 535
4940 514
4931 489
4932 464
4938 443
4948 426
4963 414
4984 407
5010 407
5035 410
5058 419
.PEN_UP
.PEN_DOWN
4763 730
4763 742
4770 755
4772 767
4772 779
.PEN_UP
.PEN_DOWN
4053 635
4041 635
4024 620
4014 611
4004 596
3964 542
3941 518
3910 486
3880 448
3848 410
3820 378
3803 353
.PEN_UP
.PEN_DOWN
5397 581
5394 559
5389 542
5387 513
5384 501
5373 447
5373 434
5377 431
5383 436
5392 449
5405 467
5419 493
5438 527
5456 558
5471 579
5478 572
5475 558
5471 539
5466 514
5463 488
5461 460
5465 437
5473 431
5487 437
5502 447
5519 460
5534 482
5546 510
5558 540
5566 572
5570 589
5566 585
5562 574
5561 559
5562 540
5568 523
5579 510
5595 503
5615 504
5635 508
5655 520
5670 538
5681 561
5678 584
5671 598
5658 596
5641 587
5621 568
5599 544
5583 518
5572 490
5566 469
5568 447
5574 427
5586 411
5601 399
5623 396
5649 400
5676 407
5704 415
5733 427
5762 442
5789 459
5816 480
5840 504
5859 527
5873 551
5874 572
5866 588
5855 595
5840 591
5823 582
5799 565
5772 540
5746 506
5720 469
5702 436
5697 406
5702 388
5714 380
5729 387
5747 398
5775 416
5801 438
5827 467
5855 503
5877 539
5899 582
5921 624
5941 663
5956 699
5957 709
5949 699
5938 682
5922 656
5901 626
5878 587
5855 543
5836 506
5824 471
5820 443
5825 421
5836 405
5851 396
5875 396
5902 400
5927 409
5952 422
5971 441
5986 467
5998 494
.PEN_UP
.PEN_DOWN
5770 745
5770 735
5770 725
5770 713
5770 696
.PEN_UP
.PEN_DOWN
6296 733
6291 723
6289 708
6282 694
6269 664
6242 595
6231 568
6218 535
6204 500
6191 462
6180 427
6171 401
6167 395
6170 402
6178 417
6190 434
6209 457
6233 486
6257 512
6280 528
6294 526
6298 516
6294 500
6290 478
6284 454
6276 430
6269 409
6272 392
6282 381
6295 380
6316 387
6342 399
6369 416
6394 434
6417 453
6437 471
6454 490
6466 512
6464 530
6454 542
6441 543
6424 536
6406 526
6387 507
6367 484
6348 458
6332 431
6326 409
6333 391
6343 380
6356 378
6374 385
6394 399
6417 421
6437 447
6453 476
6455 495
6447 498
6438 491
6428 480
6416 464
6406 440
6408 415
6414 393
6427 380
6445 374
6467 374
6495 377
6522 384
6548 398
6573 419
6595 445
6614 474
6632 502
6640 530
6634 552
6625 564
6610 559
6590 544
6564 524
6536 498
6511 469
6490 441
6479 414
6482 392
6491 376
6506 375
6526 383
6547 394
6569 406
6589 426
6609 453
6633 484
6658 522
6684 564
6708 603
6730 642
6751 677
6768 706
6781 734
6780 754
6771 759
6759 753
6743 738
6725 715
6700 679
6675 630
6649 578
6624 526
6606 484
6593 448
6588 419
6593 397
6601 379
6614 369
6634 365
6660 367
6688 372
6719 378
6748 392
6774 412
6798 439
6813 468
.PEN_UP
.PEN_DOWN
7125 460
7133 475
7133 487
7133 497
7133 506
7134 543
7125 543
7112 537
7095 522
7077 499
7062 468
7050 431
7043 398
7043 368
7048 349
7061 346
7076 354
7095 367
7113 387
7126 414
7136 446
7142 477
7143 504
7139 515
7134 504
7128 484
7121 458
7115 428
7112 394
7114 367
7121 346
7133 338
7150 343
7173 352
7198 371
7225 399
7254 437
7281 480
7306 523
7328 566
7343 607
7354 647
7354 677
7347 683
7335 666
7320 638
7303 603
7285 557
7271 505
7258 455
7249 412
7244 376
7249 348
7258 334
7272 335
7293 346
7318 364
7346 393
7376 430
7404 472
7431 518
7457 563
7479 604
7493 644
7487 663
7477 659
7465 646
7449 624
7431 591
7411 554
7392 513
7376 472
7368 434
7372 398
7379 369
7390 348
7403 340
7423 343
7448 352
7475 366
7504 387
7531 415
7555 445
.PEN_UP
.PEN_DOWN
7871 355
7869 343
7881 345
7891 350
7901 358
7941 415
7961 440
7985 467
8011 497
8038 528
8052 543
8053 531
8048 515
8043 487
8035 454
8025 414
8017 377
8019 357
8026 361
8036 372
8050 389
8065 411
8086 440
8109 473
8132 503
8154 522
8161 516
8156 501
8146 476
8135 446
8124 415
8113 385
8113 370
8120 376
8133 389
8152 409
8176 436
8203 466
8228 498
8250 525
8269 535
8276 526
8271 509
8262 482
8252 451
8242 416
8233 384
8230 358
8235 343
8244 342
8257 348
8277 357
8301 370
8326 387
8350 410
8370 437
8389 467
8403 499
8408 527
8401 541
8390 536
8376 523
8360 503
8342 476
8324 446
8311 415
8306 385
8312 361
8322 346
8336 349
8356 358
8379 372
8402 391
8423 418
8438 450
8447 485
8450 519
8446 543
8437 553
8423 545
8406 529
8390 511
8379 491
8375 467
8380 450
8391 439
8408 436
8430 439
8458 446
8485 460
8510 480
8536 504
8556 519
8567 517
8564 504
8556 484
8544 451
8531 413
8516 376
8502 343
8494 329
8493 331
8497 339
8506 351
8517 371
8531 400
8550 433
8571 468
8592 497
8608 507
8616 499
8614 488
8614 472
8620 460
8633 450
8652 450
8675 457
8698 466
8721 480
8742 497
8752 510
8750 506
8743 491
8734 470
8721 440
8707 407
8695 376
8694 353
8700 349
8708 358
8718 372
8733 392
8754 419
8778 450
8805 480
8826 492
8834 484
8828 473
8820 454
8814 429
8806 403
8800 373
8798 348
8804 333
8815 330
8829 338
8847 350
8867 365
8886 386
8902 412
8919 442
8935 469
8948 493
8951 501
8948 495
8943 484
8939 469
8935 452
8930 431
8925 410
8928 389
8934 374
8943 375
8959 386
8980 403
9000 425
9021 449
9040 472
9053 480
9054 474
9047 465
9041 452
9034 434
9026 410
9020 387
9013 364
9010 346
9016 341
9026 346
9040 357
9056 370
9076 387
9097 414
9118 439
9141 464
9162 484
9178 485
9186 477
9183 468
9178 455
9172 437
9165 416
9157 395
9154 374
9160 359
9169 350
9184 351
9206 357
9233 365
9262 377
9287 394
9311 417
9329 440
9339 465
9332 482
9320 486
9303 476
9285 464
9263 449
9246 431
9235 411
9229 392
9235 374
9245 366
9260 368
9283 375
9306 385
9330 401
9350 419
9366 437
9372 443
9367 438
9362 424
9352 404
9341 378
9327 340
9310 299
9294 256
9274 209
9253 166
9231 130
9209 103
9185 90
9163 97
9145 109
9139 126
9144 151
9157 184
9178 220
9207 256
9245 289
9285 319
9323 343
9360 361
9394 376
9422 388
9438 400
.PEN_UP
.PEN_DOWN
9027 640
9037 650
9054 653
.PEN_UP
.PEN_DOWN
9798 475
9800 489
9807 501
9812 516
9815 526
9769 543
9752 537
9730 523
9705 502
9679 473
9656 440
9644 411
9648 385
9658 368
9673 362
9693 367
9717 378
9744 393
9767 413
9786 439
9799 465
9805 490
9802 508
9794 510
9781 498
9767 478
9750 450
9738 418
9733 387
9737 362
9747 350
9764 354
9785 365
9811 379
9840 400
9866 424
9892 452
9914 480
9925 500
9922 499
9914 488
9901 470
9886 444
9872 416
9866 387
9872 372
9885 377
9899 386
9917 399
9939 417
9959 437
9980 459
9998 480
10008 489
10006 482
9998 468
9989 444
9981 421
9976 395
9979 370
9987 358
10003 355
10023 358
10053 361
10083 368
10111 382
10135 402
10151 426
10162 451
10165 476
10160 500
10146 513
10128 512
10103 501
10074 482
10046 452
10020 420
10000 387
9998 359
10008 342
10023 336
10043 343
10068 356
10096 374
10123 399
10149 435
10173 474
10197 519
10217 570
10231 616
10233 652
10226 663
10215 652
10203 635
10186 611
10169 580
10149 537
10127 493
10111 451
10106 410
10115 381
10129 362
10148 355
10176 360
10208 369
10239 383
10270 408
.PEN_UP
.PEN_DOWN
10407 323
10419 316
10437 331
10446 341
10463 358
10515 407
10531 430
10546 452
10559 477
10571 501
10572 504
10568 498
10562 485
10554 465
10542 440
10530 410
10520 382
10524 360
10533 353
10546 355
10563 363
10582 376
10602 395
10620 415
10639 443
10659 473
10683 505
10709 543
10734 584
10758 621
10765 645
10759 640
10749 624
10737 595
10717 551
10692 501
10666 446
10640 396
10625 359
10624 329
10633 310
10648 301
10669 305
10699 313
10733 326
10765 342
10795 362
.PEN_UP
.PEN_DOWN
10610 511
10619 516
10629 521
10644 523
10668 528
10752 543
10776 548
10801 554
.PEN_UP
.PEN_DOWN
10563 628
10573 631
10583 631
10595 636
10605 638
.PEN_UP
.PEN_DOWN
11161 558
11151 545
11144 523
11139 511
11131 492
11110 413
11105 388
11107 370
11114 361
11127 366
11147 381
11170 402
11193 424
11213 454
11232 483
11241 503
11237 502
11230 488
11221 469
11211 446
11202 420
11197 391
11202 367
11210 354
11225 354
11243 360
11268 372
11292 392
11314 416
11334 449
11348 480
11357 510
11356 534
11352 536
11352 529
11357 520
11369 513
11388 506
11411 504
11436 510
11460 518
11472 532
11470 546
11463 552
11451 545
11432 528
11409 508
11383 481
11360 447
11339 414
11334 383
11339 363
11348 353
11365 358
11384 373
11409 389
11434 413
11453 447
11469 477
11469 501
11461 505
11450 495
11436 478
11422 455
11409 429
11404 402
11411 381
11423 370
11437 367
11456 374
11477 387
11495 406
11513 430
11529 462
11546 492
11563 520
11578 543
11589 546
11594 536
11595 514
11593 489
11589 457
11582 421
11573 393
11558 367
11539 349
11519 348
11503 355
11498 369
11504 391
11517 418
11536 444
11562 464
.PEN_UP
.PEN_DOWN
11878 472
11868 450
11860 423
11856 404
11853 392
11861 352
11873 349
11892 352
11915 362
11943 380
11971 406
11998 441
12022 477
12044 516
12062 556
12070 592
12064 611
12056 601
12043 581
12030 554
12014 516
11994 462
11972 400
11948 335
11924 272
11900 216
11880 173
11869 140
11874 131
11883 143
11895 163
11910 195
11929 238
11950 284
11971 333
11988 376
11996 414
11992 439
11984 442
11974 434
11964 424
11964 411
11971 400
11988 400
12011 407
12040 417
12072 432
12098 451
12120 472
12139 494
12145 509
12139 506
12130 495
12116 474
12100 446
12078 415
12059 383
12051 356
12056 335
12065 322
12081 323
12099 329
12121 340
12145 358
12167 381
12184 413
12197 448
12205 484
12202 518
12194 539
12177 540
12157 531
12133 521
12116 506
12111 486
12118 464
12131 448
12149 445
12176 452
12208 462
12240 475
12271 497
12299 522
12324 552
12345 585
12350 612
12345 631
12335 634
12323 624
12301 593
12273 555
12243 509
12215 456
12199 417
12190 381
12195 351
12205 334
12218 328
12236 333
12262 345
12293 361
12329 386
12364 416
12400 452
12434 493
12466 538
12494 580
12513 617
12517 644
12510 652
12497 647
12483 636
12459 616
12427 585
12395 546
12362 502
12337 464
12324 432
12327 404
12335 382
12347 367
12363 358
12383 357
12406 360
12434 368
12462 380
12490 398
12515 421
12536 446
12553 475
12565 504
12574 529
12571 543
12565 539
12555 531
12542 517
12526 496
12511 472
12499 443
12490 416
12488 391
12492 371
12502 360
12519 362
12540 367
12564 377
12585 392
12600 414
12612 445
12619 477
12624 510
12621 539
12611 551
12597 548
12584 540
12579 528
12585 517
12596 506
12613 503
12635 507
12660 515
12685 525
12705 540
12712 549
12707 544
12700 531
12689 513
12678 488
12668 458
12659 431
12653 407
12654 383
12661 370
12671 367
12686 371
12704 381
12722 398
12741 422
12760 453
12780 485
12788 509
12788 516
12784 507
12777 495
12768 479
12760 459
12753 435
12750 409
12750 385
12757 368
12769 367
12785 376
12806 389
12824 409
12840 433
12853 463
12864 494
12872 518
12877 528
12883 522
12892 511
12907 500
12930 490
12955 484
12975 488
12990 498
12995 512
12990 529
12980 543
12967 539
12948 530
12928 514
12907 489
12888 463
12879 435
12883 408
12894 387
12913 370
12939 361
12970 363
13003 368
13033 375
13060 386
13083 403
13102 425
13116 450
13125 476
13130 499
13130 522
13123 536
13112 535
13090 524
13062 505
13034 477
13005 446
12985 415
12971 390
12975 368
12986 352
13002 346
13024 351
13047 361
13075 378
13101 401
13127 437
13154 480
13177 523
13200 571
13221 617
13237 655
13241 685
13236 691
13227 682
13213 662
13193 634
13165 591
13138 537
13113 484
13094 434
13083 393
13088 361
13096 342
13111 335
13130 340
13155 347
.PEN_UP
.PEN_DOWN
13577 696
13562 682
13555 672
13548 653
13538 631
13507 549
13494 519
13479 483
13467 439
13460 399
13467 367
13478 352
13492 356
13512 363
13534 377
13555 402
13573 435
13586 473
13591 510
13586 532
13576 533
13564 522
13551 509
13542 491
13549 474
13561 462
13579 459
13600 463
13625 471
13648 482
13669 497
13690 516
13706 535
13709 546
13701 545
13691 537
13678 519
13663 497
13646 466
13632 434
13624 407
13628 382
13636 368
13651 365
13667 372
13688 380
13709 394
13731 419
13752 451
13770 483
13783 509
13784 515
13780 506
13773 487
13758 454
13740 410
13716 358
13691 305
13667 259
13640 217
13613 178
13587 146
13563 124
13540 116
13519 124
13498 134
13481 149
13473 169
13477 197
13492 233
13514 276
13542 318
13581 356
13621 387
13662 410
.PEN_UP
.PEN_DOWN
14027 483
14027 493
14018 488
14010 476
14006 466
13989 379
13987 352
13986 324
13986 298
13991 275
14002 267
14018 275
14039 292
14056 313
14070 338
14080 371
14084 403
14083 438
14080 472
14072 500
14061 514
14044 508
14028 498
14016 484
14013 468
14017 450
14026 434
14040 427
14061 431
14085 438
14110 447
14136 461
14156 479
14164 494
14160 489
14154 476
14146 457
14137 430
14131 400
14127 367
14129 339
14135 319
14149 311
14166 316
14187 325
14207 336
14224 355
14238 379
14252 408
14262 440
14267 471
14263 492
14255 494
14245 486
14239 475
14238 459
14245 443
14257 429
14276 422
14296 424
14320 430
14340 442
14357 457
14365 470
14362 462
14357 442
14350 416
14341 386
14334 352
14331 327
14334 319
14342 326
14350 342
14360 360
14373 384
14387 415
14403 441
14423 464
14439 471
14456 468
.PEN_UP
.PEN_DOWN
14881 442
14881 454
14881 464
14874 481
14861 496
14826 502
14809 495
14790 481
14768 455
14745 420
14727 381
14718 342
14719 311
14726 289
14738 281
14757 285
14780 298
14809 317
14836 343
14859 375
14880 409
14899 446
14915 486
14930 532
14941 575
14946 608
14943 622
14939 616
14933 606
14925 588
14914 557
14902 515
14890 467
14878 419
14869 381
14868 349
14874 328
14885 324
14898 330
14916 339
14935 355
14952 378
14968 405
14984 436
14999 465
15010 483
15013 473
15008 457
15002 436
14997 409
14990 379
14985 349
14984 331
14986 335
14990 344
14998 362
15010 386
15026 417
15043 450
15061 476
15077 485
15092 478
15104 467
15118 458
15132 461
15146 470
15158 482
15164 488
15162 482
15158 467
15150 446
15140 416
15130 382
15127 350
15132 330
15144 331
15160 340
15180 351
15202 370
15222 397
15240 425
15258 458
15276 487
15285 503
15284 501
15281 487
15277 470
15270 443
15262 410
15251 376
15243 342
15249 317
15258 306
15270 310
15286 320
15305 334
15323 356
15340 384
15355 418
15369 454
15377 476
15382 479
15381 471
15383 461
15394 452
15411 452
15431 459
15451 471
15457 477
15454 472
15447 461
15440 443
15429 419
15418 390
15410 362
15404 337
15407 314
15415 303
15429 307
15446 313
15468 322
15489 338
15510 358
15532 388
15553 422
15569 452
15576 467
15573 461
15568 445
15560 423
15550 395
15545 364
15550 342
15558 337
15571 346
15586 359
15605 379
15623 402
15642 428
15662 450
15674 456
15678 447
15673 430
15667 406
15660 380
15656 351
15661 327
15669 313
15684 307
15703 311
15730 319
15758 329
15783 347
15806 370
15826 397
15840 425
15845 451
15838 466
15825 465
15809 457
15786 445
15761 428
15744 408
15734 385
15739 367
15748 354
15760 350
15776 355
15797 363
15818 372
15831 372
15832 361
15825 342
15815 313
15800 272
15783 230
15762 184
15742 140
15725 103
15708 65
15691 36
15673 21
15655 25
15634 34
15618 49
15610 72
15613 103
15622 139
15641 174
15664 205
15699 235
15745 266
15798 300
15855 330
15913 357
15967 381
16007 398
16026 411
.PEN_UP
.PEN_DOWN
15583 610
15573 627
15571 637
15571 649
15583 654
.PEN_UP
.PEN_DOWN
15286 617
15278 630
15278 644
15281 661
15290 671
.PEN_UP
.PEN_DOWN
16249 310
16249 301
16258 293
16268 296
16278 305
16320 355
16335 373
16351 391
16370 416
16387 445
16398 472
16401 491
16394 486
16385 473
16375 453
16363 427
16355 397
16352 367
16356 342
16367 331
16382 335
16400 342
16424 356
16446 373
16468 392
16489 417
16507 443
16522 466
16525 474
16520 463
16512 443
16503 420
16492 388
16488 357
16493 343
16502 345
16515 356
16530 372
16550 394
16573 422
16597 453
16616 472
16625 465
16619 453
16612 434
16602 408
16592 379
16579 346
16574 325
16579 321
16587 329
16599 340
16614 355
16637 378
16660 409
16685 441
16707 469
16719 478
16721 470
16717 456
16710 437
16701 416
16692 387
16686 358
16691 334
16699 317
16714 314
16732 320
16757 331
16784 347
16809 370
16836 403
16861 437
16880 470
16886 493
16882 497
16875 486
16868 470
16858 449
16847 421
16837 393
16830 366
16836 347
16846 346
16859 354
16874 363
16893 378
16912 400
16934 427
16957 456
16979 480
16993 486
16991 478
16984 460
16975 439
16964 412
16956 381
16959 360
16967 354
16978 361
16990 371
17006 388
17027 412
17050 441
17074 471
17094 485
17100 479
17097 471
17092 459
17086 441
17079 420
17073 395
17068 371
17071 351
17079 336
17093 328
17110 329
17136 335
17163 344
17189 359
17216 382
17239 409
17256 442
17263 473
17258 495
17246 502
17233 494
17218 482
17202 466
17190 442
17180 416
17174 389
17173 365
17178 348
17189 336
17204 329
17225 331
17250 334
17274 342
17300 353
17325 370
17349 391
17372 413
17393 438
17406 463
17404 485
17395 502
17382 504
17362 496
17340 482
17317 461
17295 434
17279 405
17269 379
17263 356
17263 335
17269 323
17280 321
17296 326
17319 342
17341 362
17363 394
17386 435
17407 474
17429 517
17450 553
17466 583
17473 598
17469 594
17458 583
17446 562
17430 533
17409 497
17391 462
17375 429
17364 400
17356 373
17357 348
17363 330
17377 321
17397 322
17422 329
17451 338
17479 355
17506 378
17529 407
17551 439
17564 467
17558 478
17550 470
17540 459
17528 442
17516 419
17505 393
17496 366
17496 339
17503 320
17515 307
17531 300
17552 301
17579 304
17607 311
17635 322
17660 340
17683 362
17703 385
17720 410
17735 433
17741 457
17736 475
17727 483
17712 477
17695 465
17670 448
17645 424
17622 395
17604 367
17594 342
17597 323
17604 309
17617 306
17632 312
17650 322
17669 333
17688 350
17710 374
17733 399
17750 425
17751 445
17743 450
17735 442
17725 428
17714 411
17702 389
17692 364
17687 344
17690 326
17698 317
17714 321
17734 328
17759 339
17785 352
17806 368
17826 388
17845 412
17863 438
17879 469
17895 501
17911 532
17925 563
17938 590
17949 609
17950 615
17945 607
17935 590
17921 564
17904 531
17885 495
17866 460
17850 429
17836 402
17826 375
17823 351
17828 331
17836 317
17850 316
17867 324
17889 334
17912 349
17934 368
17956 388
17973 408
17985 429
17989 450
17982 462
17972 457
17959 449
17945 437
17932 423
17922 405
17916 384
17917 363
17924 343
17935 330
17953 321
17975 324
17999 329
18025 340
18049 354
18073 373
18097 397
18120 420
18138 441
18152 463
18164 486
18172 508
18178 531
18184 552
18184 572
18178 583
18168 576
18155 567
18141 553
18127 536
18116 512
18106 483
18095 456
18087 426
18081 401
18076 377
18079 355
18088 345
18103 346
18123 355
18148 369
18171 388
18193 413
18212 438
18224 454
18226 453
18222 444
18214 428
18203 406
18197 382
18205 359
18215 352
18228 357
18239 367
18256 379
18273 393
18287 403
18285 395
18276 382
18267 359
18251 328
18235 287
18217 243
18201 200
18191 164
18181 133
18170 106
18157 85
18139 69
18120 61
18097 64
18072 69
18044 77
18017 88
17994 104
17981 124
17984 147
17994 172
18013 198
18041 222
18078 246
18126 269
18170 288
18217 303
18262 315
18298 323
18331 329
.PEN_UP
.PEN_DOWN
17824 496
17834 496
17843 498
17853 498
17870 500
17928 505
17958 506
17992 507
18025 509
18059 513
18083 516
.PEN_UP
.PEN_DOWN
17575 596
17585 605
17587 615
.PEN_UP
.PEN_DOWN
16478 613
16471 625
16471 635
16478 647
16490 654
.PEN_UP
.PEN_DOWN
18755 613
18745 598
18741 588
18736 576
18728 559
18712 505
18702 483
18688 455
18671 424
18653 392
18638 363
18631 339
18638 319
18648 309
18663 306
18682 310
18706 320
18730 334
18753 353
18774 374
18788 395
18801 417
18813 439
18820 452
18816 448
18808 438
18796 421
18782 400
18769 375
18759 348
18763 327
18774 310
18789 302
18806 304
18827 311
18846 321
18862 342
18871 368
18876 400
18874 434
18867 463
18854 484
18837 496
18815 498
18794 493
18782 482
.PEN_UP
.PEN_DOWN
18614 498
18626 496
18645 496
18665 496
18687 498
18758 517
18790 525
18826 532
18864 540
.PEN_UP
.PEN_DOWN
19294 598
19289 588
19279 578
19270 557
19260 542
19213 438
19198 408
19188 379
19184 350
19190 324
19201 314
19214 318
19233 329
19257 349
19280 376
19305 408
19329 451
19352 490
19375 530
19394 572
19405 597
19404 602
19397 587
19388 565
19372 537
19353 494
19330 445
19306 398
19284 352
19270 314
19274 295
19283 291
19294 298
19313 315
19337 342
19367 376
19399 416
19428 451
19440 469
19439 467
19433 454
19423 439
19411 414
19398 387
19388 360
19382 332
19388 311
19398 298
19414 294
19434 299
19457 308
19481 320
19507 342
19531 368
19553 396
19569 426
19565 451
19554 464
19539 457
19521 447
19505 430
19490 409
19484 385
19483 359
19487 336
19495 319
19511 305
19534 297
19563 293
19592 294
19618 297
19642 306
19657 320
19666 337
.PEN_UP
.PEN_DOWN
19143 481
19157 481
19167 481
19184 481
19209 481
19298 482
19333 484
19374 487
19418 493
19465 500
19505 506
19541 511
.PEN_UP
.PEN_DOWN
19840 337
19838 327
19830 318
19840 310
19852 310
19889 347
19902 361
19919 379
19941 402
19966 426
19990 450
20010 467
20017 460
20014 445
20006 423
19997 395
19987 365
19979 336
19979 323
19986 330
19997 338
20011 351
20032 370
20057 394
20083 424
20108 447
20122 448
20123 436
20118 421
20109 399
20098 373
20087 346
20080 321
20087 303
20097 294
20113 297
20131 303
20153 312
20180 327
20203 349
20227 377
20249 407
20262 434
20269 458
20262 474
20250 475
20236 467
20219 457
20201 441
20187 416
20174 388
20170 359
20177 334
20190 317
20208 305
20233 302
20263 305
20291 311
20318 322
20341 336
20363 352
20381 370
20394 390
20402 411
20405 431
20402 450
20393 461
20374 457
20348 447
20317 429
20290 409
20269 385
20256 358
20256 336
20264 317
20275 305
20290 307
20310 313
20332 325
20354 341
20374 361
20391 386
20405 411
20407 430
20401 432
20391 422
20380 410
20368 393
20359 372
20358 348
20365 328
20376 315
20392 311
20412 315
20434 323
20455 336
20474 356
20492 383
20507 412
20522 442
20526 460
20521 460
20515 448
20509 432
20502 408
20493 381
20485 353
20479 328
20482 321
20488 327
20499 339
20511 353
20526 375
20545 405
20564 429
20581 439
20595 431
20608 422
20621 415
20637 410
20657 405
20677 408
20693 416
20704 430
20711 448
20708 469
20697 479
20680 474
20659 462
20637 443
20621 421
20610 393
20607 367
20613 344
20624 325
20641 314
20663 311
20686 314
20710 323
20730 336
20749 359
20767 388
20785 419
20804 451
20819 467
20828 467
20826 460
20821 445
20814 425
20806 399
20798 370
20789 343
20777 322
20760 314
20740 319
20724 330
20721 345
20726 347
20735 342
20746 336
20765 331
20790 328
20816 327
20843 330
20868 334
20889 341
20907 354
20922 377
20936 408
20950 445
20967 482
20987 517
21006 548
21018 573
21017 586
21010 579
20999 568
20983 545
20967 517
20949 480
20931 442
20915 408
20902 377
20893 351
20895 329
20903 314
20914 305
20931 302
20953 302
20977 305
21000 312
21016 325
21026 345
21030 370
21027 394
21016 418
.PEN_UP
.PEN_DOWN
20857 491
20867 491
20881 491
20903 491
20920 491
20981 493
21004 494
21032 496
21064 498
.PEN_UP
.PEN_DOWN
21318 433
21315 423
21313 411
21313 401
21310 391
21300 323
21295 303
21289 281
21284 261
21287 245
21293 245
21302 253
21315 266
21333 287
21352 315
21373 350
21392 381
21403 399
21406 394
21402 379
21397 353
21393 321
21390 290
21392 259
21401 241
21415 239
21435 247
21459 258
21483 273
21506 296
21525 324
21540 354
21551 383
21557 409
21554 428
21549 432
21542 425
21542 414
21547 400
21559 383
21573 368
21596 360
21625 359
21653 362
21680 369
21698 380
21700 394
21692 407
21681 411
21667 405
21649 393
21626 374
21605 349
21585 319
21569 289
21561 263
21568 243
21578 231
21594 232
21613 238
21637 248
21662 266
21685 288
21705 315
21724 343
21739 368
21745 391
21739 402
21730 396
21721 386
21712 371
21700 351
21687 327
21678 299
21671 272
21674 247
21683 232
21696 230
21712 237
21732 247
21756 264
21781 289
21809 320
21837 356
21861 394
21884 429
21902 464
21914 494
21916 515
21912 518
21908 509
21900 494
21888 470
21875 437
21861 398
21848 355
21838 316
21832 281
21834 255
21843 239
21859 234
21881 238
21906 246
21932 262
21956 282
21979 308
22002 336
22020 363
22033 389
22037 417
22031 435
22019 436
22004 428
21984 415
21966 397
21952 373
21942 344
21937 315
21936 289
21938 264
21946 246
21959 235
21978 234
22003 239
22028 248
22053 264
22079 289
22102 318
22123 352
22141 386
22151 413
22148 423
22144 418
22136 405
22126 385
22114 359
22103 328
22100 299
22106 288
22116 294
22127 303
22139 319
22153 337
22168 362
22182 389
22196 411
22208 418
22216 413
22220 401
22227 387
22236 374
22251 363
22272 365
22292 375
22309 392
22315 404
22310 406
22301 397
22293 382
22283 362
22270 334
22260 304
22252 279
22255 257
22264 249
22278 253
22296 262
22320 279
22347 303
22373 331
22396 361
22415 380
22423 380
22419 372
22414 362
22406 345
22398 324
22390 300
22383 276
22386 260
22392 259
22402 267
22416 276
22435 288
22458 306
22481 330
22506 355
22529 374
22540 378
22540 370
22533 358
22525 342
22517 322
22510 299
22509 278
22516 261
22528 250
22544 251
22565 257
22589 270
22613 285
22638 306
22662 333
22678 360
22684 384
22676 399
22665 403
22651 396
22634 385
22617 370
22603 350
22599 330
22605 309
22616 298
22631 300
22649 308
22671 318
22686 322
22691 317
22687 305
22681 285
22671 260
22656 225
22638 187
22616 148
22595 110
22576 76
22558 49
22540 25
22520 7
22500 0
22479 3
22458 11
22440 23
22427 42
22423 69
22429 99
22446 135
22473 167
22509 195
22553 222
22597 242
22645 259
22697 276
22750 290
22800 302
22842 311
22876 319
.PEN_UP
.PEN_DOWN
22422 537
22432 547
22439 559
22439 569
.PEN_UP
.PEN_DOWN
21815 425
21832 433
21842 435
21854 440
21876 442
21941 458
21973 468
22011 479
22051 490
.PEN_UP
.PEN_DOWN
23307 620
23302 606
23295 596
23288 572
23278 540
23254 454
23247 423
23237 388
23224 351
23207 309
23192 278
23190 268
23195 274
23206 289
23220 313
23241 345
23265 381
23287 414
23310 437
23323 439
23326 429
23323 412
23318 389
23311 361
23304 328
23298 301
23296 276
23301 259
23311 260
23328 268
23350 280
23375 295
23400 313
23423 338
23445 365
23463 393
23473 422
23468 436
23458 430
23447 423
23437 411
23424 392
23413 364
23402 333
23394 302
23398 274
23407 257
23420 251
23438 259
23457 273
23474 287
23486 308
23493 337
23497 367
23496 399
23492 428
23483 443
23471 440
23458 432
23447 420
23446 402
23452 383
23461 367
23476 358
23496 359
23522 364
23551 373
23578 385
23605 406
23629 431
23649 462
23668 497
23683 534
23693 568
23696 598
23691 613
23682 608
23670 600
23654 583
23637 560
23620 525
23601 479
23582 431
23563 384
23544 340
23531 304
23525 276
23531 253
23543 245
23560 252
23583 260
23613 277
23646 295
23679 321
23708 354
23735 384
23757 415
23762 442
23757 459
23746 464
23732 459
23715 450
23695 433
23676 411
23661 382
23647 354
23638 328
23638 302
23646 281
23657 263
23675 253
23700 256
23728 262
23756 270
23782 281
23805 297
23820 319
.PEN_UP
.PEN_DOWN
23936 352
23948 362
23958 364
23968 369
23980 384
.PEN_UP
