

.STYLE CURSIVE
.COMMENT previously: .WRITER_ID dsfr.429
.WRITER_ID dsf
.HAND R
.SEX F

.PEN_DOWN
93 541
93 546
91 541
86 531
81 519
69 468
66 448
61 424
57 399
49 377
39 356
32 338
25 321
18 317
10 321
5 329
0 338
3 351
5 370
10 397
18 429
32 468
49 512
69 553
93 597
118 636
139 668
159 690
176 699
188 697
196 690
203 672
208 655
208 633
205 609
200 587
191 565
181 543
166 526
149 512
132 499
115 494
105 494
108 494
110 497
118 497
130 497
139 494
152 490
164 477
171 460
181 438
186 416
183 395
181 375
176 358
166 341
152 326
132 319
110 314
88 317
69 319
52 324
.PEN_UP
.PEN_DOWN
303 492
296 492
288 492
278 492
271 492
254 470
247 458
237 441
230 416
225 390
222 365
225 343
230 331
239 321
252 324
264 329
276 341
288 353
300 370
310 392
317 416
325 441
327 460
330 482
327 499
325 509
317 514
310 509
303 504
296 494
291 482
293 470
296 458
300 451
313 446
327 443
347 448
366 455
388 465
408 485
425 507
442 531
454 555
464 575
471 594
473 609
473 619
471 614
466 607
459 597
452 585
442 568
434 543
425 512
417 477
408 443
395 409
386 382
376 356
371 331
371 314
376 299
386 297
398 299
415 304
432 317
452 336
473 363
498 395
520 431
539 468
559 502
571 529
578 553
583 570
586 587
588 594
586 587
583 577
578 560
573 538
564 507
552 470
542 436
530 402
520 373
513 351
510 331
510 326
517 331
525 343
537 360
552 382
571 414
591 443
610 470
625 487
630 485
625 477
620 465
615 446
610 421
603 392
598 368
600 346
605 326
612 317
630 312
651 312
676 317
700 324
720 334
737 346
747 358
.PEN_UP
.PEN_DOWN
342 516
349 516
359 516
369 516
378 519
422 531
439 536
461 543
483 551
510 555
534 563
.PEN_UP
.PEN_DOWN
1005 321
1005 314
1005 309
1005 304
1005 299
1022 299
1032 307
1044 319
1061 336
1078 353
1098 377
1115 404
1132 429
1149 455
1161 473
1171 480
1178 475
1181 465
1181 448
1176 429
1173 404
1166 380
1156 360
1144 343
1132 329
1120 319
1105 312
1093 312
1081 312
1071 317
1066 324
1064 336
1064 348
1064 356
1064 356
1066 351
1068 343
1076 334
1085 329
1098 321
1112 319
1127 317
1144 317
1161 319
1178 326
1195 336
1215 351
1232 373
1246 395
1259 416
1266 436
1271 443
1268 441
1263 436
1261 424
1259 409
1254 392
1251 370
1249 351
1249 331
1249 317
1254 309
1263 304
1276 302
1293 302
1312 304
1334 309
1356 319
1378 334
1400 353
1420 373
1439 397
1456 419
1466 438
1471 453
1471 465
1466 477
1459 485
1446 485
1429 482
1415 475
1398 465
1381 448
1366 429
1351 407
1339 385
1332 363
1329 343
1329 326
1337 317
1346 312
1356 317
1373 324
1390 338
1410 360
1429 390
1449 419
1468 451
1485 480
1502 509
1519 533
1532 555
1537 577
1537 592
1534 599
1529 594
1524 587
1519 580
1512 568
1505 553
1493 529
1480 502
1468 473
1456 441
1449 412
1444 385
1441 360
1441 336
1441 317
1446 304
1454 302
1466 307
1480 312
1500 324
1522 338
1546 356
1568 375
1588 397
1605 421
1617 446
1627 470
1627 487
1624 494
1617 492
1607 490
1595 480
1583 470
1571 455
1559 434
1551 409
1544 382
1539 358
1541 338
1544 324
1554 317
1566 314
1583 317
1602 324
1622 336
1644 351
1666 370
1685 390
1705 412
1724 436
1739 460
1751 482
1761 490
1766 485
1768 480
1771 470
1768 455
1768 434
1763 409
1758 382
1749 360
1739 338
1727 324
1717 314
1705 309
1693 312
1680 317
1671 324
1661 331
1658 341
1661 343
1666 341
1671 334
1683 326
1695 319
1717 312
1741 307
1773 307
1805 312
1841 319
1871 326
1897 341
1919 356
1936 373
1951 390
1958 407
.PEN_UP
.PEN_DOWN
1295 558
1298 563
1300 568
1305 573
1307 577
.PEN_UP
.PEN_DOWN
2261 414
2266 419
2266 424
2268 429
2268 436
2270 453
2266 460
2261 465
2251 465
2239 460
2224 453
2207 443
2192 424
2175 404
2163 382
2153 360
2146 341
2144 324
2149 312
2158 309
2171 314
2185 324
2200 336
2214 353
2227 375
2236 395
2246 414
2249 429
2246 431
2244 426
2239 419
2234 404
2229 385
2227 365
2224 343
2227 324
2231 312
2241 304
2256 307
2273 312
2290 319
2305 331
2322 348
2336 370
2351 392
2366 414
2375 436
2385 453
2390 460
2388 455
2385 446
2383 431
2380 412
2375 390
2370 368
2366 348
2361 338
2361 341
2361 348
2366 358
2373 370
2385 387
2400 404
2417 424
2431 438
2448 451
2461 451
2468 448
2475 443
2480 436
2487 429
2497 424
2514 426
2529 431
2546 441
2558 453
2565 468
2563 477
2558 487
2553 490
2544 487
2529 480
2517 470
2502 451
2490 429
2483 404
2480 380
2483 358
2490 341
2505 331
2524 329
.PEN_UP
.PEN_DOWN
2878 317
2887 317
2897 314
2902 314
2909 314
2939 331
2953 341
2970 353
2987 373
3007 395
3026 416
3041 438
3056 458
3065 470
3073 482
3070 490
3065 490
3063 485
3058 475
3051 458
3043 434
3031 402
3019 363
3009 324
2999 282
2995 241
2990 199
2982 160
2978 124
2970 95
2963 68
2951 46
2939 31
2924 19
2909 17
2897 19
2887 24
2878 34
2875 46
2878 63
2882 82
2892 104
2907 134
2929 165
2953 199
2982 231
3009 260
3034 287
3056 312
3075 336
3092 358
3109 377
3126 395
3141 407
3153 419
3165 431
3173 441
3173 453
3168 463
3160 463
3153 458
3143 453
3134 446
3124 436
3117 424
3107 409
3099 395
3095 380
3092 363
3092 346
3095 329
3102 317
3112 309
3126 304
3143 302
3160 302
3180 304
3202 307
3224 309
3246 317
3268 324
3287 334
3302 346
3314 360
3321 377
3326 395
3329 412
3329 426
3326 438
3321 448
3316 455
3304 458
3292 455
3280 453
3268 443
3253 431
3241 416
3229 399
3219 382
3212 363
3204 346
3199 331
3197 317
3202 307
3209 299
3221 297
3236 302
3253 312
3268 324
3282 338
3297 358
3309 380
3321 397
3334 416
3338 434
3336 443
3331 443
3326 436
3319 426
3312 414
3304 397
3299 380
3295 360
3297 343
3302 331
3312 324
3329 321
3355 324
3380 329
3407 341
3431 360
3453 385
3475 414
3497 443
3516 475
3536 504
3553 531
3558 555
3553 575
3548 590
3538 597
3531 597
3519 590
3504 580
3492 560
3477 538
3465 512
3453 485
3443 455
3436 426
3429 397
3424 370
3419 346
3419 326
3424 312
3431 304
3443 304
3460 312
3480 319
3507 331
3531 346
3555 365
3580 382
3599 404
3616 426
3629 448
3636 468
3633 480
3626 485
3619 480
3611 475
3602 465
3590 451
3575 429
3560 407
3548 382
3538 358
3536 341
3538 329
3543 321
3553 319
3565 321
3582 326
3597 336
3611 348
3624 368
3631 392
3638 416
3641 438
3641 455
3636 468
3631 475
3624 473
3614 468
3607 460
3611 451
3616 443
3626 438
3641 436
3655 436
3675 438
3692 441
3707 446
3721 455
3724 465
3721 470
3714 468
3707 460
3699 448
3687 429
3677 404
3668 380
3663 356
3660 336
3663 321
3668 312
3680 307
3694 307
3714 309
3731 319
3746 334
3763 353
3775 375
3785 397
3797 419
3802 438
3799 458
3794 468
3789 465
3785 458
3780 451
3775 441
3775 431
3777 424
3785 416
3799 412
3816 409
3836 412
3855 414
3868 421
3880 431
3892 448
3904 465
3914 473
3919 470
3919 463
3914 453
3911 441
3907 421
3902 399
3897 375
3892 351
3887 329
3880 312
3872 299
3860 297
3848 299
3838 307
3831 312
3828 321
3831 331
3836 336
3841 336
3850 336
3858 331
3863 331
3868 329
3865 326
3868 326
3870 324
3877 321
3885 321
3897 321
3911 324
3926 329
3943 341
3960 356
3977 380
3994 404
4014 434
4033 463
4055 490
4075 514
4089 536
4094 558
4092 570
4087 570
4080 565
4070 555
4058 541
4043 516
4026 485
4011 453
3994 414
3980 377
3967 348
3955 321
3955 307
3958 302
3965 304
3975 309
3989 314
4004 321
4016 331
4028 343
4043 358
4055 373
4070 387
4082 404
4089 416
4092 419
4089 414
4087 404
4082 392
4077 377
4072 358
4070 343
4072 331
4080 321
4089 321
4104 321
4121 326
4136 334
4150 346
4163 363
4175 380
4182 397
4187 407
4184 407
4180 399
4175 390
4163 370
4150 343
4138 309
4126 270
4116 234
4104 197
4094 163
4080 136
4063 112
4045 95
4028 82
4011 78
3994 80
3980 85
3960 95
.PEN_UP
.PEN_DOWN
3119 568
3124 570
3129 573
3136 582
3141 590
.PEN_UP
.PEN_DOWN
4594 392
4597 402
4597 412
4597 419
4597 424
4606 448
4601 453
4594 455
4582 455
4570 455
4555 455
4538 453
4521 448
4504 436
4484 419
4472 399
4462 375
4465 353
4470 336
4477 324
4492 321
4509 326
4528 334
4548 346
4567 360
4582 380
4594 397
4601 409
4599 409
4597 402
4592 390
4584 368
4577 334
4565 295
4550 248
4536 204
4516 160
4494 119
4472 85
4453 56
4436 43
4423 41
4416 46
4414 56
4416 75
4423 104
4438 141
4460 180
4489 219
4526 256
4562 290
4597 321
4628 353
4655 377
4675 402
4692 424
4706 441
4718 455
4726 463
4728 460
4728 455
4723 448
4716 434
4706 409
4694 382
4684 353
4675 324
4670 302
4672 285
4675 282
4682 290
4699 299
4716 312
4738 326
4760 346
4775 368
4789 390
4799 409
4806 429
4814 441
4818 446
4826 441
4835 438
4845 434
4857 431
4872 426
4889 424
4909 421
4928 421
4943 424
4953 426
4950 434
4948 441
4940 446
4931 443
4916 438
4899 429
4877 419
4855 404
4835 390
4821 373
4809 356
4801 338
4799 321
4801 307
4809 299
4818 299
4833 304
4855 317
4877 331
4896 348
4914 368
4928 387
4938 407
4943 424
4943 434
4940 434
4933 429
4926 419
4914 404
4901 385
4892 360
4887 341
4889 324
4896 314
4906 309
4918 312
4935 314
4953 324
4972 336
4992 353
5013 377
5035 402
5055 429
5070 446
5072 448
5070 443
5062 434
5055 416
5045 395
5033 370
5023 346
5018 326
5016 307
5016 299
5018 302
5023 307
5028 314
5038 326
5048 343
5060 360
5074 380
5089 399
5104 416
5116 429
5128 431
5138 426
5148 421
5157 419
5167 414
5177 414
5191 412
5204 414
5218 414
5230 419
5240 424
5250 429
5255 436
5255 443
5248 451
5238 455
5226 455
5211 451
5196 441
5187 431
5174 419
5162 404
5150 387
5138 370
5128 351
5121 336
5123 324
5128 317
5138 317
5150 321
5165 329
5182 338
5199 353
5216 370
5233 390
5252 416
5269 446
5287 475
5304 499
5318 521
5333 543
5340 560
5338 568
5335 563
5330 555
5321 543
5308 524
5294 499
5274 470
5255 443
5235 414
5218 387
5209 363
5201 341
5201 324
5206 309
5213 302
5223 304
5235 312
5257 321
5279 336
5304 351
5328 370
5350 390
5369 414
5387 436
5401 455
5406 460
5404 455
5399 446
5389 436
5377 419
5365 402
5352 382
5343 363
5338 346
5338 329
5343 317
5350 309
5362 312
5379 319
5399 329
5418 341
5435 356
5457 375
5479 397
5501 416
5516 436
5521 446
5521 443
5518 441
5511 434
5499 421
5484 407
5469 390
5457 373
5452 358
5452 343
5455 334
5462 329
5474 326
5486 329
5499 331
5511 338
5525 351
5538 365
5560 382
5584 402
5606 419
5628 436
5638 443
5638 441
5633 436
5625 426
5618 416
5613 404
5606 392
5601 380
5604 368
5608 356
5618 343
5635 336
5657 329
5679 329
5701 331
5721 338
5740 351
5757 368
5769 387
5779 407
5786 426
5791 441
5791 455
5784 465
5777 468
5767 465
5752 460
5738 451
5723 441
5708 429
5694 416
5682 407
5672 395
5667 382
5672 370
5679 363
5689 358
5699 360
5708 368
5721 375
5728 385
5740 399
5747 409
5747 416
5742 419
5735 414
5728 407
5721 395
5713 380
5708 360
5703 343
5694 319
5686 295
5677 263
5669 229
5664 197
5657 168
5650 141
5640 117
5630 97
5616 82
5601 70
5586 63
5572 56
5552 51
5533 51
5511 53
5486 58
5467 65
5447 78
.PEN_UP
.PEN_DOWN
5513 541
5513 548
5521 555
5530 560
5540 560
.PEN_UP
.PEN_DOWN
6330 619
6330 624
6325 619
6323 610
6320 600
6308 551
6303 529
6296 500
6289 468
6281 434
6276 397
6274 363
6271 334
6271 307
6274 283
6279 263
6286 249
6298 246
6313 251
6328 261
6345 283
6362 312
6376 349
6391 385
6408 422
6420 456
6432 490
6442 522
6449 549
6454 563
6457 563
6457 556
6454 541
6449 514
6440 478
6430 432
6415 388
6406 349
6396 312
6386 285
6384 263
6384 258
6388 266
6398 283
6410 305
6427 334
6447 368
6464 397
6481 427
6496 451
6506 461
6508 461
6506 454
6506 444
6503 432
6501 412
6498 388
6493 366
6491 341
6491 322
6496 307
6503 295
6513 290
6525 288
6542 288
6559 293
6574 302
6586 317
6596 339
6603 366
6608 390
6615 414
6620 439
6623 456
6620 471
6615 478
6610 475
6603 466
6593 449
6584 427
6576 400
6571 375
6566 351
6564 332
6564 315
6566 300
6571 293
6581 288
6593 288
6608 288
6625 293
6640 305
6654 319
6666 341
6681 363
6691 388
6703 410
6708 429
6710 439
6708 436
6705 432
6701 422
6693 405
6686 380
6679 356
6676 332
6674 310
6674 295
6679 283
6686 276
6698 273
6713 273
6727 278
6747 288
6764 305
6779 329
6793 356
6803 383
6813 407
6820 429
6827 449
6830 456
6832 454
6832 446
6832 434
6832 417
6830 395
6822 366
6818 339
6813 315
6808 297
6808 293
6810 300
6818 315
6827 329
6842 354
6864 383
6886 407
6908 432
6925 449
.PEN_UP
.PEN_DOWN
6752 544
6752 549
6754 553
6762 556
.PEN_UP
.PEN_DOWN
6215 410
6223 410
6230 410
6237 410
6247 410
6296 422
6323 427
.PEN_UP
.PEN_DOWN
7469 597
7464 595
7464 588
7461 580
7461 575
7452 553
7449 546
7447 532
7439 514
7430 488
7417 458
7408 427
7395 390
7391 358
7386 327
7383 302
7381 283
7383 271
7386 261
7391 256
7398 256
7413 258
7425 263
7439 271
7454 280
7469 295
7483 315
7500 336
7513 361
7525 383
7537 402
7544 422
7552 436
7559 446
7566 449
7571 444
7576 439
7576 432
7573 417
7571 402
7566 385
7559 363
7552 341
7547 317
7547 295
7552 288
7559 288
7571 293
7583 297
7595 305
7608 317
7615 332
7622 346
7632 363
7639 380
7649 397
7654 412
7659 424
7659 436
7661 444
7661 444
7661 439
7661 432
7661 424
7661 417
7666 407
7671 400
7678 395
7688 397
7703 400
7715 402
7730 407
7739 414
7747 424
7751 432
7756 432
7756 424
7754 417
7754 405
7749 388
7744 371
7739 349
7732 329
7725 307
7717 288
7710 278
7708 278
7710 283
7717 293
7727 310
7739 332
7754 356
7769 383
7781 405
7790 422
7803 436
7812 441
7820 436
7825 432
7829 424
7834 414
7844 407
7851 402
7864 400
7873 400
7886 400
7895 402
7903 405
7912 412
7917 419
7927 429
7934 441
7942 454
7949 468
7954 483
7959 500
7961 517
7966 532
7968 544
7968 553
7966 551
7964 541
7956 519
7947 490
7934 451
7920 405
7903 361
7883 315
7866 266
7849 219
7834 173
7822 132
7810 95
7800 63
7790 39
7781 17
7778 2
7781 0
7788 5
7795 15
7808 29
7825 54
7844 88
7866 122
7890 161
7907 200
7922 234
7929 268
7929 297
7927 317
7922 329
7912 334
7898 336
7883 334
7878 329
7883 329
7893 332
7907 334
7927 339
7949 341
.PEN_UP
.PEN_DOWN
7322 436
7330 436
7337 436
7344 436
7349 436
7393 444
7415 454
7444 461
7473 471
.PEN_UP
.PEN_DOWN
8173 324
8178 319
8181 312
8181 307
8181 297
8178 263
8171 249
8164 234
8151 215
.PEN_UP
.PEN_DOWN
8517 395
8517 400
8519 407
8519 417
8519 427
8519 454
8515 458
8507 463
8495 461
8478 456
8461 446
8444 432
8427 412
8410 393
8393 368
8381 341
8373 317
8373 295
8381 280
8388 273
8400 276
8417 283
8434 297
8451 315
8468 334
8480 356
8493 375
8502 395
8505 407
8502 405
8498 397
8493 385
8488 366
8483 341
8480 317
8480 295
8485 283
8493 283
8502 288
8519 297
8534 310
8549 322
8561 339
8576 358
8590 378
8602 400
8615 422
8622 432
8619 429
8617 419
8615 402
8607 380
8600 358
8593 336
8585 315
8583 300
8583 288
8588 280
8598 283
8610 295
8624 310
8641 332
8663 358
8683 390
8705 417
8724 439
8736 446
8741 441
8739 429
8734 414
8729 393
8727 368
8722 349
8717 329
8717 312
8722 300
8727 293
8739 293
8754 295
8768 300
8788 305
8810 315
8829 324
8846 339
8861 358
8873 380
8880 405
8888 429
8893 449
8890 466
8885 475
8878 478
8866 473
8849 466
8832 446
8812 422
8795 393
8780 363
8773 336
8771 312
8771 293
8778 280
8785 280
8802 288
8819 295
8841 312
8863 334
8885 361
8905 395
8924 432
8941 471
8958 507
8975 539
8985 563
8988 580
8983 585
8975 578
8963 568
8949 549
8934 524
8917 490
8902 451
8893 414
8885 383
8883 356
8885 336
8893 324
8902 317
8914 312
8932 315
8951 317
.PEN_UP
.PEN_DOWN
9351 434
9351 429
9351 419
9348 402
9346 393
9331 339
9327 322
9322 302
9314 288
9307 278
9307 283
9309 293
9317 305
9327 322
9339 346
9351 373
9366 402
9380 424
9392 446
9405 458
9414 458
9419 454
9424 449
9427 436
9434 424
9444 412
9456 405
9470 405
9487 407
9505 412
9522 419
9534 429
9544 441
9551 451
9548 461
9544 468
9536 471
9524 468
9509 458
9495 449
9485 432
9473 407
9458 385
9448 361
9439 336
9436 317
9436 297
9441 280
9448 271
9461 271
9478 273
9497 280
9519 290
9539 305
9558 322
9575 339
9592 358
9609 383
9629 405
9648 429
9668 451
9685 471
9695 490
9704 510
9712 527
9717 541
9719 553
9714 561
9709 561
9702 558
9695 551
9683 536
9668 517
9653 490
9639 461
9624 429
9609 397
9597 361
9585 327
9578 297
9580 273
9585 256
9595 246
9609 244
9629 246
9651 254
9675 266
9702 278
9729 295
9753 317
9775 341
9797 368
9814 395
9826 417
9831 432
9826 441
9822 449
9814 451
9807 451
9792 444
9778 434
9763 422
9748 402
9731 383
9714 363
9697 339
9685 317
9678 297
9680 280
9685 271
9695 271
9709 276
9726 285
9743 300
9761 317
9775 336
9792 358
9807 378
9819 397
9822 410
9817 407
9809 400
9802 388
9790 368
9778 346
9768 322
9768 302
9775 290
9782 280
9802 283
9822 288
9846 297
9870 315
9890 339
9912 368
9934 397
9956 427
9975 458
9990 485
9999 512
10004 534
10002 546
9999 546
9995 541
9990 534
9982 524
9973 507
9960 485
9946 456
9934 424
9921 395
9912 366
9904 341
9897 319
9895 297
9900 283
9907 276
9917 271
9936 273
9956 280
9975 293
9999 310
10019 332
10036 354
10053 375
10065 393
10073 410
10075 414
10073 410
10068 400
10063 390
10056 375
10048 356
10041 336
10034 319
10029 305
10024 290
10021 280
10021 271
10026 266
10036 263
10048 268
10065 273
10085 280
10102 288
10119 297
10136 310
10153 324
10170 341
10190 361
10209 378
10224 395
10234 407
10241 422
10238 432
10234 441
10224 444
10214 439
10202 432
10190 422
10182 410
10170 397
10158 380
10146 361
10136 336
10126 312
10121 290
10126 276
10131 268
10141 266
10153 268
10170 273
10187 283
10199 295
10209 315
10219 341
10229 366
10236 393
10236 412
10234 427
10226 436
10216 441
10204 439
10195 434
10187 427
10185 417
10185 405
10190 397
10199 393
10214 390
10234 393
10258 395
10282 402
10307 417
10329 432
10346 449
10355 456
10353 451
10348 444
10343 429
10334 410
10324 383
10314 351
10307 327
10299 302
10297 283
10299 276
10302 273
10309 280
10319 295
10334 317
10351 341
10377 373
10404 400
10431 424
10455 444
10470 449
10473 444
10468 434
10460 422
10451 405
10438 383
10426 358
10414 334
10407 312
10402 293
10404 280
10412 273
10424 273
10438 280
10458 290
10475 307
10490 324
10507 344
10521 363
10536 380
10553 400
10565 419
10577 439
10587 451
10599 461
10607 458
10611 449
10614 434
10611 410
10611 380
10607 349
10597 319
10585 295
10568 273
10553 256
10538 246
10526 239
10514 241
10502 246
10492 256
10485 268
10480 283
10482 297
10485 310
10492 315
10497 312
10504 307
10509 300
10514 295
10524 283
10533 273
10551 263
10575 256
10602 256
10629 258
10658 266
10682 276
10704 293
10726 317
10741 344
10753 368
10763 393
10768 412
10768 429
.PEN_UP
.PEN_DOWN
10092 488
10095 495
10095 502
10097 507
10099 514
10119 536
.PEN_UP
.PEN_DOWN
9826 417
9824 422
9819 422
9814 422
9812 417
9841 414
9853 417
9870 419
9895 422
9929 427
9965 429
10002 432
10034 434
10060 436
.PEN_UP
.PEN_DOWN
11104 575
11109 580
11111 585
11111 592
11114 585
11106 551
11102 534
11094 510
11087 475
11077 439
11067 402
11058 368
11048 341
11038 317
11033 295
11026 278
11021 268
11019 266
11019 268
11021 276
11028 285
11041 302
11060 322
11082 346
11104 371
11124 395
11138 419
11150 436
11160 441
11165 436
11170 429
11167 417
11165 397
11163 373
11158 346
11153 322
11155 307
11160 295
11170 290
11182 288
11199 290
11216 295
11231 302
11245 315
11260 329
11272 344
11287 361
11299 378
11306 393
11314 410
11316 422
11314 436
11309 446
11299 446
11289 441
11275 434
11258 422
11243 410
11228 388
11216 366
11206 341
11202 317
11199 297
11204 285
11214 283
11226 285
11241 293
11255 305
11267 317
11280 336
11289 354
11299 375
11306 397
11311 412
11311 414
11306 410
11302 405
11297 395
11287 383
11280 363
11275 341
11272 322
11272 302
11275 290
11282 285
11289 288
11304 295
11319 302
11333 312
11348 327
11360 344
11375 366
11389 390
11406 417
11421 441
11433 458
11433 466
11428 461
11421 451
11414 439
11406 414
11399 385
11394 354
11392 327
11392 307
11392 293
11399 283
11406 283
11419 288
11433 297
11445 312
11460 332
11472 356
11484 383
11494 405
11501 422
11504 429
11504 424
11504 417
11504 407
11506 397
11516 388
11533 383
11553 385
11577 388
11599 395
11616 405
11631 414
11638 429
11633 444
11626 458
11616 468
11601 468
11584 463
11567 451
11548 432
11531 407
11519 378
11511 351
11511 329
11516 310
11526 290
11540 278
11562 271
11584 271
11609 271
.PEN_UP
.PEN_DOWN
11940 556
11943 561
11940 553
11935 546
11931 539
11904 505
11896 488
11887 463
11874 429
11862 393
11848 354
11838 319
11831 290
11833 268
11838 261
11850 266
11862 273
11877 280
11892 293
11904 312
11916 336
11926 358
11933 380
11933 395
11928 405
11923 405
11918 400
11913 393
11916 383
11923 373
11938 366
11955 368
11982 373
12006 378
12028 388
12048 400
12062 412
12072 424
12082 436
12082 449
12077 458
12072 463
12062 461
12050 458
12038 451
12023 444
12009 432
11994 414
11979 395
11970 373
11962 351
11962 329
11967 307
11974 290
11989 280
12009 276
12033 276
12057 278
12082 285
12104 297
12123 312
12140 332
12155 354
12172 375
12189 397
12199 417
12204 434
12201 449
12196 458
12187 461
12174 456
12160 449
12148 434
12135 417
12128 397
12121 378
12116 358
12111 341
12111 324
12113 312
12121 305
12131 300
12143 297
12155 300
12167 305
12177 312
12191 324
12206 339
12223 356
12243 375
12262 393
12279 410
12291 424
12296 432
12294 427
12291 419
12287 407
12279 390
12265 363
12250 336
12238 310
12230 288
12233 276
12238 276
12245 280
12255 290
12267 305
12279 324
12296 349
12316 371
12335 390
12357 407
12374 422
12389 432
12396 432
12394 427
12389 422
12382 412
12374 400
12365 383
12355 363
12350 344
12350 322
12355 305
12365 293
12384 288
12406 285
12438 285
12472 288
12506 293
12538 302
12562 315
12577 324
12577 334
.PEN_UP
.PEN_DOWN
13116 318
13116 328
13116 338
13116 348
13116 357
13111 379
13104 382
13097 384
13087 384
13075 382
13063 377
13053 365
13041 345
13031 318
13024 289
13016 260
13016 238
13019 223
13024 214
13031 209
13043 211
13058 218
13072 228
13082 243
13092 262
13099 287
13109 309
13116 336
13123 353
13121 357
13116 350
13111 338
13104 323
13099 301
13097 275
13097 253
13099 233
13102 221
13111 216
13123 218
13141 228
13158 238
13177 255
13194 279
13211 309
13228 343
13243 377
13255 411
13267 445
13280 474
13289 501
13299 523
13301 540
13304 545
13301 540
13299 531
13294 521
13289 504
13280 479
13272 453
13262 418
13253 384
13245 353
13241 321
13238 294
13236 270
13236 248
13238 236
13245 226
13255 223
13267 223
13284 223
13301 231
13319 240
13336 257
13350 279
13365 299
13375 321
.PEN_UP
.PEN_DOWN
13177 394
13187 394
13197 394
13206 394
13223 396
13272 416
13289 423
.PEN_UP
.PEN_DOWN
13833 357
13835 365
13840 375
13840 382
13843 389
13845 416
13848 426
13845 435
13840 443
13831 440
13816 431
13801 416
13784 392
13770 365
13757 333
13748 304
13743 277
13740 253
13745 236
13750 231
13760 238
13774 248
13789 265
13806 284
13821 311
13833 336
13843 357
13848 370
13848 365
13843 353
13838 336
13833 316
13831 294
13835 275
13843 265
13853 257
13867 260
13887 265
13909 272
.PEN_UP
.PEN_DOWN
14267 409
14267 404
14267 399
14267 389
14267 379
14267 336
14267 318
14267 299
14267 277
14269 257
14274 243
14282 231
14296 228
14311 233
14328 245
14345 270
14365 299
14382 336
14396 367
14411 401
14421 435
14430 470
14435 501
14438 526
14440 538
14438 535
14438 526
14433 509
14428 482
14421 448
14408 399
14399 345
14386 289
14377 231
14367 177
14360 136
14355 99
14355 70
14355 48
14355 33
14360 28
14365 38
14372 53
14382 75
14391 101
14399 133
14408 167
14416 199
14421 231
14425 262
14428 292
14428 316
14428 333
14423 338
14416 336
14408 328
14399 316
14391 301
14386 284
14382 267
14382 250
14382 238
14386 228
14396 223
14408 226
14425 231
14440 236
14460 243
14482 260
14504 282
14525 306
14547 333
14569 360
14589 389
14603 421
14613 450
14618 474
14618 496
14616 511
14608 518
14601 518
14591 511
14584 501
14574 484
14564 457
14555 426
14545 387
14535 348
14528 314
14523 279
14523 257
14525 238
14530 221
14538 209
14550 206
14562 211
14577 216
14591 221
14608 226
14625 238
14645 250
14662 267
14679 284
14696 301
14711 316
14723 333
14735 348
14745 365
14750 379
14750 396
14747 409
14740 414
14730 411
14718 404
14703 392
14691 379
14679 357
14669 331
14662 304
14655 277
14650 253
14650 233
14652 221
14660 218
14669 226
14682 240
14696 255
14711 275
14723 299
14733 318
14740 338
14745 355
14745 357
14742 353
14735 343
14730 328
14723 311
14718 292
14716 270
14716 255
14721 240
14728 233
14738 233
14752 238
14767 248
14779 260
14794 277
14806 294
14818 314
14830 338
14842 362
14857 387
14869 404
14881 409
14889 406
14889 399
14889 384
14889 367
14884 343
14879 311
14872 282
14859 253
14845 228
14830 214
14813 204
14801 201
14791 206
14784 216
14786 228
14791 240
14796 255
14806 262
14813 267
14825 265
14835 260
14850 260
14867 265
14886 275
14908 289
14930 311
14950 338
14967 365
14979 389
14989 414
14994 440
14996 465
14998 482
14998 487
14994 482
14989 474
14981 460
14972 433
14962 399
14955 360
14947 316
14938 279
14928 248
14918 221
14913 204
14913 199
14918 204
14928 216
14940 236
14959 262
14977 292
14996 321
15013 345
15025 357
15035 355
15033 345
15030 331
15025 314
15023 294
15018 272
15013 253
15011 233
15011 218
15016 206
15020 201
15030 204
15042 209
15057 223
15074 240
15091 262
15108 287
15123 314
15135 338
15145 362
15150 382
15150 387
15147 382
15140 375
15135 365
15128 343
15118 311
15111 275
15098 233
15089 192
15077 155
15069 121
15064 94
15062 72
15059 58
15057 55
15057 62
15057 72
15062 92
15072 126
15084 172
15103 231
15120 289
15140 340
15157 382
15172 409
15186 423
15196 421
15201 409
15203 389
15206 365
15208 333
15206 304
15203 277
15198 255
15191 238
15179 226
15169 216
15157 214
15145 216
15137 218
15133 226
15133 236
15137 248
15142 260
15150 267
15162 272
15174 275
15186 275
15198 272
15211 272
15223 275
15237 277
15252 282
15272 292
15294 301
15313 314
15330 328
15342 345
15350 362
15354 382
15352 396
15347 399
15340 394
15333 387
15320 375
15311 357
15301 333
15291 306
15284 279
15281 257
15284 240
15289 228
15296 228
15308 231
15320 238
15330 250
15345 265
15354 287
15364 309
15372 333
15372 355
15367 375
15362 387
15354 389
15345 384
15335 377
15330 367
15333 357
15340 350
15350 348
15362 350
15376 353
15391 357
15408 365
15423 377
15437 389
15445 392
15445 387
15440 377
15435 367
15428 350
15418 326
15411 299
15401 272
15396 250
15393 231
15398 221
15406 216
15413 216
15423 223
15440 233
15457 248
15474 267
15491 289
15508 311
15525 333
15542 355
15554 372
15562 389
15567 394
15564 389
15557 377
15552 360
15545 336
15537 309
15532 282
15528 255
15525 233
15528 216
15535 211
15540 216
15550 226
15559 238
15571 255
15584 277
15598 304
15613 331
15628 355
15642 382
15654 394
15662 392
15662 384
15662 375
15657 360
15649 345
15642 326
15635 304
15632 282
15630 260
15630 243
15635 231
15640 228
15647 231
15659 238
15674 248
15691 265
15708 284
15728 309
15747 336
15764 365
15779 394
15793 423
15803 450
15810 474
15815 494
15815 513
15815 531
15813 543
15808 545
15806 540
15798 526
15791 504
15784 477
15776 445
15769 409
15764 377
15759 345
15752 316
15747 292
15749 272
15752 257
15759 245
15767 238
15779 236
15791 231
15808 231
15827 231
15847 231
15869 236
15891 245
15908 260
15925 279
15937 304
15947 326
.PEN_UP
.PEN_DOWN
15706 387
15710 392
15715 396
15725 401
15737 406
15793 428
15813 431
15835 433
15859 435
15879 443
15898 448
.PEN_UP
.PEN_DOWN
15484 513
15484 523
15481 531
15481 535
.PEN_UP
.PEN_DOWN
16269 392
16269 384
16269 377
16269 367
16266 362
16266 314
16266 296
16266 284
16269 270
16271 255
16281 245
16291 250
16308 260
16325 275
16342 296
16359 323
16374 348
16386 377
16396 404
16408 431
16415 460
16420 487
16422 506
16420 516
16418 511
16415 501
16410 479
16400 443
16391 394
16381 338
16369 279
16357 223
16344 172
16330 119
16320 70
16313 31
16313 6
16315 6
16322 14
16330 28
16342 50
16359 80
16374 116
16388 153
16400 192
16408 226
16410 255
16413 282
16413 306
16410 328
16403 340
16391 340
16379 336
16364 328
16357 321
16354 311
16357 296
16361 287
16371 277
16388 277
16410 282
16435 287
16459 301
16483 318
16508 340
16527 362
16542 379
16549 396
16554 411
16552 426
16547 433
16537 431
16522 426
16505 416
16488 396
16469 367
16457 333
16449 296
16449 267
16454 250
16464 238
16474 233
16491 236
16508 248
16527 262
16544 282
16559 309
16569 331
16574 353
16576 375
16576 396
16574 416
16569 428
16559 433
16549 428
16535 423
16525 418
16517 411
16513 399
16513 384
16520 370
16530 362
16542 365
16559 367
16576 375
16593 382
16613 392
16627 401
16639 414
16652 418
16656 414
16659 404
16656 384
16654 360
16647 328
16642 299
16635 277
16635 267
16639 270
16647 282
16659 299
16676 321
16698 350
16720 379
16742 406
16761 428
16778 445
16788 448
.PEN_UP
.PEN_DOWN
17054 214
17066 221
17076 231
17083 243
17093 260
17117 321
17134 340
17156 360
17181 384
17200 409
17217 428
17225 433
17227 428
17229 421
17227 409
17225 387
17215 360
17205 331
17193 296
17186 270
17178 245
17181 231
17183 238
17193 248
17210 267
17227 287
17249 311
17268 338
17288 365
17305 392
17322 411
17332 414
17339 409
17337 396
17332 375
17322 348
17312 314
17303 282
17295 260
17293 248
17298 253
17307 262
17320 279
17337 304
17359 331
17381 360
17400 389
17422 409
17439 418
17446 416
17446 406
17442 392
17437 370
17429 345
17422 318
17415 294
17407 275
17400 255
17403 240
17407 228
17412 226
17422 228
17437 233
17451 243
17471 255
17488 272
17507 289
17524 311
17542 336
17559 357
17571 379
17578 399
17583 418
17581 431
17573 433
17563 421
17556 409
17544 392
17532 367
17520 338
17507 309
17500 279
17498 253
17503 236
17510 223
17520 226
17534 233
17554 243
17568 257
17585 275
17598 299
17607 323
17612 350
17615 375
17615 396
17610 416
17603 426
17593 428
17581 421
17568 414
17556 401
17546 387
17542 372
17544 360
17549 353
17561 353
17578 357
17600 367
17627 379
17649 394
17663 411
17678 418
17685 416
17683 406
17678 384
17671 357
17661 326
17651 292
17642 265
17639 253
17644 253
17651 260
17661 270
17676 289
17693 314
17710 340
17729 367
17749 392
17763 404
17771 399
17763 387
17754 370
17746 348
17737 326
17727 301
17724 282
17722 260
17724 243
17729 233
17741 236
17756 238
17773 248
17793 260
17812 277
17829 304
17849 333
17868 367
17888 401
17907 435
17927 467
17939 494
17949 518
17946 533
17944 535
17937 528
17929 516
17922 499
17910 472
17898 438
17885 404
17871 370
17859 336
17849 304
17841 277
17837 253
17839 236
17841 223
17851 223
17861 228
17878 236
17900 248
17922 267
17944 289
17963 314
17980 338
17995 360
18002 379
18010 401
18015 421
18019 435
18024 448
18032 457
18037 467
18039 477
18044 489
18049 504
18054 516
18058 528
18058 535
18056 531
18054 526
18046 506
18037 482
18027 448
18012 406
17997 370
17980 331
17966 299
17954 270
17949 248
17951 243
17956 245
17966 253
17978 265
17993 277
18012 299
18034 321
18056 343
18076 365
18090 379
18097 384
18095 379
18088 370
18078 360
18068 340
18058 316
18051 292
18044 267
18044 248
18051 236
18058 228
18071 228
18085 233
18105 243
18124 257
18144 277
18166 306
18185 336
18207 367
18229 396
18246 414
18256 418
18256 416
18254 409
18251 396
18249 377
18246 350
18241 321
18234 292
18229 267
18224 248
18219 231
18212 218
18200 211
18185 211
18168 214
18151 218
18136 226
18129 236
18132 250
18134 267
18139 284
18146 294
18154 294
18161 289
18168 279
18171 267
18175 253
18180 240
18188 231
18202 226
18222 223
18249 223
18278 228
18305 236
18332 248
18353 267
18371 292
18385 316
18395 343
18402 370
18407 392
.PEN_UP
.PEN_DOWN
17795 399
17805 399
17812 401
17817 406
17827 406
17883 416
17905 423
17932 431
17963 438
18000 445
18032 448
.PEN_UP
.PEN_DOWN
18453 260
18453 265
18458 270
18461 277
18466 284
18488 294
.PEN_UP
