

.STYLE CURSIVE
.COMMENT previously: .WRITER_ID dsfr.550
.WRITER_ID dsf
.HAND R
.SEX F

.PEN_DOWN
59 447
59 435
59 418
59 408
55 398
58 445
60 457
64 473
74 488
88 501
107 509
130 511
154 516
178 523
196 529
202 524
201 516
198 502
198 480
198 452
197 417
195 379
190 341
182 304
171 270
157 241
141 216
121 197
99 186
77 179
54 176
33 179
17 186
7 200
0 220
.PEN_UP
.PEN_DOWN
254 362
259 371
264 381
269 391
276 403
311 422
316 415
316 405
313 389
307 369
299 344
289 317
279 291
274 265
278 244
287 235
300 241
316 256
334 274
351 297
365 325
377 349
386 371
391 373
392 363
391 348
388 323
384 290
380 252
374 211
368 169
361 130
351 88
339 54
327 25
313 12
303 20
300 35
305 60
313 92
324 135
343 181
366 225
391 268
416 309
439 342
460 366
476 371
486 363
487 348
481 324
475 288
468 246
461 205
455 166
451 131
445 100
436 80
429 80
422 90
419 110
421 139
427 177
437 220
449 257
464 294
482 327
500 356
522 379
542 382
557 371
567 357
565 340
559 315
550 291
536 268
518 251
502 248
497 245
504 238
514 231
528 225
547 229
571 238
594 254
614 273
627 298
637 325
641 346
641 353
638 346
635 335
631 322
628 306
625 284
625 262
625 241
630 224
639 220
653 225
672 235
691 249
708 270
725 296
741 321
754 346
770 364
788 374
806 372
821 374
822 378
814 384
802 382
789 376
774 361
761 338
752 308
745 276
746 248
753 226
765 211
780 202
800 203
824 209
849 220
875 234
900 252
923 274
942 299
954 323
960 346
958 366
949 378
936 372
920 362
898 348
881 326
868 303
860 278
858 254
862 234
872 225
888 231
906 238
925 254
939 274
950 300
959 330
966 359
964 379
959 380
952 372
944 361
936 344
928 321
924 294
926 268
932 248
945 237
961 237
983 244
1007 256
1033 274
1060 300
1084 332
1105 367
1118 403
1128 438
1134 472
1131 499
1122 507
1112 500
1100 485
1084 463
1072 434
1059 397
1048 359
1040 323
1037 289
1040 258
1049 232
1062 217
1079 218
1101 224
1123 234
1146 252
1169 273
1187 300
.PEN_UP
.PEN_DOWN
730 564
732 574
742 579
.PEN_UP
.PEN_DOWN
1571 396
1571 381
1571 371
1571 362
1571 342
1571 287
1569 267
1566 246
1562 236
1558 241
1555 249
1557 265
1562 288
1570 317
1581 351
1596 388
1613 420
1630 440
1644 433
1654 419
1659 403
1664 384
1672 365
1684 348
1701 336
1722 332
1743 336
1762 344
1778 356
1789 372
1787 391
1779 405
1769 404
1754 393
1738 377
1724 355
1711 327
1703 299
1698 274
1700 250
1706 235
1716 235
1732 245
1749 261
1766 282
1780 309
1788 340
1795 368
1798 391
1796 400
1793 390
1789 372
1784 347
1777 316
1773 285
1771 258
1776 237
1787 229
1802 232
1823 239
1845 251
1867 266
1888 288
1908 316
1923 349
1935 385
1944 422
1951 461
1955 494
1951 508
1944 505
1937 495
1930 479
1921 454
1913 424
1907 388
1902 350
1899 319
1898 291
1898 268
1900 249
1908 234
1923 229
1943 235
1964 248
1986 265
2006 290
2025 320
2044 351
2056 379
2053 403
2043 410
2032 405
2019 391
2007 370
1998 344
1991 308
1987 276
1991 249
1999 226
2016 217
2039 221
2065 227
2092 240
2115 259
2136 283
2157 315
2177 349
2192 377
2202 382
2203 367
2198 347
2194 324
2189 298
2183 270
2174 247
2160 233
2142 238
2126 247
2114 261
2108 279
2111 282
2113 276
2115 264
2119 251
2128 238
2146 224
2173 216
2206 219
2241 226
2270 236
2294 251
2316 267
2331 284
2343 301
2349 320
2345 341
.PEN_UP
.PEN_DOWN
1793 425
1803 425
1815 423
1830 420
1849 420
1938 443
1970 453
2006 463
2047 472
2092 481
2133 487
2171 495
.PEN_UP
.PEN_DOWN
2493 233
2493 220
2503 213
2515 213
2524 218
2566 263
2584 283
2602 307
2623 333
2646 361
2652 375
2646 367
2640 354
2631 332
2624 305
2617 273
2617 242
2623 222
2636 221
2653 233
2672 249
2693 269
2711 292
2726 317
2738 341
2747 355
2749 354
2747 343
2744 326
2740 306
2737 281
2739 265
2746 265
2756 271
2770 284
2787 301
2805 323
2822 348
2837 365
2847 368
2844 360
2836 347
2827 330
2819 309
2815 284
2820 262
2829 247
2846 241
2870 246
2898 254
2927 265
2953 280
2974 302
2988 325
2986 348
2976 365
.PEN_UP
.PEN_DOWN
2707 530
2705 540
2715 547
.PEN_UP
.PEN_DOWN
3285 420
3293 445
3297 457
3302 471
3307 491
3317 507
3313 497
3306 478
3297 449
3286 406
3275 356
3265 307
3258 260
3254 221
3259 197
3270 190
3283 200
3301 215
3322 238
3342 268
3361 306
3378 348
3392 391
3405 437
3413 474
3416 491
3413 485
3408 470
3403 451
3394 420
3382 380
3369 336
3357 287
3348 247
3351 224
3360 224
3371 235
3385 255
3401 281
3418 314
3439 349
3456 370
3465 366
3463 354
3458 336
3454 313
3450 290
3450 262
3455 242
3465 228
3481 221
3501 223
3525 233
3548 249
3569 268
3585 296
3593 324
3597 350
3597 377
3590 388
3578 386
3565 378
3551 362
3543 340
3538 315
3538 288
3543 265
3554 250
3570 241
3591 243
3616 249
3638 257
3657 269
.PEN_UP
.PEN_DOWN
3224 408
3234 403
3246 403
3256 403
3273 403
3342 409
3363 413
3387 416
3413 419
.PEN_UP
.PEN_DOWN
3870 230
3885 230
3900 228
3909 228
3922 240
3958 277
3973 294
3991 314
4012 339
4036 370
4058 397
4076 414
4087 412
4090 399
4086 380
4082 352
4075 321
4066 293
4054 268
4037 252
4017 241
3995 239
3975 244
3961 257
3959 271
3963 275
3967 269
3974 259
3985 248
4000 238
4019 232
4041 235
4066 241
4093 253
4120 269
4145 294
4162 321
4172 346
4177 372
4177 395
4171 408
4160 406
4146 399
4127 383
4111 360
4099 331
4089 298
4083 269
4083 243
4089 226
4101 215
4118 215
4138 220
4161 230
4184 246
4206 266
4229 290
4251 317
4271 346
4287 377
4301 399
4308 399
4309 390
4308 377
4309 371
4309 377
4305 384
4294 388
4278 384
4258 373
4236 357
4220 331
4210 299
4202 268
4204 240
4213 220
4227 209
4249 208
4277 214
4306 224
4336 242
4363 266
4389 295
4412 325
4433 356
4446 385
4442 401
4433 399
4419 389
4404 373
4387 352
4371 324
4359 291
4351 260
4357 233
4369 220
4383 222
4400 229
4420 240
4436 257
4450 280
4459 309
4466 340
4465 369
4461 394
4450 411
4433 411
4412 403
4393 393
4381 378
4377 360
4380 340
4389 325
4403 314
4422 312
4448 317
4474 325
4497 336
4521 351
4538 365
4544 368
4539 358
4532 339
4522 314
4512 285
4503 255
4504 238
4511 240
4520 249
4534 265
4549 288
4568 317
4589 347
4606 360
4615 349
4614 334
4610 314
4607 294
4604 268
4607 245
4615 226
4628 218
4646 221
4669 227
4693 236
4716 248
4739 266
4762 291
4779 317
4789 343
4785 366
4775 381
4760 386
4741 380
4720 369
4695 351
4671 326
4651 297
4638 268
4640 241
4647 221
4658 212
4672 216
4689 224
4709 234
4728 249
4747 270
4766 301
4784 338
4801 376
4815 414
4826 448
4827 469
4823 468
4816 455
4806 436
4793 410
4779 376
4764 336
4753 300
4745 266
4742 238
4747 218
4758 205
4775 202
4798 206
4826 213
4856 226
4886 248
4914 273
4937 300
4958 329
4972 358
4973 386
4965 408
4954 416
4941 410
4921 398
4897 379
4873 354
4851 322
4834 292
4824 266
4822 241
4828 224
4842 219
4859 226
4879 239
4902 255
4921 277
4936 304
4949 329
4959 353
4959 368
4956 367
4948 358
4939 343
4927 323
4915 298
4907 270
4908 246
4917 229
4929 221
4946 226
4967 237
4988 250
5009 267
5027 291
5043 317
5057 346
5065 367
5063 371
5059 361
5053 344
5047 323
5040 297
5034 267
5029 243
5028 239
5032 246
5039 261
5049 278
5062 298
5076 324
5089 348
5103 358
5113 356
5125 350
5141 346
5159 349
5179 357
5189 363
5188 358
5183 347
5174 332
5166 310
5158 284
5160 261
5167 252
5177 258
5193 268
5212 281
5232 296
5249 317
5263 337
5271 352
5272 354
5269 347
5263 334
5257 311
5246 279
5232 238
5219 196
5205 158
5193 125
5182 99
5169 69
5154 44
5135 21
5112 1
5089 0
5066 6
5047 20
5034 41
5028 71
5031 107
5036 142
5046 172
5066 200
5092 225
5123 243
5160 257
5190 263
.PEN_UP
.PEN_DOWN
5433 213
5443 228
5448 237
5460 247
5470 252
5505 294
5518 312
5535 330
5554 351
5575 373
5588 385
5590 379
5585 363
5580 340
5574 310
5567 277
5560 246
5562 227
5569 230
5578 240
5591 256
5605 281
5621 310
5641 342
5661 366
5675 365
5680 351
5675 331
5669 306
5663 275
5658 246
5660 235
5664 240
5672 253
5685 273
5701 296
5722 324
5743 352
5763 369
5775 371
5776 363
5771 349
5765 327
5757 301
5751 274
5747 249
5750 230
5759 216
5773 209
5793 212
5818 216
5842 224
5866 238
5885 257
5899 282
5910 312
5916 341
5912 367
5903 381
5889 385
5873 382
5853 370
5835 353
5818 330
5803 300
5790 272
5788 244
5795 219
5807 209
5821 213
5840 221
5860 232
5877 248
5890 270
5900 294
5910 321
5918 347
5917 365
5911 369
5905 361
5899 346
5891 327
5884 304
5880 276
5881 254
5891 235
5905 224
5923 224
5945 228
5963 238
5979 252
5993 269
6003 292
6015 319
6025 346
6031 365
6031 363
6029 355
6025 340
6020 318
6015 293
6009 266
6008 249
6012 255
6018 267
6027 283
6037 303
6049 326
6059 351
6069 370
6080 376
6090 368
6103 357
6119 348
6136 341
6158 346
6176 356
6190 371
6200 388
6207 415
6213 441
6210 463
6205 470
6201 462
6194 447
6187 427
6178 396
6167 358
6157 321
6148 283
6142 252
6136 241
6134 245
6138 256
6145 273
6156 294
6173 320
6194 348
6216 371
6238 391
6259 396
6266 390
6263 381
6255 368
6241 355
6223 340
6203 327
6180 319
6166 312
6158 303
6158 291
6161 274
6166 251
6177 230
6192 214
6211 204
6233 207
6253 213
6274 226
6293 245
6310 270
6325 297
6336 322
6345 346
6342 365
6335 373
6325 367
6311 357
6297 343
6285 324
6274 303
6268 279
6266 257
6271 238
6279 224
6291 217
6309 219
6331 225
6354 234
6375 247
6394 263
6411 287
6428 316
6443 348
6459 385
6471 418
6480 448
6486 473
6484 480
6481 475
6477 465
6470 451
6458 429
6443 402
6426 370
6410 337
6398 309
6390 283
6386 260
6386 239
6391 223
6400 211
6417 205
6441 207
6467 212
6495 219
6522 230
6544 244
6557 262
.PEN_UP
.PEN_DOWN
6372 391
6389 391
6399 391
6409 391
6438 393
6494 407
6512 411
.PEN_UP
.PEN_DOWN
6608 359
6618 367
6628 369
6638 381
6648 389
.PEN_UP
.PEN_DOWN
6613 250
6623 257
6633 267
6643 272
6652 286
.PEN_UP
.PEN_DOWN
7383 435
7383 445
7383 455
7380 465
7368 474
7331 474
7316 468
7300 458
7285 443
7273 423
7269 403
7270 380
7276 354
7290 328
7308 304
7331 281
7354 260
7372 238
7383 215
7380 192
7370 174
7356 160
7336 156
7317 163
7301 177
7298 199
7304 231
7313 268
7328 307
7345 342
7365 375
7385 404
7404 429
.PEN_UP
.PEN_DOWN
7532 216
7541 223
7541 233
7541 243
7541 255
.PEN_UP
.PEN_DOWN
7805 399
7792 399
7780 399
7770 399
7756 399
7724 390
7720 378
7718 359
7716 338
7712 316
7714 298
7720 295
7732 298
7749 301
7771 301
7793 298
7814 289
7829 276
7837 257
7833 236
7825 215
7810 195
7792 181
7771 173
7748 170
7727 170
7707 175
7693 184
.PEN_UP
.PEN_DOWN
7924 418
7939 418
7956 418
7966 418
7975 418
8020 422
8033 422
8038 418
8032 410
8022 394
8008 375
7990 352
7967 333
7957 320
7963 316
7970 319
7983 320
8000 321
8020 321
8042 319
8058 311
8069 299
8077 281
8079 259
8076 238
8069 218
8057 199
8039 183
8016 172
7992 165
7967 162
7945 163
7924 167
7908 177
.PEN_UP
.PEN_DOWN
8214 448
8204 450
8192 443
8183 440
8170 423
8158 375
8168 367
8184 372
8200 384
8214 400
8213 417
8204 427
8198 424
8203 420
8211 415
8224 413
8241 413
8260 413
8281 409
8296 397
8305 377
8306 350
8302 322
8294 292
8280 263
8261 236
8239 208
8219 183
8212 162
.PEN_UP
.PEN_DOWN
8373 296
8358 287
8346 270
8339 260
8331 248
8331 210
8341 205
8356 207
8375 215
8394 228
8406 245
8407 269
8400 290
.PEN_UP
.PEN_DOWN
8665 348
8653 345
8641 328
8636 318
8629 309
8599 260
8592 238
8590 215
8594 191
8602 171
8614 161
8634 164
8661 174
8688 190
8716 212
8738 238
8750 269
8752 298
8748 324
8742 347
8732 363
8717 373
8699 375
8678 371
8659 360
8643 345
8632 325
8636 303
8646 288
8661 282
8682 285
8708 293
8734 305
8759 322
8777 340
8791 343
8795 330
8793 308
8789 282
8783 248
8775 214
8768 195
8771 198
8777 211
8787 228
8803 251
8823 279
8845 309
8867 336
8884 349
8892 343
8895 334
8894 318
8889 297
8883 271
8877 244
8880 218
8888 199
8901 188
8918 188
8938 194
8958 205
8979 220
9001 240
9019 265
9034 293
9041 322
9042 349
9037 368
9026 371
9012 365
8995 349
8977 329
8961 300
8948 268
8941 243
8945 219
8953 200
8967 187
8987 182
9012 186
9037 193
.PEN_UP
.PEN_DOWN
9282 167
9294 172
9311 182
9324 192
9331 201
9367 252
9380 269
9397 289
9417 313
9437 337
9448 345
9445 337
9440 317
9433 290
9425 258
9417 220
9412 190
9416 178
9422 185
9433 196
9448 211
9469 234
9492 266
9515 300
9538 333
9553 346
9558 338
9554 324
9547 304
9539 282
9529 252
9527 231
9532 227
9540 236
9551 247
9568 264
9590 289
9612 317
9635 344
9653 353
9665 347
9668 333
9665 316
9659 295
9654 270
9647 247
9650 225
9657 207
9669 200
9688 207
9709 216
9731 230
9753 246
9770 266
9785 289
9797 311
9804 334
9805 358
9799 366
9788 357
9775 346
9761 325
9746 303
9734 272
9725 240
9725 211
9733 189
9745 175
9761 173
9779 179
9799 190
9818 204
9836 224
9849 250
9857 278
9856 308
9852 338
9842 360
9828 377
9811 385
9791 379
9772 369
9760 354
9753 336
9756 316
9764 299
9776 288
9791 285
9812 289
9833 297
9853 306
9875 321
9896 340
9911 361
9922 374
9920 369
9915 357
9906 338
9896 311
9885 280
9874 247
9865 217
9867 197
9873 192
9883 198
9896 207
9910 219
9925 240
9941 268
9959 299
9981 327
9996 338
10004 335
10001 326
9994 309
9985 288
9978 262
9971 234
9974 213
9985 199
9999 198
10016 205
10038 215
10058 232
10079 256
10098 283
10116 319
10131 355
10144 391
10154 425
10162 450
10164 466
10161 463
10157 454
10151 439
10140 414
10127 383
10113 346
10100 308
10090 275
10083 244
10086 217
10094 198
10108 192
10126 198
10147 208
10170 221
10191 241
10211 269
10230 300
10245 334
10260 367
10271 401
10280 431
10286 460
10282 476
10274 466
10264 451
10252 429
10236 399
10221 358
10208 316
10197 275
10190 241
10188 214
10189 197
10196 193
10207 200
10221 216
10240 238
10260 268
10280 303
10301 333
10318 357
10324 364
10316 357
10307 342
10297 325
10286 305
10277 280
10270 255
10269 231
10275 208
10285 191
10300 182
10318 182
10341 186
10367 194
10393 206
10420 221
10442 241
.PEN_UP
.PEN_DOWN
10060 372
10072 367
10082 367
10092 367
10101 367
10151 378
10170 381
10191 385
10211 389
10224 393
.PEN_UP
.PEN_DOWN
10538 367
10538 377
10538 391
10548 406
10557 413
.PEN_UP
.PEN_DOWN
10552 238
10552 226
10552 216
10555 206
10557 189
10552 142
10545 125
10533 108
10517 91
10494 76
10472 67
.PEN_UP
.PEN_DOWN
10974 406
10967 421
10957 430
10947 430
10935 440
10900 437
10890 428
10880 414
10884 396
10890 374
10898 348
10914 317
10928 288
10941 256
10948 227
10943 206
10933 188
10918 177
10899 177
10877 184
10862 195
10856 212
10860 236
10871 268
10888 301
10910 338
10937 370
10961 396
.PEN_UP
.PEN_DOWN
11072 218
11072 228
11072 238
11072 248
11072 257
.PEN_UP
.PEN_DOWN
11184 389
11182 379
11179 370
11174 355
11172 345
11154 302
11159 294
11168 292
11181 296
11200 300
11222 301
11242 295
11258 285
11265 269
11261 248
11254 227
11243 205
11229 189
11210 183
11189 185
11167 189
11146 192
.PEN_UP
.PEN_DOWN
11155 409
11169 406
11179 406
11189 406
11199 406
11241 408
11257 409
.PEN_UP
.PEN_DOWN
11399 406
11386 409
11374 409
11364 409
11355 396
11331 358
11324 339
11314 313
11306 282
11299 250
11301 220
11308 199
11320 186
11337 186
11359 194
11382 204
11403 219
11423 237
11437 262
11447 290
11451 320
11447 350
11441 377
11430 398
11414 412
11393 417
.PEN_UP
.PEN_DOWN
11589 440
11577 443
11567 438
11557 433
11547 428
11525 396
11527 383
11536 375
11549 378
11566 386
11585 399
11594 418
11589 434
11587 439
11593 437
11603 435
11619 435
11638 435
11662 435
11670 429
11667 417
11659 396
11645 365
11626 330
11604 294
11581 261
11559 228
11540 201
.PEN_UP
.PEN_DOWN
11659 272
11650 270
11633 252
11623 235
11613 223
11582 171
11585 158
11593 147
11606 139
11623 137
11647 141
11669 152
11689 170
11702 192
11709 217
11710 243
11708 265
11702 286
.PEN_UP
.PEN_DOWN
12093 418
12084 413
12076 387
12074 357
12069 343
12048 269
12041 245
12035 220
12031 194
12031 169
12037 156
12049 158
12063 167
12082 184
12104 210
12127 242
12150 279
12170 316
12186 351
12196 384
12198 410
12194 420
12187 414
12181 398
12173 378
12164 352
12155 320
12146 291
12138 259
12133 229
12136 211
12144 213
12155 223
12166 237
12182 255
12194 278
12206 302
12217 316
12224 311
12221 298
12217 281
12214 259
12210 236
12210 214
12215 199
12225 196
12239 203
12257 214
12277 227
12294 245
12309 268
12322 295
12331 318
12336 329
12335 324
12332 312
12328 298
12324 279
12320 258
12317 236
12314 218
12316 214
12317 220
12324 231
12333 247
12345 268
12362 294
12379 320
12397 336
12413 337
12425 329
12434 317
12444 306
12458 293
12477 290
12497 295
12512 306
12515 322
12509 338
12497 342
12482 335
12465 322
12448 305
12436 281
12430 253
12430 225
12436 206
12447 191
12461 181
12481 181
12504 185
12527 190
12550 198
12571 213
12589 233
12603 257
12613 283
12618 307
12618 330
12611 339
12603 335
12591 325
12578 311
12567 291
12556 268
12552 244
12555 220
12562 201
12574 187
12589 179
12611 181
12636 188
12662 200
12688 214
12712 231
12731 250
12746 270
12757 291
12764 304
.PEN_UP
.PEN_DOWN
11945 321
11954 326
11964 331
11986 335
12003 340
12077 353
12105 358
12138 364
12175 370
12211 377
.PEN_UP
.PEN_DOWN
13341 134
13351 142
13361 152
13370 159
13378 169
13398 207
13408 223
13419 242
13432 262
13449 272
13462 264
13471 251
13477 231
13478 208
13478 179
13478 155
13479 149
13482 158
13490 176
13501 197
13515 223
13532 250
13548 270
13563 276
13574 269
13580 254
13581 234
13579 212
13577 187
13576 175
13578 178
13584 186
13591 200
13603 218
13617 239
13633 256
13645 253
13653 242
13658 229
13658 210
13656 189
13656 165
13661 147
13670 134
13685 130
13705 134
13727 143
13747 157
13765 179
13782 206
13794 234
13799 262
13792 272
13783 267
13776 257
13769 239
13762 214
13759 186
13760 156
13766 135
13776 124
13791 126
13813 133
13835 148
13855 168
13870 192
13880 219
13879 246
13872 271
13860 290
13842 293
13822 284
13805 274
13793 261
13789 243
13794 225
13802 212
13815 206
13830 212
13849 222
13868 234
13887 253
13905 270
13920 274
13931 265
13935 249
13934 227
13934 200
13932 171
13930 149
13932 145
13938 151
13946 163
13959 181
13977 206
13995 235
14013 260
14029 265
14036 256
14036 241
14033 225
14030 202
14032 177
14041 159
14053 150
14072 157
14092 168
14110 182
14126 204
14137 232
14148 262
14157 293
14166 325
14173 354
14177 381
14174 391
14170 386
14165 375
14159 355
14152 330
14143 295
14137 260
14132 229
14128 199
14131 176
14139 158
14152 152
14169 158
14192 170
14216 187
14241 215
14264 248
14282 280
14295 313
14303 340
14308 367
14311 393
14308 413
14301 415
14294 407
14288 390
14278 364
14270 332
14261 293
14252 255
14247 224
14244 194
14246 175
14250 174
14258 182
14269 197
14286 218
14306 245
14326 273
14340 281
14345 274
14343 259
14339 243
14334 221
14334 195
14340 174
14353 164
14367 169
14385 182
14403 201
14418 224
14431 252
14439 278
14449 296
14457 298
14466 287
14477 273
14485 253
14492 228
14495 201
14492 174
14484 152
14473 137
14456 130
14435 135
14416 146
14406 160
14412 173
14421 173
14432 165
14447 158
14465 152
14490 147
14519 147
14550 151
14583 159
14615 172
14645 191
14672 213
14698 235
14720 257
14739 277
14750 297
.PEN_UP
.PEN_DOWN
14138 351
14148 351
14163 351
14173 351
14182 354
14236 366
14256 372
14276 378
14300 383
.PEN_UP
.PEN_DOWN
14863 308
14860 320
14860 330
14860 342
14860 351
.PEN_UP
.PEN_DOWN
14855 239
14853 230
14853 220
14853 210
14853 198
14853 144
14852 127
14849 109
14842 90
14830 73
.PEN_UP
.PEN_DOWN
15341 366
15341 376
15336 386
15326 393
15316 393
15279 370
15266 359
15265 345
15269 326
15280 302
15293 277
15312 250
15334 224
15344 198
15341 174
15333 155
15321 141
15305 137
15287 143
15270 154
15260 169
15262 188
15268 215
15281 246
15299 277
15323 311
15348 344
15371 372
15380 399
15374 407
.PEN_UP
.PEN_DOWN
15436 188
15433 200
15433 210
15433 220
15440 230
.PEN_UP
.PEN_DOWN
15548 366
15560 364
15570 359
15579 356
15589 356
15634 370
15646 372
15648 369
15645 360
15638 347
15627 330
15613 309
15596 291
15577 273
15559 263
15553 261
15558 263
15568 266
15583 270
15601 274
15622 278
15644 276
15660 266
15671 251
15674 231
15670 205
15659 184
15641 165
15619 151
15594 145
15570 145
15548 146
15525 148
15509 155
.PEN_UP
.PEN_DOWN
15738 366
15731 356
15721 347
15716 332
15714 320
15689 263
15683 243
15686 220
15691 195
15702 174
15722 161
15748 160
15777 166
15805 180
15828 199
15844 223
15853 253
15855 284
15851 314
15843 342
15831 366
15816 385
15794 399
15774 398
.PEN_UP
.PEN_DOWN
16004 395
15994 398
15984 398
15974 395
15965 390
15949 357
15950 343
15956 330
15966 324
15980 330
15997 342
16012 357
16019 374
16020 385
16025 392
16036 395
16051 396
16070 397
16091 395
16100 388
16095 374
16087 353
16076 323
16058 289
16034 254
16005 221
15977 191
15956 166
.PEN_UP
.PEN_DOWN
16091 273
16089 261
16079 249
16072 237
16065 222
16053 184
16056 173
16064 165
16078 166
16096 173
16116 182
16130 196
16137 218
16135 243
16128 269
.PEN_UP
.PEN_DOWN
16426 164
16435 164
16445 164
16467 169
16479 176
16530 216
16546 235
16563 257
16583 283
16604 310
16620 327
16631 321
16636 308
16638 294
16638 273
16637 253
16633 229
16625 205
16612 184
16594 168
16570 160
16546 156
16520 158
16501 164
16499 177
16508 192
16518 195
16528 187
16544 177
16563 169
16585 163
16608 162
16632 166
16654 176
16673 190
16690 208
16705 231
16718 256
16729 284
16739 311
16742 326
16738 324
16732 316
16723 304
16714 285
16705 262
16697 237
16691 211
16692 188
16698 166
16709 154
16725 155
16744 162
16765 174
16787 192
16808 213
16828 241
16847 268
16861 293
16872 302
16879 297
16882 285
16881 268
16881 246
16881 221
16886 194
16898 169
16916 153
16936 152
.PEN_UP
.PEN_DOWN
16974 317
16964 308
16955 300
16945 291
16935 281
16880 209
16861 190
16842 168
.PEN_UP
.PEN_DOWN
16769 476
.PEN_UP
.PEN_DOWN
17147 154
17157 156
17167 161
17177 171
17186 181
17220 233
17237 251
17256 273
17278 300
17297 313
17306 305
17302 290
17294 264
17286 231
17276 195
17268 162
17265 144
17271 148
17282 156
17296 173
17314 195
17338 223
17361 257
17384 285
17399 297
17402 290
17398 273
17392 253
17383 228
17373 201
17363 179
17366 170
17377 176
17389 191
17405 209
17426 234
17449 265
17473 292
17491 299
17498 292
17494 279
17485 261
17475 240
17465 213
17454 187
17452 166
17458 150
17467 140
17483 144
17504 152
17527 164
17552 180
17576 203
17598 231
17615 261
17624 291
17622 314
17613 324
17600 323
17586 313
17570 295
17554 271
17540 242
17529 210
17523 182
17529 158
17539 142
17552 134
17569 136
17589 143
17609 156
17626 176
17639 203
17647 235
17650 268
17650 298
17647 324
17637 338
17623 335
17605 328
17584 317
17570 300
17560 279
17556 256
17558 232
17566 215
17580 203
17598 199
17622 203
17644 211
17666 223
17686 240
17701 262
17715 283
17726 307
17733 318
17731 311
17726 300
17720 281
17711 252
17700 221
17694 189
17699 176
17706 179
17719 189
17733 206
17753 228
17775 253
17798 279
17817 293
17827 289
17824 282
17817 271
17809 254
17801 232
17794 208
17792 184
17797 166
17807 154
17825 155
17845 162
17869 174
17889 192
17905 218
17923 252
17941 290
17959 333
17978 373
17992 409
18000 437
17997 446
17992 439
17986 427
17977 406
17965 381
17950 345
17934 307
17920 272
17910 238
17904 208
17903 180
17908 156
17918 137
17933 126
17951 127
17973 133
17995 149
18018 173
18040 208
18063 254
18083 296
18102 341
18119 384
18133 421
18134 451
18129 455
18121 443
18110 420
18096 389
18079 350
18061 303
18044 262
18030 222
18021 188
18024 161
18031 154
18042 159
18055 171
18070 188
18086 210
18104 240
18124 271
18142 299
18148 310
18146 307
18140 297
18132 278
18122 255
18111 228
18103 200
18104 176
18110 155
18122 147
18139 151
18158 157
18179 172
18199 197
18218 230
18239 269
18261 306
18279 326
18292 327
18299 319
18301 307
18302 286
18302 256
18302 224
18298 193
18288 167
18271 154
18249 152
18228 159
18209 170
18198 184
18192 204
18196 224
18203 231
18211 226
18221 214
18232 196
18246 178
18267 159
18294 146
18326 142
18361 145
18395 149
18425 156
18453 169
18479 187
18501 209
18517 232
18520 251
18513 264
.PEN_UP
.PEN_DOWN
17813 371
17825 371
17835 371
17845 371
17862 371
17946 370
17979 370
18018 373
18061 376
18105 379
18143 383
.PEN_UP
.PEN_DOWN
18632 193
18620 195
18630 188
18637 198
18642 208
.PEN_UP
