

.STYLE CURSIVE
.COMMENT previously: .WRITER_ID dsfr.661
.WRITER_ID dsf
.HAND R
.SEX F

.PEN_DOWN
193 596
183 591
168 582
154 574
139 567
110 589
105 607
103 629
104 656
109 689
118 722
131 751
146 768
157 764
163 754
166 734
166 707
164 672
163 632
160 589
157 549
155 511
151 478
145 452
137 426
123 407
106 393
86 387
63 389
44 396
25 407
12 424
4 449
0 474
1 499
2 513
3 508
4 497
8 483
12 466
19 445
33 422
50 405
71 392
100 391
129 396
161 406
193 422
218 443
243 469
264 499
281 528
295 557
301 582
297 592
292 584
286 565
278 538
269 506
262 471
257 443
260 421
268 418
278 423
289 433
304 447
320 471
339 502
359 533
376 550
387 545
388 533
385 514
382 491
380 466
379 441
382 418
394 404
411 401
433 406
456 414
475 427
495 448
514 474
535 503
553 535
564 564
559 589
550 604
536 602
520 591
502 574
485 551
470 523
458 492
451 464
454 437
465 419
481 422
500 433
521 446
540 464
557 493
574 530
593 572
611 615
629 656
646 694
659 723
656 726
646 712
635 687
618 657
600 614
580 568
563 525
552 485
546 455
549 425
559 408
574 406
592 411
614 420
634 435
652 455
670 483
688 513
707 540
723 567
731 581
729 574
725 564
718 551
710 530
699 506
687 481
678 453
675 428
680 411
693 401
710 405
731 413
754 426
774 445
794 471
813 500
829 529
845 556
854 574
849 575
843 564
835 547
826 523
818 493
811 463
814 436
822 420
837 423
854 430
878 439
898 457
917 480
934 510
948 541
957 564
957 572
954 565
956 554
965 545
978 538
997 542
1020 550
1041 560
1047 564
1042 558
1036 547
1029 527
1021 503
1013 473
1011 445
1017 423
1028 408
1042 399
1062 399
1084 401
1108 408
1133 419
1159 435
1185 455
1208 477
1226 500
1238 523
1244 547
1244 568
1239 585
1227 592
1210 588
1189 578
1168 563
1149 542
1131 516
1115 486
1103 460
1102 434
1109 412
1121 403
1137 408
1156 417
1176 434
1197 455
1218 485
1243 525
1269 569
1295 614
1319 655
1339 689
1346 712
1342 717
1335 709
1327 698
1317 682
1304 656
1287 618
1269 575
1252 532
1238 492
1230 459
1228 431
1233 409
1244 399
1257 404
1274 414
1295 427
1317 443
1341 469
1366 501
1389 532
1407 563
1412 575
1406 570
1397 556
1387 537
1375 513
1360 485
1351 458
1347 432
1353 413
1366 402
1381 405
1400 413
1422 424
1441 438
1458 454
1473 473
1490 493
1504 514
1515 535
1518 554
1519 559
1522 554
1530 545
1543 537
1563 537
1585 539
1610 544
1633 553
1656 565
1664 579
1659 590
1649 593
1635 588
1618 581
1598 570
1579 551
1560 526
1545 499
1534 472
1528 448
1528 426
1533 417
1545 419
1562 425
1581 436
1602 453
1622 474
1643 500
1664 525
1682 548
1691 569
1685 580
1678 575
1669 563
1659 546
1650 524
1640 502
1630 478
1626 456
1631 441
1640 438
1654 445
1672 455
1695 469
1720 488
1750 514
1783 545
1814 577
1842 617
1868 660
1890 700
1910 740
1916 769
1910 786
1899 784
1886 777
1869 763
1844 739
1820 709
1794 667
1771 622
1750 578
1730 533
1715 497
1709 467
1713 442
1722 426
1737 421
1756 428
1782 439
1810 453
1837 474
1864 503
1891 534
1916 570
1940 603
1958 631
1969 642
1969 636
1966 625
1963 606
1958 582
1953 552
1943 522
1932 490
1923 462
1909 438
1895 421
1879 412
1860 412
1839 415
1821 424
1808 437
1805 455
1810 475
1819 481
1829 475
1838 465
1847 452
1852 437
1863 422
1879 413
1899 416
1925 423
1950 430
1978 435
2005 438
2030 438
2056 438
2083 438
2109 440
2134 443
2158 452
2179 464
2200 475
.PEN_UP
.PEN_DOWN
780 728
788 738
790 728
785 718
785 706
.PEN_UP
.PEN_DOWN
1141 687
1136 701
1136 716
1139 726
1144 735
.PEN_UP
.PEN_DOWN
2650 545
2655 555
2667 567
2675 582
2675 591
2666 631
2654 632
2637 628
2615 610
2589 584
2563 549
2539 507
2522 471
2511 438
2514 413
2523 401
2535 406
2551 416
2567 430
2585 448
2602 473
2619 502
2636 532
2650 561
2657 578
2653 570
2645 553
2632 532
2621 503
2610 472
2606 443
2610 419
2619 413
2633 418
2651 427
2673 443
2695 463
2719 494
2745 531
2770 565
2791 593
2796 595
2791 580
2781 558
2770 531
2757 502
2744 471
2744 452
2751 447
2761 456
2773 468
2790 489
2811 513
2833 541
2857 563
2872 561
2876 549
2870 534
2866 514
2863 490
2863 466
2868 446
2880 431
2895 421
2914 421
2937 427
2961 437
2987 450
3013 466
3035 486
3055 508
3072 531
3085 555
3085 576
3075 592
3061 595
3041 590
3016 576
2989 554
2964 525
2941 490
2922 457
2913 428
2918 407
2927 391
2940 385
2959 390
2982 401
3007 416
3034 441
3057 471
3082 505
3105 547
3128 591
3150 638
3171 681
3183 716
3177 732
3169 723
3157 710
3143 686
3121 653
3095 606
3068 550
3039 492
3017 442
3006 402
3013 370
3026 350
3046 339
3073 343
3107 353
3142 368
3175 389
3206 413
3232 439
3253 465
.PEN_UP
.PEN_DOWN
3716 550
3718 560
3728 572
3735 587
3740 596
3735 633
3724 633
3706 626
3685 613
3664 592
3647 567
3635 538
3625 508
3617 480
3613 455
3617 432
3626 417
3644 410
3669 412
3702 419
3737 434
3770 452
3804 475
3837 501
3868 527
3898 552
3923 577
3932 599
3928 613
3920 619
3906 615
3887 606
3867 591
3845 570
3825 544
3808 516
3794 489
3794 463
3801 441
3812 427
3826 422
3846 427
3869 437
3892 455
3913 478
3931 506
3946 534
3958 563
3966 592
3968 618
3964 644
3953 659
3939 657
3920 647
3902 635
3889 618
3880 599
3875 578
3875 558
3880 539
3890 523
3906 516
3924 519
3945 525
3965 533
3986 541
4006 552
4028 565
4050 579
4072 594
4092 609
4110 622
4122 624
4125 617
4118 600
4108 577
4095 551
4080 522
4064 497
4050 474
4036 451
4023 436
4019 440
4025 453
4034 469
4048 492
4064 525
4081 558
4094 594
4100 626
4095 647
4086 654
4072 645
4055 631
4039 613
4028 592
4026 569
4034 549
4046 534
4066 525
4093 528
4125 535
4160 547
4196 566
4229 588
4251 606
4255 604
4247 591
4235 570
4216 537
4193 494
4170 446
4147 400
4127 358
4109 324
4092 291
4080 265
4072 249
4076 260
4084 280
4097 314
4118 357
4150 419
4187 484
4228 545
4264 595
4296 630
4324 647
4348 641
4364 625
4373 606
4370 578
4362 545
4348 509
4328 477
4304 455
4276 436
4251 430
4227 433
4209 441
4201 450
4206 457
4216 453
4229 449
4245 444
4270 442
4299 442
4333 447
4367 455
4395 466
4420 481
4443 496
4465 515
4489 538
4510 564
4527 593
4529 615
4523 620
4513 616
4498 601
4477 581
4453 554
4429 521
4412 490
4401 462
4404 435
4414 415
4428 405
4446 407
4469 416
4492 430
4515 448
4536 472
4552 503
4563 535
4570 566
4573 597
4569 622
4559 636
4545 630
4526 616
4505 596
4490 573
4479 549
4476 524
4480 501
4491 484
4510 476
4535 478
4566 484
4596 493
4627 506
4657 524
4685 546
4714 572
4737 595
4745 603
4740 599
4731 586
4718 569
4704 545
4687 516
4668 483
4650 452
4637 426
4637 422
4643 431
4653 444
4667 464
4684 488
4707 516
4729 542
4753 567
4777 589
4799 602
4813 596
4820 585
4823 569
4827 552
4836 537
4850 525
4869 519
4889 520
4913 527
4936 535
4961 547
4979 564
4983 577
4974 591
4963 600
4948 599
4927 590
4900 575
4871 553
4841 525
4811 496
4786 467
4769 441
4769 420
4778 404
4792 399
4813 403
4841 412
4872 425
4904 446
4935 472
4964 501
4991 530
5008 553
5004 568
4993 564
4978 553
4960 535
4939 512
4918 487
4906 462
4908 441
4918 426
4932 418
4952 421
4978 431
5007 444
5037 458
5067 479
5095 504
5127 536
5159 572
5192 612
5225 652
5252 687
5263 716
5257 727
5247 724
5232 713
5213 694
5188 667
5160 632
5133 594
5108 558
5087 521
5071 490
5060 462
5056 438
5062 418
5072 404
5086 399
5108 404
5135 414
5164 429
5197 447
5228 470
5254 495
5278 517
5297 538
5307 557
5303 558
5297 552
5286 540
5275 525
5263 505
5247 481
5232 458
5222 435
5225 415
5233 405
5244 403
5259 406
5278 408
5302 410
5327 415
5353 421
5380 430
5409 442
5436 457
5462 477
5484 500
5489 522
5483 538
5470 545
5455 540
5435 531
5408 519
5382 500
5359 474
5341 448
5337 421
5342 399
5351 384
5363 377
5380 381
5402 386
5425 395
5448 411
5469 436
5487 464
5499 496
5506 527
5509 555
5506 579
5495 590
5480 584
5460 574
5440 560
5428 543
5426 523
5434 503
5447 488
5466 486
5491 494
5522 501
5557 511
5595 528
5637 549
5675 569
5698 582
5700 577
5690 569
5675 558
5656 543
5635 522
5612 496
5591 469
5572 442
5566 419
5571 408
5581 411
5595 420
5616 434
5646 455
5682 482
5719 508
5755 534
5787 555
5801 566
5798 567
5788 562
5773 551
5755 536
5734 514
5714 486
5699 460
5694 434
5702 413
5716 398
5734 394
5761 399
5794 408
5829 420
5868 443
5904 470
5943 503
5981 534
6012 563
6037 586
6048 590
6045 581
6037 568
6028 548
6015 522
6001 488
5988 454
5973 422
5954 397
5931 380
5904 376
5877 382
5859 394
5853 410
5859 433
5871 458
5887 480
5904 491
5918 484
5924 475
5925 460
5931 439
5943 418
5963 400
5992 390
6027 393
6067 399
6111 409
6158 422
6204 438
6251 458
6292 480
6322 502
6335 520
6329 531
.PEN_UP
.PEN_DOWN
5503 723
5508 733
5513 743
5520 755
5527 767
.PEN_UP
.PEN_DOWN
5062 643
5079 648
5089 648
5111 650
5133 650
5220 655
5249 659
5283 662
5319 661
5354 659
.PEN_UP
.PEN_DOWN
6415 455
6417 440
6417 431
6415 416
6410 406
6388 372
6376 361
6361 350
.PEN_UP
.PEN_DOWN
6864 477
6864 487
6864 499
6864 514
6864 524
6862 561
6854 571
6841 572
6826 566
6806 556
6791 538
6777 515
6766 486
6758 457
6752 429
6750 402
6754 378
6764 361
6777 357
6795 365
6814 380
6831 399
6846 426
6859 459
6869 489
6875 516
6871 522
6863 511
6855 493
6847 472
6840 447
6838 421
6843 399
6854 384
6870 383
6891 389
6913 400
6934 417
6952 443
6969 475
6985 508
7003 541
7021 566
7036 574
7047 567
7052 551
7054 529
7052 501
7049 467
7042 438
7032 411
7018 393
7002 388
6986 396
6970 408
6960 413
6958 405
6963 396
6973 390
6989 388
7013 389
7042 393
7073 400
7103 413
7130 429
7154 450
7170 473
7175 496
.PEN_UP
.PEN_DOWN
7583 533
7581 524
7576 507
7571 489
7564 470
7549 422
7546 406
7546 392
7555 391
7569 398
7588 412
7611 433
7630 459
7647 491
7661 520
7670 541
7671 548
7666 537
7660 519
7652 495
7644 464
7639 433
7639 405
7645 386
7659 382
7678 389
7698 400
7717 414
7730 434
7740 461
7749 488
7756 516
7760 543
7757 554
7754 550
7751 543
7749 531
7750 516
7758 501
7771 489
7790 482
7815 482
7839 485
7863 494
7883 506
7897 525
7900 548
7893 566
7880 570
7864 562
7844 548
7825 528
7811 501
7799 470
7790 441
7792 415
7801 393
7813 379
7830 376
7852 381
7879 394
7909 415
7942 445
7973 483
8003 523
8030 568
8053 608
8073 646
8090 680
8091 704
8084 716
8073 712
8062 699
8045 677
8027 647
8007 610
7988 569
7969 527
7952 487
7946 448
7948 413
7955 388
7966 371
7983 375
8006 383
8033 397
8065 419
8100 449
8134 487
8170 531
8201 571
8226 610
8248 645
8256 671
8249 693
8242 703
8229 699
8213 689
8193 669
8170 641
8146 605
8123 565
8104 526
8092 490
8087 459
8091 432
8100 408
8113 390
8135 379
8164 376
8197 382
8232 393
8264 411
8291 431
.PEN_UP
.PEN_DOWN
8675 448
8683 460
8688 470
8690 480
8695 489
8703 532
8704 547
8700 562
8691 572
8677 569
8657 560
8633 539
8610 511
8588 478
8571 442
8561 413
8564 388
8571 372
8584 370
8601 378
8623 392
8645 411
8668 435
8687 463
8702 489
8715 516
8712 528
8704 517
8693 500
8678 477
8663 451
8650 419
8651 393
8658 374
8673 370
8695 376
8721 387
8752 405
8779 429
8802 457
8825 490
8847 518
8866 538
8879 539
8885 525
8882 506
8877 480
8871 450
8864 421
8851 395
8835 375
8815 363
8793 356
8771 357
8761 364
8763 374
8771 383
8784 395
8800 401
8824 405
8853 410
8882 414
8913 420
8938 428
.PEN_UP
.PEN_DOWN
9434 429
9436 441
9443 453
9443 470
9443 480
9428 520
9414 522
9395 519
9376 511
9354 497
9333 476
9315 448
9301 419
9294 391
9293 366
9298 345
9312 338
9334 345
9363 362
9394 382
9424 408
9451 443
9477 475
9501 513
9524 550
9546 584
9563 618
9569 640
9564 643
9556 631
9545 611
9531 581
9514 544
9493 498
9476 457
9464 423
9459 394
9464 376
9473 364
9491 362
9514 367
9542 378
9573 395
9601 418
9626 445
9647 473
9662 499
9662 521
9655 534
9643 529
9627 517
9608 499
9589 477
9577 453
9571 426
9572 402
9581 380
9594 364
9615 356
9646 358
9676 364
9711 378
9745 398
9776 422
9806 447
9832 470
9852 489
9864 508
9860 528
9848 540
9831 539
9810 533
9785 525
9761 509
9741 488
9723 464
9711 439
9704 416
9709 399
9718 388
9735 389
9754 396
9779 409
9805 426
9828 448
9849 475
9856 492
9852 494
9843 484
9832 469
9823 452
9817 431
9821 411
9829 396
9842 387
9860 392
9886 399
9914 412
9945 435
9978 464
10012 498
10046 538
10078 574
10102 609
10117 640
10117 665
10108 679
10097 677
10082 670
10066 658
10048 637
10031 608
10012 573
9994 536
9976 498
9963 466
9957 433
9960 406
9969 388
9982 374
10002 372
10028 375
10056 385
10087 402
10118 424
10148 449
10176 475
10202 500
10217 522
10214 542
10206 552
10195 546
10182 537
10167 523
10150 507
10134 486
10120 465
10109 443
10107 422
10113 401
10124 383
10140 373
10160 378
10182 385
10204 397
10226 408
10249 421
10273 437
10293 454
10308 474
10318 497
10323 519
10328 541
10332 554
10332 550
10330 542
10327 531
10322 516
10314 494
10306 470
10296 446
10282 424
10271 409
10263 407
10266 414
10273 426
10284 445
10297 470
10314 498
10328 525
10340 551
10344 576
10339 594
10328 599
10315 590
10302 578
10298 561
10303 541
10312 524
10326 512
10348 507
10377 508
10412 514
10446 522
10478 534
10508 553
10529 570
10540 576
10539 569
10535 554
10529 536
10522 514
10516 487
10507 461
10496 437
10481 417
10459 404
10435 396
10410 398
10390 406
10382 419
10387 434
10396 443
10409 438
10424 431
10443 422
10463 414
10489 410
10519 408
10551 410
10581 414
10607 421
10630 433
10649 449
10665 467
.PEN_UP
.PEN_DOWN
11143 711
11136 702
11126 685
11118 670
11111 653
11080 594
11066 569
11047 538
11026 506
11005 474
10989 444
10979 417
10979 392
10986 374
10997 364
11014 365
11035 373
11056 385
11075 402
11095 423
11111 446
11124 468
11137 490
11148 509
11160 523
11165 521
11161 511
11154 492
11143 466
11129 436
11113 405
11104 395
11109 400
11118 412
11129 432
11141 457
11151 490
11155 527
11151 551
11147 559
11149 549
11157 538
11173 528
11197 519
11231 511
11266 505
11298 502
11326 501
11350 504
11367 512
11367 523
11356 533
11343 539
11326 536
11303 526
11277 513
11249 492
11222 465
11201 437
11187 410
11188 386
11197 371
11209 370
11230 376
11258 390
11287 410
11319 434
11347 462
11368 487
11375 503
11370 506
11361 497
11349 484
11334 467
11322 444
11322 419
11331 397
11343 383
11361 376
11386 381
11413 389
11441 402
11467 418
11493 436
11519 459
11544 483
11567 508
11576 534
11570 552
11559 558
11541 552
11519 541
11492 522
11468 499
11446 471
11428 444
11415 421
11415 401
11424 385
11436 379
11452 384
11474 393
11502 411
11530 433
11561 465
11592 504
11625 543
11659 587
11689 626
11714 659
11720 682
11715 687
11705 681
11693 666
11672 641
11645 607
11617 565
11589 525
11567 488
11554 455
11556 426
11563 402
11573 389
11589 384
11608 387
11631 391
11655 400
11680 414
11704 434
11726 457
11747 480
11762 498
11761 501
11751 492
11741 479
11730 465
11720 444
11712 423
11716 401
11725 386
11740 384
11759 389
11786 397
11815 407
11843 422
11870 443
11895 464
11908 478
11905 478
11897 470
11886 458
11871 440
11862 419
11868 401
11877 394
11892 399
11913 408
11938 421
11969 440
12002 464
12034 490
12059 510
12069 514
12064 508
12054 496
12040 477
12026 454
12012 427
12006 402
12011 384
12021 370
12035 363
12059 366
12088 374
12122 384
12155 396
12187 414
12217 435
12243 459
12265 484
12271 509
12265 526
12249 540
12229 545
12207 541
12179 530
12158 514
12143 492
12133 467
12138 445
12146 428
12161 417
12178 415
12199 419
12224 425
12242 427
12249 421
12243 407
12234 384
12223 348
12210 301
12195 255
12178 206
12162 161
12148 117
12137 76
12125 47
12109 32
12089 36
12065 45
12042 58
12023 78
12009 103
12006 134
12011 167
12023 196
12043 224
12070 246
12107 269
12151 293
12199 319
12252 348
12310 378
12366 406
12416 431
12460 456
.PEN_UP
.PEN_DOWN
11979 658
11986 672
11994 682
11999 694
.PEN_UP
.PEN_DOWN
10958 575
10972 580
10982 582
10992 589
11004 597
11080 614
11109 619
11145 626
.PEN_UP
.PEN_DOWN
12686 526
12676 519
12674 504
12669 485
12659 465
12625 403
12619 384
12624 364
12633 350
12651 350
12674 360
12705 374
12738 394
12765 419
12788 448
12809 482
12826 521
12845 564
12862 603
12874 637
12878 657
12873 648
12864 634
12849 611
12824 576
12791 525
12756 467
12721 400
12685 334
12655 272
12626 212
12601 162
12586 123
12590 98
12599 97
12613 108
12635 128
12661 160
12691 203
12718 253
12740 300
12758 346
12769 386
12764 417
12755 438
12741 440
12727 431
12715 420
12716 406
12724 391
12740 379
12763 379
12792 384
12826 391
12859 403
12892 418
12921 436
12950 456
12977 478
12994 500
12997 518
12986 528
12970 524
12946 511
12915 494
12886 469
12859 439
12841 410
12838 383
12845 360
12856 344
12873 341
12895 347
12920 356
12944 371
12962 393
12978 418
12990 450
12998 477
13003 504
13003 530
12997 548
12987 558
12973 552
12959 542
12950 528
12955 512
12966 496
12984 485
13006 483
13036 488
13067 498
13099 510
13130 525
13158 542
13175 548
13174 542
13164 529
13150 508
13133 483
13114 452
13094 423
13078 398
13071 384
13071 386
13076 395
13085 411
13096 432
13109 459
13122 489
13131 518
13131 545
13123 567
13111 578
13116 571
13127 563
13148 553
13178 546
13215 540
13253 536
13286 533
.PEN_UP
.PEN_DOWN
13776 693
13769 676
13764 666
13751 642
13742 620
13710 533
13701 497
13692 453
13685 406
13679 360
13680 323
13688 298
13699 284
13716 286
13737 294
13757 307
13778 327
13796 352
13815 386
13835 426
13855 470
13875 518
13895 565
13911 608
13919 642
13917 659
13912 656
13905 647
13897 627
13886 596
13872 554
13857 506
13843 456
13832 411
13825 375
13828 351
13835 352
13846 365
13859 383
13876 408
13896 438
13917 469
13936 492
13947 498
13949 489
13946 474
13943 457
13938 433
13935 407
13933 379
13936 357
13945 344
13959 343
13977 349
13996 358
14014 374
14032 392
14047 416
14062 442
14074 468
14081 493
14080 513
14072 518
14061 513
14049 504
14037 487
14026 467
14019 438
14013 407
14010 380
14013 356
14022 339
14036 330
14057 330
14082 337
14105 351
14128 367
14148 386
14164 407
14180 427
14194 449
14206 471
14218 493
14225 504
14222 497
14216 485
14209 467
14200 446
14191 421
14182 397
14175 376
14173 355
14178 338
14188 326
14202 323
14220 327
14241 336
14262 349
14282 366
14302 389
14320 414
14338 443
14354 472
14369 499
14381 524
14388 536
14388 531
14385 521
14381 508
14375 487
14368 463
14359 432
14349 399
14338 369
14330 342
14333 338
14341 348
14348 366
14358 397
14367 437
14375 483
14380 526
14378 558
14370 575
14358 574
14346 567
14340 556
14345 539
14355 521
14371 506
14393 497
14424 493
14455 493
14485 493
14511 495
.PEN_UP
.PEN_DOWN
14327 679
14322 688
14322 698
.PEN_UP
.PEN_DOWN
13600 569
13610 569
13637 569
13659 569
13683 574
13749 591
13779 599
13815 609
13855 619
.PEN_UP
.PEN_DOWN
14939 459
14939 469
14946 484
14949 498
14949 510
14909 499
14895 480
14881 457
14865 423
14851 382
14843 347
14846 313
14855 291
14868 282
14885 283
14907 292
14928 309
14949 332
14965 359
14976 388
14981 421
14983 454
14982 486
14978 519
14970 539
14955 539
14938 528
14922 514
14908 496
14901 472
14902 445
14910 421
14924 410
14947 416
14973 424
15001 440
15028 457
15051 478
15071 501
15083 503
15083 493
15075 472
15066 446
15054 413
15044 380
15037 352
15040 332
15048 329
15059 337
15072 350
15093 366
15118 393
15145 426
15172 459
15197 492
15211 511
15213 509
15207 495
15200 476
15190 450
15179 421
15168 392
15167 366
15173 346
15185 333
15201 336
15223 344
15246 357
15264 377
15279 400
15291 427
15302 456
15311 483
15317 510
15314 529
15305 527
15294 519
15285 508
15280 493
15286 476
15300 464
15318 464
15342 472
15369 482
15396 498
15422 516
15446 537
15462 548
15462 541
15455 529
15445 510
15429 483
15410 449
15390 414
15375 380
15369 354
15374 344
15384 348
15395 357
15410 372
15429 392
15453 419
15480 452
15510 485
15541 516
15563 529
15569 525
15563 517
15554 499
15543 474
15528 443
15513 406
15503 374
15507 345
15516 325
15532 314
15555 309
15583 314
15614 325
15647 342
15675 367
15703 396
15726 424
.PEN_UP
.PEN_DOWN
16124 371
16138 389
16143 398
16148 408
16153 418
16161 459
16163 475
16163 493
16159 510
16150 518
16132 513
16108 499
16080 477
16052 446
16028 410
16010 378
15999 348
15998 323
16004 305
16015 296
16033 301
16055 311
16081 329
16105 350
16127 378
16148 407
16165 435
16178 459
16175 455
16165 440
16152 421
16135 394
16122 363
16123 330
16134 313
16147 312
16169 321
16196 335
16226 357
16260 387
16294 421
16328 459
16362 495
16394 524
16419 542
16428 533
16423 518
16416 501
16408 482
16405 468
16411 470
16417 478
16423 489
16429 505
16434 524
16431 544
16423 553
16411 548
16392 532
16369 511
16346 485
16328 450
16316 419
16316 388
16323 364
16335 349
16356 341
16380 345
16411 356
16448 374
16487 399
16525 432
16566 465
16602 496
16633 526
16656 543
16662 537
16656 523
16649 506
16645 484
16648 474
16653 477
16659 485
16668 496
16676 512
16672 526
16662 530
16650 524
16634 511
16613 492
16591 464
16571 430
16560 398
16565 369
16572 346
16590 332
16615 328
16645 331
16681 337
16716 346
16749 362
16783 385
16813 412
16836 443
16853 474
16862 503
16859 520
16852 515
16838 505
16819 494
16797 474
16773 450
16756 424
16745 395
16741 371
16746 349
16756 337
16769 335
16790 340
16813 351
16837 368
16859 390
16875 418
16885 447
16892 478
16893 508
16887 526
16877 530
16863 524
16844 510
16832 494
16835 477
16843 460
16855 456
16873 458
16898 466
16927 478
16957 495
16986 516
17011 527
17018 520
17014 509
17006 489
16991 464
16971 431
16950 396
16933 365
16933 341
16940 328
16950 330
16966 336
16986 346
17010 360
17036 377
17063 399
17091 424
17117 454
17137 483
17144 503
17140 503
17134 495
17131 484
17136 472
17143 467
17159 469
17180 476
17206 484
17217 489
17211 485
17204 474
17189 455
17171 429
17149 394
17129 363
17125 341
17131 339
17142 352
17157 368
17182 393
17214 422
17248 454
17283 485
17313 511
17332 523
17335 515
17327 505
17316 488
17301 470
17283 446
17266 421
17256 396
17254 371
17260 352
17270 339
17285 338
17305 344
17330 353
17355 367
17383 388
17414 418
17447 455
17485 497
17522 538
17555 577
17580 609
17589 637
17583 644
17573 634
17560 616
17543 592
17520 556
17494 509
17468 462
17446 418
17429 381
17420 354
17423 331
17433 316
17447 313
17468 319
17495 327
17525 336
17560 348
17593 364
17625 381
17654 401
17678 425
17697 449
17703 474
.PEN_UP
.PEN_DOWN
17416 557
17426 557
17443 557
17453 557
17472 557
17528 574
17548 579
17571 583
17594 584
17619 584
17641 587
.PEN_UP
.PEN_DOWN
17750 411
17750 423
17750 403
17750 384
17745 367
17712 312
17699 296
17684 279
.PEN_UP
.PEN_DOWN
18084 442
18091 459
18096 474
18101 484
18104 493
18099 529
18091 537
18075 535
18052 525
18025 510
17994 480
17965 445
17939 406
17920 368
17922 342
17931 329
17942 332
17960 339
17981 352
18006 372
18031 397
18053 426
18074 458
18091 486
18091 505
18084 506
18072 491
18056 470
18037 440
18021 408
18013 379
18016 354
18025 343
18039 339
18056 344
18081 355
18108 374
18139 400
18172 436
18206 474
18240 508
18270 538
18285 547
18286 538
18282 521
18274 502
18268 484
18267 475
18270 482
18275 493
18281 508
18286 527
18287 549
18281 560
18270 561
18252 551
18228 532
18201 504
18177 470
18155 432
18141 399
18141 369
18148 347
18162 335
18183 332
18211 335
18243 340
18275 351
18308 370
18341 396
18375 429
18409 469
18441 513
18469 554
18492 594
18498 624
18493 639
18484 636
18474 626
18461 608
18441 579
18417 542
18393 495
18371 450
18354 410
18345 377
18348 353
18356 344
18371 349
18389 359
18414 375
18444 394
18474 423
18504 455
18532 484
18548 503
18546 502
18538 493
18528 477
18514 457
18497 430
18483 400
18472 374
18475 349
18483 333
18495 332
18512 340
18533 350
18557 364
18582 383
18607 405
18632 430
18656 457
18679 483
18696 507
18704 516
18702 510
18694 499
18683 480
18670 458
18657 428
18645 399
18637 372
18634 349
18638 331
18648 322
18662 327
18680 335
18701 347
18721 365
18741 388
18762 415
18782 447
18803 475
18817 500
18819 510
18814 503
18808 493
18805 479
18802 463
18805 444
18812 430
18824 420
18842 419
18865 424
18890 430
18917 442
18940 459
18959 478
18971 500
18973 521
18967 530
18954 525
18933 517
18907 502
18877 480
18848 451
18826 419
18811 388
18810 362
18818 343
18830 331
18847 326
18868 329
18892 336
18915 346
18940 360
18968 378
18998 399
19028 425
19058 453
19086 482
19111 508
19134 535
19156 561
19171 587
19182 616
19189 641
19190 665
19185 682
19178 683
19164 675
19144 660
19116 635
19087 599
19057 556
19030 510
19006 466
18988 427
18979 391
18985 364
18994 347
19010 343
19029 347
19055 351
19085 360
19114 377
19147 401
19177 431
19205 461
19227 487
19230 504
19222 497
19209 486
19192 473
19172 455
19155 433
19152 408
19160 389
19174 378
19192 379
19215 383
19241 393
19265 404
19290 420
19313 442
19330 466
19336 481
19329 482
19319 473
19307 459
19292 436
19274 404
19254 364
19232 316
19210 267
19187 218
19167 169
19152 123
19135 81
19120 46
19103 22
19083 11
19062 15
19041 26
19022 42
19007 60
19000 84
19004 111
19012 142
19029 176
19052 209
19083 240
19120 265
19159 287
19199 308
19240 324
19282 338
19321 352
19360 363
19392 375
.PEN_UP
.PEN_DOWN
18708 615
18711 625
18713 637
18721 647
18721 657
.PEN_UP
.PEN_DOWN
18326 540
18335 537
18345 537
18355 537
18365 540
18438 561
18468 568
18501 573
18537 576
18575 580
18610 582
18643 584
18672 584
.PEN_UP
.PEN_DOWN
19902 638
19902 628
19899 618
19895 608
19890 591
19875 530
19869 501
19863 468
19856 428
19849 384
19845 344
19842 308
19841 278
19843 255
19852 241
19868 245
19887 257
19906 274
19920 298
19930 326
19936 360
19939 394
19939 424
19934 450
19922 456
19907 448
19898 434
19903 421
19913 410
19927 405
19946 409
19969 416
19999 430
20028 446
20053 466
20076 484
20085 487
20081 481
20074 469
20063 449
20051 419
20040 385
20035 353
20040 329
20051 315
20066 309
20085 315
20106 325
20124 338
20139 355
20149 378
20156 402
20161 426
20164 452
20162 475
20155 494
20144 500
20131 493
20118 483
20111 471
20113 455
20121 439
20135 427
20153 428
20174 436
20193 447
20211 462
20228 479
20244 487
20255 482
20257 475
20252 458
20244 437
20234 411
20222 378
20212 348
20213 321
20221 304
20232 301
20247 304
20265 312
20284 323
20303 340
20322 363
20341 390
20361 418
20380 446
20395 472
20403 495
20399 508
20393 506
20387 499
20384 486
20382 467
20385 445
20391 422
20402 407
20419 397
20442 394
20471 397
20500 405
20528 416
20553 431
20569 450
20578 469
20576 491
20568 510
20553 521
20535 517
20514 508
20491 491
20470 471
20448 448
20431 422
20424 400
20430 383
20440 372
20452 370
20466 374
20485 385
20502 399
20518 418
20531 439
20540 446
20537 433
20531 413
20523 382
20513 339
20503 286
20492 230
20480 175
20466 125
20450 82
20434 46
20417 19
20399 2
20379 1
20362 10
20351 26
20348 51
20354 85
20365 130
20385 179
20409 230
20442 286
20478 341
20518 395
20560 444
20599 488
20638 529
20670 563
20697 591
20709 599
20704 590
20696 573
20685 548
20671 513
20654 466
20634 419
20613 372
20593 327
20583 294
20585 277
20590 281
20597 289
20610 309
20625 334
20646 367
20673 407
20701 444
20724 459
20734 451
20730 438
20723 417
20717 393
20710 365
20705 338
20704 313
20709 295
20719 288
20733 291
20754 298
20778 312
20801 331
20824 355
20844 382
20863 409
20881 438
20893 468
20904 498
20911 525
20918 550
20921 564
20918 559
20913 551
20906 539
20896 517
20882 490
20866 456
20853 420
20844 387
20840 356
20840 329
20847 305
20857 286
20872 274
20893 271
20916 275
20944 283
20974 294
21004 312
21033 334
21055 358
21063 380
.PEN_UP
.PEN_DOWN
20811 494
20821 494
20831 494
20841 499
20850 501
20916 519
20943 527
20970 534
21004 544
21038 553
21067 561
.PEN_UP
.PEN_DOWN
21577 543
21589 547
21601 560
21611 565
21623 572
21673 589
21688 597
21704 603
21726 612
21752 625
21778 637
21803 651
21823 667
21829 676
21827 674
21819 666
21810 652
21797 630
21783 600
21769 562
21757 528
21745 495
21734 463
21722 433
21711 405
21699 377
21686 353
21668 331
21647 311
21622 294
21595 283
21567 277
21541 274
21517 278
21500 287
21487 303
21479 324
.PEN_UP
.PEN_DOWN
21828 521
21823 511
21816 494
21811 474
21806 440
21789 377
21782 359
21774 336
21770 311
21775 291
21784 292
21797 306
21812 322
21829 344
21844 372
21859 403
21871 434
21881 464
21882 480
21877 477
21872 468
21866 455
21864 439
21868 421
21878 405
21892 397
21912 399
21937 404
21964 416
21992 433
22018 454
22040 478
22051 502
22046 518
22039 523
22028 517
22012 507
21994 492
21973 471
21953 441
21936 411
21925 379
21927 349
21934 328
21951 319
21974 324
22001 334
22031 346
22060 365
22087 391
22113 422
22139 456
22164 489
22189 522
22209 537
22219 528
22214 511
22206 484
22195 451
22183 413
22168 373
22150 339
22129 313
22106 299
22088 305
22078 317
22080 334
22087 352
22095 359
22102 354
22112 344
22125 332
22141 323
22165 317
22196 317
22227 320
22263 328
22298 339
22328 350
22357 366
22384 384
22404 405
22418 431
22426 459
22426 487
22421 512
22411 526
22397 528
22376 522
22351 512
22325 494
22299 468
22275 434
22253 396
22238 358
22236 325
22245 306
22257 309
22271 316
22293 334
22319 359
22344 392
22373 434
22399 475
22425 517
22451 560
22473 603
22494 644
22507 680
22505 689
22497 680
22485 662
22467 635
22444 598
22419 552
22395 503
22372 452
22353 406
22338 364
22339 329
22348 309
22367 301
22394 305
22427 312
22464 321
22498 337
22531 360
22561 386
22588 416
22611 446
22627 474
22634 500
22629 523
22620 531
22605 526
22588 516
22563 496
22536 470
22509 438
22482 405
22460 376
22445 349
22445 324
22454 305
22466 302
22483 310
22502 319
22525 336
22546 359
22568 388
22590 424
22610 458
22627 488
22632 499
22626 492
22617 480
22603 461
22586 436
22567 404
22553 372
22545 342
22549 317
22558 303
22576 301
22598 306
22625 314
22654 330
22681 353
22706 381
22731 410
22754 438
22769 458
22771 463
22763 454
22750 441
22734 419
22714 392
22697 361
22694 333
22700 321
22710 322
22725 328
22746 337
22770 354
22795 376
22820 403
22844 431
22862 456
22865 464
22856 458
22844 444
22830 421
22810 390
22791 350
22773 304
22758 257
22746 208
22733 157
22718 110
22704 69
22687 36
22671 15
22654 2
22634 0
22612 4
22591 8
22570 13
22550 22
22535 36
22526 53
22528 74
22535 97
22550 122
22573 148
22606 180
22649 210
22693 241
22739 271
22783 296
22823 318
22862 334
.PEN_UP
.PEN_DOWN
23103 335
23115 350
23123 360
23135 370
23150 372
.PEN_UP
