

.STYLE CURSIVE
.COMMENT previously: .WRITER_ID dsfr.698
.WRITER_ID dsf
.HAND R
.SEX F

.PEN_DOWN
115 685
125 693
135 702
137 712
142 734
162 786
164 803
165 823
165 847
159 859
147 849
128 832
105 807
81 773
58 727
36 679
18 631
6 587
0 550
3 520
12 494
31 478
55 476
88 486
121 501
151 520
182 548
209 576
236 607
262 637
284 665
298 691
295 702
287 698
276 686
262 663
247 632
233 597
223 563
221 535
224 513
233 498
247 496
264 504
283 517
298 537
309 562
317 592
323 623
327 653
329 681
326 706
318 714
306 708
294 697
285 682
289 665
299 649
314 641
332 646
354 656
373 668
392 679
404 674
405 658
399 635
391 603
384 571
377 543
380 537
389 545
402 563
418 587
440 620
463 657
487 687
508 699
521 693
521 680
515 659
508 633
498 603
491 575
488 551
493 536
505 530
519 535
535 542
553 554
570 568
586 592
604 617
624 648
645 685
667 724
688 765
708 806
726 843
738 874
738 893
732 891
726 882
717 863
706 834
691 795
673 745
653 695
634 648
618 607
607 572
601 546
602 521
611 504
624 500
642 507
666 521
689 542
713 570
735 605
755 640
774 675
790 707
801 734
808 743
810 738
809 726
807 711
803 693
794 668
782 642
770 616
761 590
756 575
757 578
761 587
766 602
773 626
781 654
787 685
791 714
791 737
786 746
778 739
769 729
761 714
762 696
769 676
781 661
799 653
819 654
841 658
862 667
880 681
895 695
901 697
896 686
888 668
876 647
865 617
853 588
846 562
849 540
856 530
868 532
883 539
903 550
924 569
945 597
968 633
991 671
1014 714
1038 755
1058 796
1076 834
1089 862
1090 870
1084 859
1074 839
1060 810
1040 770
1016 720
994 670
972 617
955 572
946 536
950 508
960 491
977 489
997 498
1020 516
1042 541
1062 575
1078 614
1092 652
1102 684
1104 709
1098 719
1089 712
1077 701
1067 685
1071 669
1083 655
1097 658
1117 667
1138 681
1158 695
1166 694
1162 684
1155 664
1145 640
1134 611
1122 576
1110 545
1110 518
1117 504
1129 505
1143 513
1162 527
1181 548
1200 575
1217 609
1232 641
1242 669
1247 693
1244 705
1239 700
1235 692
1238 683
1246 675
1259 673
1277 679
1300 691
1321 708
1341 731
1359 762
1379 793
1397 821
1403 835
1400 829
1391 818
1380 798
1363 770
1343 737
1320 697
1297 656
1279 617
1267 578
1263 543
1264 512
1272 496
1284 496
1301 504
1322 518
1341 542
1361 571
1381 605
1403 637
1424 661
1431 667
1427 661
1418 648
1407 630
1396 607
1386 578
1383 552
1389 533
1404 524
1421 527
1444 536
1472 553
1499 577
1528 607
1556 640
1573 659
1575 647
1568 631
1560 610
1552 588
1544 564
1547 544
1557 541
1571 549
1589 564
1611 584
1636 611
1661 642
1687 662
1699 665
1698 656
1692 641
1684 621
1675 596
1667 569
1664 544
1670 526
1681 514
1697 514
1720 522
1750 533
1781 550
1813 575
1841 602
1864 630
1883 659
1881 681
1872 693
1859 696
1842 694
1821 688
1799 676
1781 659
1768 636
1769 614
1776 599
1789 591
1804 592
1823 597
1843 605
1856 610
1856 601
1849 583
1841 553
1831 516
1818 469
1805 421
1795 373
1786 329
1779 291
1770 258
1755 238
1736 231
1712 237
1684 248
1661 261
1637 277
1620 300
1611 324
1612 350
1618 378
1633 404
1657 432
1687 458
1729 486
1773 514
1819 540
1864 564
1902 581
1934 594
.PEN_UP
.PEN_DOWN
1507 807
1515 819
1524 832
1532 849
1534 858
.PEN_UP
.PEN_DOWN
1247 790
1261 790
1271 790
1283 790
1307 790
1373 793
1400 796
1436 802
1477 810
1519 817
.PEN_UP
.PEN_DOWN
625 788
635 785
652 788
674 792
698 797
788 820
819 831
858 841
899 849
.PEN_UP
.PEN_DOWN
961 839
969 849
983 863
1000 878
1015 888
.PEN_UP
.PEN_DOWN
2324 883
2324 873
2319 849
2314 832
2305 810
2273 727
2259 694
2244 657
2229 619
2219 581
2218 553
2224 540
2236 540
2252 545
2269 559
2290 582
2310 611
2331 645
2353 676
2365 702
2364 709
2358 703
2348 689
2334 667
2319 638
2307 605
2308 574
2317 555
2331 554
2349 562
2369 571
2388 584
2402 605
2413 630
2420 661
2419 695
2410 724
2395 746
2378 753
2354 750
2337 740
2336 731
2343 723
.PEN_UP
.PEN_DOWN
2173 785
2193 785
2214 785
2229 785
2251 785
2316 802
2341 808
2370 815
2406 823
.PEN_UP
.PEN_DOWN
2978 868
2968 844
2958 829
2948 807
2939 778
2899 677
2882 638
2865 597
2850 560
2845 525
2854 516
2866 526
2883 545
2908 575
2938 618
2972 673
3004 731
3031 782
3055 825
3068 852
3061 858
3052 845
3042 823
3025 788
3003 731
2977 667
2948 602
2926 545
2914 508
2921 494
2931 500
2945 517
2961 538
2986 568
3013 607
3043 646
3072 684
3087 700
3089 694
3085 680
3077 657
3067 627
3057 597
3048 568
3049 543
3055 525
3067 515
3086 518
3108 527
3133 541
3156 562
3177 587
3195 618
3211 649
3211 671
3203 674
3191 661
3176 641
3162 619
3153 592
3154 564
3160 542
3174 525
3193 515
3217 513
3243 517
3262 526
.PEN_UP
.PEN_DOWN
2822 744
2831 746
2851 746
2875 746
2895 751
2991 784
3026 794
3068 804
3110 814
.PEN_UP
.PEN_DOWN
3543 549
3543 539
3543 529
3553 524
3563 527
3597 568
3615 590
3639 622
3668 658
3702 700
3727 711
3738 698
3733 677
3725 652
3716 622
3706 587
3705 567
3710 568
3721 582
3735 602
3751 631
3771 659
3790 686
3804 693
3808 682
3801 663
3795 638
3787 605
3784 583
3790 585
3801 600
3822 620
3846 651
3877 683
3900 702
3907 689
3903 672
3896 648
3889 624
3881 596
3882 571
3888 557
3901 554
3916 559
3936 568
3959 580
3980 594
4001 610
4023 628
4040 648
4051 670
4056 695
4051 709
4040 706
4027 694
4009 676
3987 650
3966 619
3956 589
3962 575
3972 582
3987 594
4004 612
4022 635
4041 661
4056 692
4065 709
4061 706
4054 692
4043 669
4031 640
4022 608
4026 578
4035 565
4050 570
4070 579
4094 595
4120 614
4145 636
4169 664
4192 689
4208 703
4213 692
4209 677
4203 655
4197 631
4188 600
4177 575
4170 570
4171 581
4176 601
4183 625
4193 656
4203 693
4209 725
4204 742
4198 740
4190 732
4186 720
4183 705
4187 689
4196 674
4210 664
4233 665
4262 670
4293 683
4326 701
4355 726
4384 758
4410 794
4434 832
4450 866
4452 892
4446 899
4440 891
4430 871
4417 840
4396 793
4372 733
4347 677
4322 630
4305 594
4292 570
4285 559
4284 565
4287 575
4297 597
4311 625
4334 661
4363 701
4392 732
4421 755
4443 757
4456 749
4462 737
4459 720
4449 698
4434 675
4413 656
4386 643
4363 642
4354 647
4359 650
4366 645
4373 634
4377 616
4381 594
4389 573
4402 559
4423 557
4451 563
4479 575
4510 593
4537 616
4562 647
4582 679
4593 710
4589 730
4580 724
4564 712
4544 692
4521 666
4497 637
4481 607
4480 581
4488 563
4499 550
4515 543
4535 546
4561 555
4588 572
4618 597
4646 631
4675 670
4704 711
4731 755
4759 798
4779 838
4785 865
4780 873
4771 862
4759 841
4740 809
4716 767
4691 717
4666 674
4648 637
4635 607
4633 584
4640 567
4653 561
4669 566
4691 573
4718 589
4745 609
4775 642
4805 678
4830 711
4851 728
4865 721
4872 709
4877 691
4877 668
4873 642
4864 612
4849 586
4829 568
4805 555
4782 557
4762 564
4745 576
4732 591
4731 610
4735 625
4745 622
4755 611
4769 600
4787 586
4804 575
4828 567
4854 565
4882 569
4911 573
4935 581
4957 593
.PEN_UP
.PEN_DOWN
4931 883
4931 873
4931 858
4931 844
4928 829
4910 777
4900 761
4888 742
.PEN_UP
.PEN_DOWN
4628 773
4638 773
4648 773
4672 773
4694 773
4767 794
4789 800
4814 805
4839 810
.PEN_UP
.PEN_DOWN
5357 753
5352 732
5348 714
5343 705
5340 688
5318 632
5311 612
5301 589
5291 569
5286 561
5288 568
5292 584
5299 602
5308 633
5316 670
5323 707
5323 744
5317 769
5304 786
5287 784
5271 777
5256 765
5247 748
5245 729
5250 707
5260 688
5278 674
5308 664
5343 662
5383 665
5422 671
5454 680
5486 693
5508 711
5511 728
5503 739
5490 739
5470 731
5445 720
5417 699
5392 670
5373 639
5360 606
5356 577
5362 553
5373 531
5386 519
5409 520
5439 527
5470 541
5503 562
5533 591
5560 627
5587 666
5611 704
5629 722
5643 715
5648 702
5647 678
5642 651
5633 620
5621 586
5604 561
5585 542
5563 531
5536 531
5511 536
5489 546
5479 560
5485 576
5495 588
5506 585
5518 578
5534 566
5551 555
5574 548
5603 547
5638 551
5676 559
5712 571
5744 586
5771 608
5790 632
5801 660
5804 689
5800 711
5790 725
5776 723
5754 712
5731 693
5707 665
5686 634
5672 599
5666 568
5672 544
5682 530
5701 531
5725 536
5754 543
5783 556
5812 573
5841 601
5871 631
5899 664
5923 696
5935 714
5932 712
5928 701
5921 685
5912 661
5902 633
5889 602
5876 586
5870 592
5875 605
5884 625
5901 654
5922 689
5946 724
5968 752
5979 758
5984 747
5984 729
5984 712
5990 693
6001 678
6016 673
6037 678
6054 687
6068 699
6080 715
6088 733
6086 738
6080 728
6070 709
6057 684
6038 651
6017 614
5995 579
5977 547
5975 522
5983 511
5994 516
6009 527
6029 544
6054 570
6078 599
6099 632
6121 665
6138 695
6145 717
6146 717
6143 707
6140 698
6142 682
6148 666
6159 653
6177 649
6202 652
6228 657
6253 666
6270 678
6280 697
6285 719
6282 740
6275 750
6262 745
6242 731
6216 708
6190 680
6166 645
6148 609
6141 578
6146 552
6155 533
6168 521
6185 515
6207 518
6233 525
6260 536
6289 550
6317 574
6345 600
6373 629
6397 661
6411 689
6408 711
6398 721
6379 716
6353 704
6321 685
6287 659
6258 626
6236 595
6227 567
6233 546
6245 532
6263 526
6284 531
6313 542
6342 562
6372 593
6403 634
6432 680
6461 730
6490 777
6516 820
6534 858
6532 874
6521 867
6503 853
6477 828
6447 789
6414 744
6386 697
6364 654
6355 621
6359 591
6368 564
6386 543
6412 532
6445 531
6481 536
6516 544
6549 556
.PEN_UP
.PEN_DOWN
6835 532
6835 520
6835 508
6845 500
6857 500
6893 504
6909 512
6930 531
6954 559
6979 592
7001 627
7021 660
7039 690
7052 718
7061 733
7065 723
7066 710
7066 686
7066 657
7066 623
7063 587
7057 557
7045 534
7027 518
7006 509
6983 512
6965 520
6951 535
6950 553
6957 569
6968 571
6983 563
6999 555
7018 548
7040 542
7062 543
7084 548
7106 561
7126 581
7146 606
7164 637
7180 670
7195 707
7207 745
7220 784
7230 818
7237 842
7240 849
7238 838
7233 816
7225 787
7214 745
7196 687
7178 634
7161 584
7149 542
7144 515
7148 493
7158 484
7173 486
7192 492
7217 500
7242 511
7269 522
7296 537
7323 555
7348 574
7369 598
7385 623
7396 650
7397 677
7390 695
7377 696
7358 686
7336 669
7310 644
7286 612
7264 576
7242 542
7230 512
7232 491
7239 486
7255 495
7277 510
7302 529
7331 555
7352 584
7374 615
7394 644
7406 670
7404 681
7396 675
7389 661
7378 640
7366 613
7354 581
7345 550
7348 523
7357 510
7369 509
7386 516
7405 526
7426 541
7446 560
7465 585
7484 612
7498 635
7506 642
7506 631
7502 609
7494 584
7487 555
7482 522
7488 513
7496 519
7509 530
7525 548
7548 570
7572 599
7596 629
7612 644
7613 633
7607 618
7601 597
7593 577
7585 553
7587 531
7594 516
7606 515
7622 523
7643 537
7668 560
7693 589
7719 622
7743 653
7766 666
7783 664
7796 661
7803 666
7805 675
7806 689
7802 704
7792 711
7776 705
7757 691
7737 671
7722 646
7712 613
7709 584
7712 559
7721 536
7737 522
7761 514
7793 517
7826 524
7861 534
7894 551
7925 576
7955 607
7980 640
7999 672
8008 701
8003 724
7996 742
7984 745
7967 739
7948 726
7927 707
7907 682
7891 651
7879 618
7872 586
7873 556
7879 529
7891 512
7910 501
7935 499
7964 503
7992 512
8018 523
8040 539
.PEN_UP
.PEN_DOWN
7120 734
7132 737
7142 739
7164 744
7183 747
7257 759
7281 763
7310 770
7346 778
.PEN_UP
.PEN_DOWN
8615 700
8620 691
8617 681
8612 661
8605 642
8585 566
8580 543
8577 520
8579 498
8585 491
8595 496
8606 508
8623 526
8640 551
8656 583
8670 617
8683 647
8692 670
8697 678
8694 668
8691 651
8686 628
8679 599
8672 567
8666 537
8670 512
8678 496
8691 492
8707 497
8733 515
8759 537
8784 564
8802 596
8813 622
8818 650
8818 678
8814 691
8811 687
8815 678
8822 668
8833 660
8851 653
8875 650
8900 649
8926 652
8951 659
8972 671
8980 687
8974 702
8964 712
8950 707
8931 697
8908 672
8882 645
8855 606
8834 567
8821 538
8825 511
8833 501
8847 506
8865 516
8886 534
8909 556
8929 582
8947 612
8962 641
8971 669
8967 684
8959 676
8948 663
8936 642
8922 617
8908 586
8900 552
8903 524
8913 505
8926 497
8949 504
8974 516
8997 534
9018 561
9034 594
9050 632
9068 669
9087 704
9105 724
9118 713
9125 696
9125 671
9122 645
9118 614
9112 581
9102 555
9089 531
9070 514
9046 509
9021 511
8997 519
8979 531
8973 550
8977 574
8983 598
8991 609
8998 605
9004 596
9009 582
9012 562
9020 540
9033 519
9055 504
9084 497
9115 498
9148 506
9179 520
9205 540
9227 568
9243 601
9253 632
9258 660
.PEN_UP
.PEN_DOWN
9702 851
9692 844
9685 834
9675 803
9666 783
9629 671
9616 637
9603 601
9588 566
9576 531
9572 504
9578 489
9589 490
9602 498
9621 513
9643 536
9663 568
9682 607
9699 648
9718 691
9738 731
9762 773
9775 802
9778 803
9774 787
9766 770
9754 742
9735 701
9714 651
9693 604
9677 562
9667 528
9669 507
9676 502
9683 510
9695 525
9710 546
9729 576
9751 611
9773 642
9795 663
9805 665
9808 656
9802 638
9795 615
9786 584
9778 551
9782 526
9790 509
9802 501
9823 504
9849 511
9877 523
9903 539
9924 562
9942 586
9954 614
9960 643
9954 664
9940 672
9923 664
9904 652
9883 631
9866 606
9854 577
9849 545
9854 521
9864 504
9881 491
9907 487
9937 488
9967 491
9993 502
10001 519
.PEN_UP
.PEN_DOWN
9502 715
9517 710
9527 710
9553 713
9578 717
9648 739
9679 747
9713 754
9748 760
9784 766
.PEN_UP
.PEN_DOWN
10519 693
10514 683
10504 669
10499 647
10495 627
10475 568
10470 550
10463 532
10455 511
10447 498
10444 501
10446 509
10450 523
10458 545
10467 572
10479 608
10489 645
10495 677
10492 707
10482 724
10467 724
10454 715
10440 699
10437 679
10442 655
10455 633
10476 621
10508 616
10543 618
10577 622
10609 631
10635 643
10657 658
10664 676
10658 690
10646 691
10630 683
10609 669
10582 649
10558 622
10538 589
10534 560
10542 535
10554 521
10572 518
10597 523
10627 532
10658 546
10688 564
10715 589
10740 616
10763 644
10784 679
10804 716
10822 754
10837 793
10848 825
10853 852
10849 865
10839 857
10822 842
10799 815
10770 778
10745 732
10720 682
10698 636
10683 595
10679 560
10686 535
10697 516
10714 510
10739 512
10770 516
10802 524
10834 541
10862 563
10889 590
10915 623
10935 657
10947 688
10941 712
10932 722
10920 716
10904 706
10888 692
10870 673
10853 647
10839 619
10829 593
10833 568
10841 546
10854 531
10874 520
10901 518
10931 520
10963 525
10993 533
11021 544
11046 558
11067 574
11085 595
11100 621
11110 647
11108 662
11100 666
11087 663
11069 656
11046 643
11021 626
10998 605
10978 583
10968 560
10971 540
10979 523
10993 514
11014 518
11036 524
11060 536
11079 553
11096 574
11111 596
11123 618
11123 633
11117 625
11107 612
11095 598
11082 579
11074 557
11080 535
11089 518
11104 513
11123 517
11148 526
11176 539
11201 556
11222 582
11245 611
11266 644
11286 676
11304 691
11314 688
11319 677
11318 656
11313 626
11305 590
11295 555
11280 525
11263 504
11244 492
11223 487
11202 489
11181 495
11167 506
11162 523
11166 541
11173 542
11179 533
11188 523
11203 514
11221 506
11249 499
11281 497
11316 497
11352 500
11383 508
11410 520
11432 538
11447 559
11456 584
11461 609
11457 633
11448 644
11435 639
11414 627
11389 605
11369 579
11357 548
11361 519
11372 496
11392 478
11420 468
11456 462
11494 464
11527 470
11556 484
.PEN_UP
.PEN_DOWN
11841 491
11850 496
11860 503
11884 508
11901 510
11963 551
11983 571
12007 593
12034 620
12062 654
12089 689
12112 725
12130 760
12143 791
12151 817
12147 836
12138 841
12123 833
12103 815
12075 785
12041 744
12008 690
11980 640
11956 595
11938 552
11932 519
11936 492
11946 473
11961 466
11981 468
12006 473
12034 481
12065 492
12095 507
12128 529
12158 552
12186 576
12214 603
12237 626
12246 649
12241 664
12233 665
12220 659
12206 650
12185 639
12159 626
12130 606
12100 583
12075 558
12053 535
12045 516
12054 504
12066 498
12086 500
12109 506
12136 518
12163 534
12187 554
12207 578
12221 601
12220 615
12211 610
12199 597
12183 577
12166 552
12163 528
12170 507
12181 495
12197 498
12220 506
12248 517
12278 532
12306 551
12331 575
12356 602
12381 637
12408 677
12434 720
12458 761
12478 797
12483 823
12477 828
12465 820
12450 805
12430 783
12402 748
12372 702
12342 656
12314 611
12292 572
12282 542
12286 515
12295 496
12309 484
12328 481
12353 484
12383 491
12416 502
12449 519
12481 543
12511 571
12537 601
12558 632
12568 662
12560 682
12548 688
12533 682
12517 671
12496 657
12478 637
12462 612
12450 587
12443 561
12446 541
12453 523
12465 512
12481 507
12503 509
12527 512
12551 521
12576 534
12598 550
12619 574
12639 599
12656 623
12672 646
12689 662
12697 662
12696 656
12693 645
12685 629
12673 606
12656 581
12636 556
12626 541
12627 543
12631 553
12637 572
12646 597
12658 628
12670 660
12681 687
12691 704
12700 702
12712 694
12728 682
12751 669
12778 658
12804 653
12823 659
.PEN_UP
.PEN_DOWN
12250 734
12260 732
12270 732
12289 727
12304 725
12364 726
12394 730
12430 737
12468 745
12505 753
.PEN_UP
.PEN_DOWN
12882 520
12899 522
12908 522
12926 525
12940 535
12988 577
13007 592
13027 608
13048 627
13070 648
13090 669
13106 688
13111 704
13104 704
13095 695
13081 681
13061 655
13037 621
13011 579
12993 540
12995 511
13006 494
13018 496
13039 503
13063 517
13091 535
13120 558
13145 585
13166 609
13174 617
13169 607
13160 593
13148 575
13135 556
13118 533
13112 514
13119 503
13130 505
13148 514
13171 531
13200 552
13229 580
13257 612
13277 637
13280 647
13271 641
13261 625
13247 606
13231 582
13218 554
13221 530
13232 509
13248 497
13270 490
13295 492
13320 500
.PEN_UP
.PEN_DOWN
13196 817
13208 817
13218 817
.PEN_UP
.PEN_DOWN
13727 816
13718 807
13718 794
13713 777
13708 768
13683 696
13672 660
13661 616
13650 569
13640 520
13635 482
13632 451
13635 430
13643 427
13656 434
13674 447
13696 467
13718 493
13743 526
13765 559
13785 592
13804 631
13818 669
13832 709
13845 748
13856 780
13862 800
13859 798
13854 785
13845 759
13836 721
13824 674
13810 618
13795 568
13780 524
13768 486
13761 460
13762 454
13767 462
13777 477
13790 497
13808 522
13831 554
13854 581
13876 603
13891 608
13895 601
13891 586
13885 568
13879 544
13873 518
13873 495
13881 480
13894 477
13911 484
13932 494
13952 507
13969 524
13985 546
13994 569
13993 589
13985 595
13976 586
13965 569
13955 546
13949 520
13946 491
13952 466
13962 450
13982 439
14010 440
14038 447
14068 457
14096 469
14115 488
.PEN_UP
.PEN_DOWN
13481 673
13491 673
13501 673
13513 673
13522 675
13590 691
13618 699
13653 709
13698 722
13751 738
.PEN_UP
.PEN_DOWN
14600 553
14605 565
14607 575
14607 585
14607 595
14612 630
14612 644
14606 657
14594 659
14575 653
14549 636
14523 612
14497 578
14475 536
14460 499
14460 469
14468 452
14482 455
14505 469
14530 489
14559 516
14586 549
14606 582
14627 619
14647 658
14667 701
14689 747
14709 789
14719 821
14718 833
14714 824
14705 807
14690 775
14670 733
14646 677
14623 621
14604 572
14591 530
14589 498
14595 473
14606 456
14619 449
14637 451
14660 454
14686 463
14714 476
14745 494
14775 517
14800 542
14821 565
14837 592
14847 618
14852 646
14849 672
14840 684
14825 682
14804 675
14777 659
14750 636
14724 607
14700 570
14682 536
14674 505
14680 482
14692 475
14711 483
14733 497
14760 514
14786 535
14808 563
14828 590
14842 618
14842 637
14834 641
14823 632
14807 616
14793 593
14779 563
14771 530
14772 500
14778 479
14788 465
14802 466
14820 472
14843 484
14866 500
14889 522
14913 549
14934 580
14954 613
14970 643
14972 661
14967 658
14956 646
14944 628
14928 605
14912 577
14902 549
14896 524
14899 501
14907 490
14923 496
14943 504
14969 520
14994 539
15017 564
15036 591
15047 611
15047 614
15041 599
15031 571
15016 534
14997 480
14973 417
14949 353
14926 290
14905 237
14886 194
14870 163
14855 138
14840 121
14825 116
14808 121
14791 136
14778 160
14775 192
14780 238
14793 284
14814 330
14845 377
14886 417
14928 453
14970 486
15012 513
15049 536
.PEN_UP
.PEN_DOWN
15363 629
15354 629
15339 624
15324 592
15317 573
15287 503
15288 486
15294 471
15305 464
15320 464
15340 471
15361 483
15381 502
15402 526
15419 556
15430 588
15436 619
15435 649
15428 670
15416 681
15399 674
15376 660
15353 641
15335 621
15326 596
15331 574
15343 559
15362 556
15386 561
15416 572
15448 586
15476 607
15504 633
15531 664
15554 696
15573 730
15584 764
15580 778
15573 767
15562 747
15547 711
15526 660
15498 586
15464 501
15428 417
15393 340
15365 283
15344 240
15334 210
15339 190
15349 180
15366 186
15389 201
15417 222
15445 253
15470 296
15491 343
15506 393
15514 440
15510 483
15501 517
15486 541
15467 551
15445 545
.PEN_UP
.PEN_DOWN
15805 482
15805 470
15805 460
15805 451
15817 451
15852 497
15868 516
15890 539
15918 565
15949 597
15978 622
15997 625
16005 613
16002 595
15996 571
15986 540
15973 508
15960 480
15952 465
15959 471
15971 485
15990 504
16014 530
16043 560
16070 590
16096 617
16119 633
16132 630
16135 622
16130 610
16125 593
16117 573
16107 548
16096 524
16088 501
16094 481
16102 469
16118 467
16139 470
16167 480
16198 495
16226 519
16252 547
16274 575
16289 604
16297 629
16291 649
16280 657
16266 651
16247 635
16224 611
16203 577
16187 540
16177 508
16180 482
16187 466
16200 460
16220 465
16245 472
16273 482
16305 498
16331 518
16358 546
16383 576
16401 603
16412 630
16406 644
16400 640
16389 631
16377 616
16363 594
16348 567
16334 539
16323 512
16327 491
16336 485
16347 490
16368 502
16391 520
16418 542
16443 572
16464 600
16477 622
16478 629
16470 619
16458 598
16443 573
16426 544
16419 514
16426 494
16440 480
16460 478
16484 483
16514 493
16541 508
16564 530
16584 558
16598 591
16604 624
16602 655
16595 680
.PEN_UP
.PEN_DOWN
17004 570
17009 585
17009 595
17009 607
17004 616
16979 637
16966 636
16948 631
16923 614
16895 591
16867 556
16843 518
16828 485
16826 453
16833 436
16849 439
16871 451
16900 469
16933 493
16960 522
16985 554
17009 591
17033 631
17058 676
17082 718
17097 753
17100 770
17096 766
17088 758
17077 740
17057 716
17033 686
17009 644
16985 603
16968 562
16964 521
16969 491
16981 469
16996 453
17015 447
17043 450
17073 457
17107 467
17143 487
17178 510
17208 539
17234 571
17250 599
17259 627
17255 651
17244 667
17230 673
17212 668
17187 657
17160 640
17132 620
17105 590
17080 557
17062 526
17058 498
17064 477
17075 467
17091 469
17112 477
17139 491
17167 512
17192 537
17215 564
17228 589
17222 594
17212 584
17197 566
17180 546
17162 519
17156 488
17161 468
17174 460
17193 465
17217 472
17248 482
17276 496
17304 518
17330 544
17357 576
17381 609
17405 646
17427 680
17445 713
17456 744
17452 759
17446 754
17435 742
17419 718
17401 686
17378 648
17355 606
17334 569
17315 537
17305 510
17304 487
17309 466
17318 451
17331 444
17349 441
17371 443
17396 449
17423 462
17451 481
17480 504
17507 528
17533 553
17557 580
17576 609
17585 636
17578 652
17565 652
17546 646
17523 633
17492 613
17465 589
17439 562
17416 536
17402 513
17404 492
17415 481
17428 481
17447 486
17469 495
17492 509
17514 526
17533 548
17553 570
17568 593
17568 610
17559 611
17549 605
17537 592
17521 577
17507 551
17511 523
17522 502
17541 487
17568 483
17601 485
17637 491
17668 501
17694 513
17710 530
17709 548
17701 564
.PEN_UP
.PEN_DOWN
17285 712
17304 712
17324 712
17343 714
17370 716
17448 732
17477 737
17514 742
17555 747
17596 750
.PEN_UP
.PEN_DOWN
18131 631
18121 636
18109 643
18099 641
18084 634
18053 583
18042 563
18027 539
18011 511
18005 483
18012 465
18026 463
18044 471
18065 483
18091 499
18111 523
18126 550
18137 578
18143 608
18143 636
18135 656
18120 655
18101 641
18079 622
18061 599
18050 575
18053 552
18060 536
18074 528
18092 529
18114 535
18140 548
18165 568
18189 593
18213 622
18234 649
18244 665
18240 655
18233 642
18222 617
18208 586
18191 551
18171 514
18159 486
18166 481
18175 488
18186 501
18204 514
18226 533
18254 563
18283 594
18311 625
18327 633
18323 621
18314 603
18303 582
18289 555
18280 526
18284 497
18292 478
18308 467
18330 468
18358 475
18390 486
18417 499
.PEN_UP
.PEN_DOWN
18845 794
18830 770
18821 753
18811 733
18789 704
18731 614
18711 581
18689 546
18665 508
18648 470
18648 444
18655 433
18668 434
18690 442
18719 458
18755 480
18791 510
18828 548
18862 588
18895 634
18925 678
18946 717
18948 746
18940 754
18931 746
18918 728
18898 701
18873 668
18844 623
18814 579
18789 540
18769 505
18767 482
18775 477
18785 484
18803 494
18827 505
18853 527
18884 553
18913 581
18940 612
18959 631
18960 633
18954 624
18944 608
18931 586
18914 559
18895 525
18891 497
18896 476
18910 461
18933 455
18961 458
18996 464
19029 473
19055 489
19079 511
19096 538
19107 571
19101 598
19090 614
19072 609
19054 598
19033 578
19018 556
19017 533
19024 508
19034 491
19047 478
19067 472
19092 469
19118 469
19140 471
19150 480
19146 494
.PEN_UP
.PEN_DOWN
18570 707
18596 707
18621 707
18648 707
18665 707
18778 725
18821 730
18867 736
18919 743
18972 751
19016 756
.PEN_UP
.PEN_DOWN
19601 780
19589 765
19579 755
19569 746
19562 726
19524 652
19507 622
19486 586
19462 544
19436 498
19417 464
19412 450
19419 452
19429 461
19442 475
19462 497
19491 526
19524 562
19557 596
19587 623
19600 624
19594 613
19585 596
19572 574
19556 547
19539 515
19529 485
19534 462
19542 447
19555 446
19574 451
19596 458
19622 471
19650 487
19674 506
19698 530
19719 556
19735 583
19744 610
19738 627
19728 623
19715 613
19699 600
19679 581
19660 559
19644 536
19631 513
19624 490
19629 471
19637 457
19651 451
19669 454
19694 459
19719 466
19743 477
19764 492
19786 511
19808 531
19828 552
19845 573
19857 592
19856 609
19848 617
19834 613
19816 608
19794 598
19770 583
19746 563
19724 540
19709 517
19703 494
19708 477
19722 468
19739 472
19760 479
19785 490
19806 503
19827 521
19845 545
19859 569
19866 585
19861 585
19851 577
19838 564
19823 546
19806 524
19799 501
19805 482
19815 469
19829 465
19849 467
19876 472
19904 481
19931 496
19958 519
19985 547
20013 583
20039 620
20063 658
20083 692
20098 724
20099 753
20090 767
20078 764
20059 754
20033 734
20003 705
19975 669
19950 625
19927 584
19906 547
19894 514
19897 489
19904 471
19916 460
19935 455
19960 454
19989 455
20019 460
20050 469
20079 485
20107 510
20136 538
20163 572
20188 607
20212 642
20236 678
20254 710
20258 736
20249 746
20237 741
20225 731
20206 714
20184 689
20161 656
20139 623
20118 589
20099 560
20085 535
20078 508
20082 486
20092 469
20105 456
20122 454
20146 457
20172 465
20203 478
20239 500
20277 532
20311 566
20344 603
20371 638
20393 671
20410 703
20408 728
20399 738
20390 732
20378 720
20364 702
20347 678
20326 645
20304 608
20281 571
20262 539
20247 511
20249 489
20257 475
20269 475
20284 483
20305 497
20331 518
20358 543
20388 572
20415 598
20430 613
20430 619
20423 613
20412 604
20394 586
20373 563
20355 536
20352 505
20360 482
20375 462
20396 447
20424 439
20458 435
20487 435
20514 440
20531 449
20542 466
20543 486
.PEN_UP
.PEN_DOWN
20037 634
20047 634
20057 634
20067 634
20081 638
20157 658
20190 664
20230 669
20272 674
20319 678
20358 680
.PEN_UP
.PEN_DOWN
20929 588
20914 580
20905 575
20897 566
20890 556
20872 478
20870 455
20871 431
20874 407
20884 389
20899 393
20918 405
20939 422
20958 446
20971 473
20979 503
20983 533
20981 562
20974 590
20962 613
20944 620
20925 612
20907 596
20894 575
20888 550
20887 522
20891 498
20901 480
20920 476
20947 482
20977 496
21011 518
21040 548
21064 586
21087 624
21104 661
21115 696
21119 727
21115 738
21106 727
21089 698
21067 652
21041 592
21013 511
20987 428
20964 350
20941 281
20926 229
20922 193
20929 174
20943 174
20962 184
20988 202
21016 229
21039 265
21059 309
21073 356
21076 401
21069 444
21055 474
21038 481
21015 470
20990 452
20968 429
.PEN_UP
.PEN_DOWN
21426 763
21429 749
21429 739
21424 727
21419 697
21389 598
21377 555
21361 506
21347 458
21336 413
21341 380
21348 360
21362 356
21383 365
21408 383
21439 410
21467 447
21493 494
21517 545
21538 601
21560 659
21573 706
21573 729
21567 718
21558 692
21546 657
21529 614
21512 564
21495 516
21480 473
21470 439
21472 424
21482 433
21497 449
21517 472
21542 499
21569 533
21594 566
21611 579
21613 564
21607 547
21599 522
21589 496
21581 466
21582 441
21590 427
21608 426
21634 434
21667 449
21705 472
21736 503
21761 538
21777 570
21778 599
21767 616
21749 608
21725 591
21698 565
21671 532
21653 494
21647 456
21652 426
21664 404
21681 394
21705 392
21734 397
21762 406
.PEN_UP
.PEN_DOWN
21322 617
21339 617
21365 619
21390 624
21417 632
21514 664
.PEN_UP
.PEN_DOWN
22155 588
22165 605
22175 622
22192 639
22209 658
22264 721
22279 737
22292 742
22292 729
22284 711
22275 683
22262 646
22246 602
22227 557
22208 516
22189 479
22175 445
22177 420
22186 403
22199 403
22216 412
22236 425
22262 447
22287 475
22313 509
22337 546
22357 583
22379 621
22403 664
22428 706
22449 740
22454 755
22448 746
22437 731
22422 706
22402 673
22376 626
22349 575
22325 525
22307 478
22301 441
22307 414
22321 398
22340 398
22366 405
22397 417
22427 434
22453 456
.PEN_UP
.PEN_DOWN
22577 493
22580 502
22589 512
22599 519
22599 534
.PEN_UP
.PEN_DOWN
22646 368
22655 373
22667 378
22685 388
22694 393
22774 466
22804 492
22836 522
22873 561
22911 607
22944 653
22972 697
22992 737
23004 770
23002 792
22994 795
22986 779
22976 756
22963 717
22948 661
22931 597
22912 533
22896 475
22881 429
22866 395
22847 369
22824 361
22799 366
22774 375
22753 393
22739 416
22735 447
22738 483
22746 514
22757 536
22772 536
22788 523
22802 506
22814 482
22826 457
22841 436
22858 423
22879 418
22904 420
22930 426
22957 435
22982 449
.PEN_UP
.PEN_DOWN
23101 485
23109 500
23119 510
23128 515
23138 522
.PEN_UP
.PEN_DOWN
23375 422
23384 424
23394 434
23404 439
23414 444
23460 483
23477 502
23500 528
23523 553
23549 585
23569 614
23582 642
23586 671
23578 683
23567 679
23550 664
23528 640
23501 605
23474 560
23450 511
23431 466
23425 429
23434 408
23452 403
23475 409
23508 420
23548 437
23586 461
23622 492
23656 524
23686 559
23712 594
23728 621
23726 622
23718 606
23707 588
23692 566
23682 544
23684 534
23691 538
23700 547
23712 559
23722 576
23731 595
23736 618
23731 636
23720 631
23703 617
23679 600
23653 576
23628 547
23604 514
23589 483
23587 455
23596 434
23607 422
23622 417
23644 419
23672 423
23702 431
23734 443
23769 461
23802 486
23831 514
23858 547
23875 584
23887 616
23886 642
23878 646
23866 635
23848 616
23828 593
23805 563
23784 526
23763 490
23751 455
23754 425
23762 406
23775 398
23794 401
23817 411
23843 428
23867 450
23890 480
23910 511
23924 543
23932 580
23928 614
23919 638
23906 642
23890 635
23868 623
23847 607
23830 587
23825 565
23831 550
23844 539
23862 537
23889 542
23919 552
23948 567
23974 586
23995 606
24011 617
24010 609
24000 592
23988 567
23970 536
23948 497
23926 462
23916 433
23924 424
23935 430
23951 440
23976 464
24006 494
24040 532
24076 575
24104 609
24128 625
24137 620
24132 609
24125 590
24115 569
24101 542
24089 514
24077 487
24072 462
24076 444
24084 430
24097 425
24115 426
24139 432
24163 443
24190 459
24217 484
24241 513
24265 544
24287 575
24302 603
24306 622
24297 624
24287 616
24274 603
24255 580
24234 553
24213 517
24196 484
24189 456
24193 430
24201 414
24214 405
24231 403
24254 407
24278 416
24301 430
24319 451
24330 479
24338 512
24341 548
24342 581
24342 613
24338 634
24327 639
24311 630
24293 617
24274 601
24263 579
24267 554
24278 534
24296 525
24320 530
24348 538
24376 550
24401 571
24424 596
24445 624
24464 647
24469 647
24464 636
24456 620
24447 599
24437 569
24425 535
24413 502
24404 471
24406 450
24413 445
24427 452
24447 464
24473 484
24504 511
24532 543
24560 575
24581 598
24590 606
24586 597
24577 581
24563 558
24549 532
24536 502
24525 474
24525 453
24530 439
24540 441
24554 449
24574 464
24597 485
24623 513
24654 546
24683 578
24713 609
24728 623
24729 622
24724 614
24716 603
24702 582
24687 557
24672 529
24659 499
24652 475
24653 451
24660 434
24671 423
24688 424
24708 431
24736 443
24763 459
24793 484
24821 516
24842 546
24861 581
24870 607
24867 614
24857 601
24842 581
24823 557
24804 530
24795 500
24801 478
24812 470
24829 476
24849 485
24877 502
24905 523
24933 550
24958 578
24964 587
24957 583
24948 575
24935 561
24922 544
24904 517
24885 482
24865 442
24846 396
24827 351
24812 303
24802 255
24793 211
24784 173
24771 146
24753 130
24732 126
24708 131
24683 140
24655 157
24628 177
24606 202
24592 231
24592 258
24598 287
24609 314
24632 338
24665 360
24708 380
24755 397
24803 413
24852 426
24895 436
.PEN_UP
.PEN_DOWN
25167 463
25167 454
25162 444
25150 415
25140 397
25101 337
25087 323
.PEN_UP
.PEN_DOWN
25284 446
25274 432
25271 422
25271 412
25271 402
25305 390
25320 399
25343 416
25372 438
25405 464
25439 494
25468 521
25494 550
25518 579
25527 600
25524 607
25515 598
25500 582
25481 557
25463 525
25448 490
25443 460
25449 442
25462 441
25479 448
25502 459
25530 478
25555 505
25579 536
25598 559
25601 556
25594 541
25584 522
25570 495
25555 469
25550 444
25557 436
25572 442
25591 453
25616 468
25646 488
25674 515
25701 543
25726 573
25744 593
25745 598
25738 590
25727 576
25713 558
25697 535
25683 507
25683 479
25693 456
25710 438
25734 425
25767 422
25806 426
25843 435
25876 446
25903 461
25920 483
25929 508
25925 538
25913 567
.PEN_UP
.PEN_DOWN
25588 753
25593 763
25598 773
.PEN_UP
.PEN_DOWN
26303 719
26308 734
26305 719
26296 707
26281 673
26223 564
26203 526
26182 487
26163 451
26155 419
26162 402
26175 402
26190 408
26213 419
26243 437
26275 464
26310 500
26345 539
26382 582
26416 628
26449 672
26475 710
26484 737
26478 742
26468 731
26450 709
26428 678
26398 633
26363 579
26332 526
26301 475
26279 433
26275 405
26283 395
26297 406
26316 423
26341 444
26373 475
26405 509
26437 545
26463 578
26475 591
26471 583
26462 570
26451 548
26435 523
26418 496
26402 466
26394 443
26399 423
26411 411
26429 408
26454 412
26486 422
26518 438
26547 460
26572 490
26592 522
26605 553
26606 581
26598 591
26583 584
26565 570
26545 548
26528 521
26524 490
26531 465
26543 449
26559 439
26582 434
26610 430
26636 434
26653 441
26653 454
.PEN_UP
.PEN_DOWN
26047 629
26057 627
26066 627
26079 627
26110 627
26192 638
26227 646
26273 654
26329 662
26390 669
26444 675
.PEN_UP
.PEN_DOWN
26856 536
26854 519
26847 507
26842 497
26837 488
26830 443
26835 432
26846 425
26863 425
26888 429
26917 440
26948 461
26981 487
27010 519
27037 554
27064 589
27087 629
27107 670
27119 703
27117 728
27110 733
27097 721
27075 700
27047 668
27013 619
26979 563
26946 497
26913 427
26882 359
26853 290
26828 230
26806 180
26791 135
26788 106
26795 95
26802 107
26813 123
26830 146
26854 176
26881 214
26910 260
26938 306
26962 354
26983 398
26996 436
27001 467
26996 491
26986 506
26972 509
26954 503
26934 492
26922 476
26925 456
26936 437
26955 426
26980 423
27008 426
27039 434
27069 446
27096 467
27123 493
27146 518
27164 544
27173 567
27168 583
27159 583
27143 573
27123 557
27099 536
27076 508
27060 478
27055 452
27060 429
27071 414
27087 408
27108 412
27133 421
27155 434
27171 450
27182 475
27188 501
27191 531
27189 561
27180 579
27167 579
27158 569
27161 559
27170 549
27184 545
27204 547
27228 555
27255 564
27277 570
27283 565
27277 552
27265 530
27253 500
27236 467
27219 435
27207 413
27207 412
27212 422
27221 435
27232 457
27246 485
27265 522
27283 557
27298 587
27305 613
27301 617
27298 610
27299 597
27308 582
27324 567
27345 554
27374 551
27400 555
27423 562
27444 573
27458 588
27460 601
27452 595
27437 579
27419 556
27396 525
27373 490
27355 457
27343 429
27344 410
27352 410
27363 419
27380 434
27400 455
27424 481
27452 514
27480 550
27506 578
27518 589
27515 579
27506 558
27491 533
27473 504
27454 467
27437 438
27436 415
27442 405
27453 410
27466 417
27486 433
27511 453
27540 483
27572 520
27604 555
27624 582
27628 590
27623 583
27615 571
27604 551
27589 528
27571 498
27557 469
27549 446
27552 424
27562 408
27578 408
27597 416
27619 424
27640 437
27664 455
27689 477
27715 502
27739 527
27759 550
27770 570
27769 583
.PEN_UP
.PEN_DOWN
28264 556
28254 556
28242 549
28229 537
28220 527
28191 454
28184 432
28177 407
28174 382
28176 356
28185 336
28200 332
28221 341
28249 357
28277 381
28301 414
28319 452
28327 489
28325 520
28320 547
28312 570
28299 581
28283 577
28265 566
28249 551
28239 532
28244 513
28254 500
28272 499
28297 506
28329 518
28364 539
28394 563
28419 592
28439 621
28454 649
28465 677
28468 703
28460 699
28449 680
28433 646
28411 592
28390 525
28364 444
28339 358
28313 283
28285 212
28265 158
28261 125
28269 111
28282 121
28299 142
28325 173
28355 216
28385 267
28410 321
28424 371
28424 411
28417 442
28407 460
28389 465
28368 455
28343 440
28321 421
.PEN_UP
.PEN_DOWN
28817 730
28807 717
28802 708
28798 693
28793 681
28770 596
28759 564
28746 522
28730 475
28715 427
28705 384
28709 356
28718 345
28737 351
28759 368
28788 392
28820 424
28847 465
28872 504
28896 551
28918 595
28936 637
28947 676
28950 702
28945 707
28938 695
28926 673
28915 647
28901 604
28885 554
28870 504
28853 454
28837 415
28826 388
28823 378
28829 385
28840 401
28859 425
28886 455
28917 496
28947 533
28973 558
28987 560
28986 548
28976 525
28965 493
28949 459
28935 425
28924 398
28929 376
28937 362
28951 358
28970 364
28994 376
29022 393
29049 413
29073 437
29090 462
29100 488
29097 514
29089 530
29075 527
29057 515
29037 497
29015 471
28998 444
28993 417
28999 392
29009 376
29023 366
29044 365
29069 369
29094 379
29116 391
29120 409
.PEN_UP
.PEN_DOWN
28661 576
28671 576
28685 578
28698 583
28720 586
28794 607
28818 616
28846 626
28886 640
.PEN_UP
.PEN_DOWN
29636 708
29627 700
29622 691
29617 681
29617 671
29604 638
29598 625
29592 609
29584 590
29576 568
29568 546
29561 525
29552 504
29544 481
29537 460
29536 439
29543 421
29554 410
29572 411
29592 418
29615 426
29635 438
29654 452
29674 475
29695 504
29715 537
29736 579
29754 619
29769 659
29781 695
29787 713
29785 705
29779 696
29771 676
29760 653
29746 621
29730 582
29714 546
29699 510
29687 481
29681 456
29684 433
29693 418
29706 409
29726 412
29751 420
29776 431
29802 447
29822 468
29836 491
29844 515
29842 537
.PEN_UP
.PEN_DOWN
29956 474
29956 486
29956 495
29956 505
29963 517
.PEN_UP
.PEN_DOWN
29987 391
30002 391
30012 393
30022 400
30031 410
30097 480
30118 502
30139 524
30166 555
30193 591
30218 630
30244 676
30261 716
30270 750
30263 762
30253 756
30243 742
30235 721
30223 691
30213 645
30203 595
30195 539
30186 487
30175 442
30163 401
30145 373
30126 349
30105 337
30083 340
30063 350
30049 365
30039 388
30041 419
30046 452
30055 483
30070 500
30087 497
30105 489
30124 476
30141 459
30159 439
30178 422
30202 409
30225 406
30249 409
30273 413
.PEN_UP
.PEN_DOWN
30378 437
30390 452
30399 459
30409 464
30421 471
.PEN_UP
.PEN_DOWN
30768 400
30765 388
30765 378
30775 369
30790 361
30847 398
30868 416
30892 440
30917 469
30944 504
30968 537
30987 561
30996 567
30990 555
30980 534
30967 506
30949 470
30931 433
30925 403
30931 396
30944 405
30963 419
30988 437
31020 459
31050 488
31079 515
31107 540
31133 563
31155 568
31166 562
31165 547
31159 529
31148 500
31132 463
31112 430
31090 400
31083 391
31090 399
31106 416
31127 434
31151 457
31182 485
31211 512
31236 535
31254 545
31254 536
31247 521
31236 498
31221 473
31204 443
31188 415
31184 393
31190 376
31203 366
31222 366
31249 370
31281 376
31313 385
31342 399
31369 417
31393 439
31414 463
31428 489
31430 514
31424 538
31414 556
31398 558
31376 550
31351 534
31323 511
31296 480
31270 443
31246 408
31242 379
31248 362
31259 359
31276 366
31304 380
31336 401
31372 428
31408 466
31440 503
31474 543
31504 586
31532 626
31554 664
31561 695
31556 706
31546 698
31532 682
31514 661
31490 630
31462 589
31436 548
31412 503
31390 462
31377 428
31381 397
31390 379
31405 376
31429 382
31456 392
31490 406
31522 425
31550 448
31577 475
31596 506
31608 534
31606 559
31597 569
31584 562
31567 550
31547 532
31525 513
31506 487
31492 460
31490 435
31499 413
31513 399
31531 396
31552 402
31578 413
31602 428
31626 446
31648 469
31664 494
31679 520
31692 545
31701 561
31705 559
31703 552
31699 541
31695 519
31689 491
31683 457
31677 421
31676 390
31680 364
31688 345
31701 337
31718 339
31736 347
31751 360
.PEN_UP
.PEN_DOWN
31814 578
31801 571
31784 561
31770 534
31750 513
31676 446
31646 414
31616 380
31584 345
.PEN_UP
.PEN_DOWN
31102 756
31094 771
31094 781
.PEN_UP
.PEN_DOWN
32067 556
32067 566
32067 576
32057 576
32050 566
32013 521
32000 498
31985 473
31971 444
31963 415
31967 392
31976 378
31992 381
32015 397
32042 416
32069 439
32091 465
32105 495
32115 528
32119 561
32116 593
32108 607
32093 603
32074 594
32050 579
32030 559
32016 537
32014 513
32022 499
32038 492
32060 497
32090 505
32125 518
32160 537
32194 559
32224 585
32251 611
32275 643
32296 677
32316 712
32323 737
32314 729
32298 708
32276 677
32248 632
32214 578
32177 509
32138 439
32099 367
32062 297
32030 242
32004 194
31991 161
31995 138
32002 129
32015 134
32035 144
32058 157
32085 179
32113 209
32138 249
32160 290
32174 331
32175 371
32169 401
32155 420
32134 419
32109 412
.PEN_UP
.PEN_DOWN
32443 352
32443 342
32443 332
32452 327
32462 330
32500 357
32523 378
32554 407
32591 439
32632 475
32667 512
32698 550
32726 591
32747 625
32760 657
32758 681
32750 697
32739 706
32724 705
32708 698
32689 686
32670 665
32651 636
32629 600
32608 559
32590 520
32577 481
32571 444
32570 414
32574 389
32584 369
32598 358
32619 357
32645 364
32670 375
32696 388
32720 403
32742 421
32762 441
32782 464
32800 492
32803 518
32798 538
32788 543
32776 537
32761 527
32741 510
32723 485
32707 456
32694 428
32688 403
32693 383
32703 369
32720 362
32741 365
32767 368
32794 373
32820 382
32846 394
32874 408
32900 421
32924 431
32947 440
32968 451
32987 465
33002 484
33008 505
33003 524
32990 532
32974 526
32954 513
32929 498
32905 482
32883 461
32863 441
32847 418
32842 395
32848 379
32859 380
32874 388
32895 402
32918 418
32942 438
32964 461
32984 482
32992 499
32986 499
32977 489
32961 470
32945 445
32929 415
32931 384
32941 362
32955 351
32977 350
33004 355
33037 360
33070 369
33102 381
33132 396
33158 419
33181 447
33200 483
33212 519
33214 553
33207 577
33194 582
33176 577
33152 565
33123 545
33094 517
33067 484
33045 452
33037 425
33042 404
33053 391
33070 389
33092 394
33120 404
33148 417
33173 435
33199 460
33225 487
33251 518
33277 557
33302 595
33325 634
33345 671
33349 695
33341 698
33326 683
33305 659
33277 625
33247 585
33218 538
33194 493
33172 452
33160 413
33163 384
33170 367
33185 359
33205 362
33233 369
33266 381
33299 401
33332 430
33362 464
33388 500
33400 530
33395 545
33386 537
33374 526
33357 507
33339 486
33321 461
33307 436
33306 412
33313 394
33324 385
33340 387
33358 393
33382 404
33405 425
33428 448
33449 476
33464 501
33467 505
33461 496
33450 484
33436 464
33422 440
33420 414
33429 393
33442 384
33459 386
33483 390
33510 399
33534 410
33560 428
33585 451
33603 471
33610 485
33604 485
33593 478
33582 467
33569 450
33563 428
33569 408
33583 392
33601 384
33623 387
33651 395
33676 410
33697 430
33719 455
33733 480
33744 501
33743 519
33737 532
33726 532
33710 526
33692 521
33670 511
33649 493
33632 472
33620 447
33620 423
33627 401
33638 383
33655 371
33674 360
33689 350
33694 335
33689 310
33680 283
33666 250
33647 209
33622 164
33597 118
33572 75
33549 40
33527 16
33505 0
33483 3
33459 11
33435 27
33413 49
33395 76
33386 112
33389 150
33398 193
33414 236
33439 274
33472 309
33513 336
33557 360
33606 382
33658 400
33708 416
33756 430
.PEN_UP
.PEN_DOWN
33530 705
33540 708
.PEN_UP
.PEN_DOWN
34110 359
34110 350
34115 340
34119 328
34129 318
34169 323
34186 339
34206 363
34230 394
34254 431
34275 465
34290 496
34298 521
34295 528
34290 522
34283 506
34274 483
34263 452
34254 412
34248 376
34249 343
34256 328
34270 334
34289 345
34309 360
34329 379
34345 402
34363 427
34381 451
34398 459
34409 449
34411 429
34407 402
34401 374
34397 346
34401 337
34409 348
34420 366
34438 389
34460 418
34483 449
34505 473
34519 480
34523 474
34520 457
34518 437
34514 412
34511 383
34512 360
34517 340
34527 328
34541 321
34562 324
34589 334
34618 350
34648 372
34672 401
34687 434
34694 466
34698 496
34695 521
34689 530
34677 523
34660 511
34637 490
34614 465
34592 434
34576 402
34567 374
34569 351
34579 336
34594 336
34611 342
34632 355
34654 377
34676 407
34698 444
34719 487
34737 527
34754 567
34768 604
34771 619
34766 607
34756 588
34743 557
34727 521
34709 480
34695 438
34686 401
34687 372
34694 347
34705 333
34722 332
34744 340
34769 353
34793 373
34814 398
34832 427
34848 456
34861 483
34871 505
34874 513
34871 508
34863 494
34851 474
34837 452
34824 423
34816 397
34819 373
34828 359
34844 358
34863 365
34891 376
34920 395
34951 420
34982 449
35009 481
35034 509
35051 523
35057 519
35055 511
35058 506
35060 512
35061 522
35057 535
35049 541
35036 537
35019 526
34999 508
34980 485
34960 455
34942 421
34930 386
34936 355
34946 332
34959 315
34979 307
35005 307
35039 311
35075 318
35110 335
35146 355
35180 379
35213 407
35243 432
35269 458
35290 482
35303 504
35299 520
35288 531
35271 527
35248 515
35221 497
35191 477
35164 451
35142 423
35126 396
35120 368
35124 345
35133 334
35145 334
35160 340
35182 351
35203 370
35224 393
35243 422
35256 452
35266 481
35273 504
35273 511
35269 503
35261 488
35254 471
35243 445
35230 414
35222 384
35224 355
35233 336
35244 329
35259 331
35280 336
35303 347
35327 365
35355 387
35382 416
35411 453
35441 493
35469 537
35495 582
35519 621
35537 655
35553 680
35558 683
35551 673
35538 651
35519 623
35496 584
35469 532
35444 484
35419 438
35397 400
35382 369
35372 343
35374 322
35383 312
35399 313
35417 318
35442 327
35468 340
35498 360
35527 382
35553 401
35578 420
35599 438
35619 456
35635 477
35639 491
35633 488
35619 478
35602 465
35583 444
35563 416
35548 387
35539 357
35533 330
35536 309
35545 301
35560 307
35579 316
35605 329
35629 348
35653 369
35672 392
35685 416
35692 441
35693 469
35689 499
35679 523
35663 537
35643 538
35619 530
35601 513
35584 494
35574 469
35575 441
35581 421
35591 406
35604 400
35623 404
35645 410
35668 420
35692 433
35715 452
35739 477
35762 500
35781 515
35791 508
35792 498
35788 479
35783 458
35775 430
35765 399
35755 372
35742 348
35731 337
35725 342
35730 352
35737 370
35746 395
35754 426
35766 460
35777 491
35787 519
35792 543
35787 557
35781 551
35776 538
35773 520
35776 497
35782 473
35796 451
35817 439
35844 438
35873 439
35904 445
35930 453
35956 465
35980 483
36001 502
36021 527
36032 549
36029 558
36024 552
36016 538
36004 517
35993 494
35981 463
35970 427
35963 395
35953 362
35938 337
35920 323
35896 320
35870 326
35847 335
35831 349
35830 369
35837 393
35846 416
35860 437
35878 446
35894 441
35908 433
35916 417
35921 399
35927 376
35938 357
35954 341
35976 333
36005 336
36036 345
36070 358
36104 376
36139 400
36172 422
36205 442
36234 461
36259 477
36269 493
36264 505
.PEN_UP
.PEN_DOWN
35397 601
35417 593
35429 593
35451 591
35473 591
35544 594
35575 597
35609 602
35647 608
35687 615
35722 623
35752 631
35768 640
35764 644
.PEN_UP
.PEN_DOWN
34356 640
34356 654
34356 667
34356 676
34363 689
.PEN_UP
.PEN_DOWN
34958 654
34958 664
34958 674
34958 689
34968 701
.PEN_UP
.PEN_DOWN
36324 403
36324 413
36321 425
36324 435
36333 447
.PEN_UP
