

.STYLE CURSIVE
.COMMENT previously: .WRITER_ID dsfr.781
.WRITER_ID dsf
.HAND R
.SEX F

.PEN_DOWN
162 596
152 588
142 579
133 574
123 561
91 574
88 588
88 605
91 628
94 656
99 684
106 710
113 733
124 746
134 738
142 720
148 692
150 656
150 610
150 564
150 520
148 478
145 442
139 412
130 389
116 372
99 369
80 374
59 389
41 408
25 432
12 459
3 482
0 493
1 487
4 476
10 460
16 443
24 423
39 405
60 395
87 400
116 409
143 424
163 442
180 465
192 489
203 513
214 536
225 557
239 563
250 556
259 540
263 515
264 485
263 446
263 411
262 386
262 382
264 394
271 412
283 438
297 470
314 505
328 536
342 556
352 561
358 552
363 538
363 518
364 492
364 463
362 434
361 408
362 394
366 401
373 415
383 439
397 469
412 503
427 537
444 566
460 583
472 581
480 571
484 554
483 530
480 500
478 468
475 437
477 406
481 381
492 363
508 359
528 365
551 377
572 396
592 425
.PEN_UP
.PEN_DOWN
318 720
318 710
318 700
318 691
320 676
.PEN_UP
.PEN_DOWN
1113 725
1110 715
1108 705
1105 688
1103 679
1093 603
1088 570
1081 531
1074 494
1066 455
1061 422
1062 396
1067 370
1078 353
1093 345
1112 349
1134 358
1157 377
1181 399
1203 427
1225 458
1242 486
1257 514
1268 541
1275 564
1272 586
1264 592
1252 587
1238 577
1221 559
1206 534
1192 505
1181 475
1173 448
1172 424
1176 405
1186 397
1200 402
1216 411
1233 428
1246 451
1257 483
1269 521
1279 552
1282 565
1279 552
1273 533
1268 507
1262 477
1257 443
1256 412
1260 392
1270 380
1284 381
1303 388
1326 402
1349 424
1372 452
1393 488
1412 528
1432 570
1451 616
1468 660
1480 701
1479 731
1471 740
1459 730
1443 710
1423 677
1400 634
1379 582
1362 530
1354 483
1359 443
1366 411
1379 388
1394 378
1413 383
1434 392
1453 408
1473 433
1495 467
1518 511
1542 566
1564 618
1579 665
1587 701
1583 702
1578 690
1571 670
1562 639
1549 598
1536 544
1524 491
1514 445
1508 408
1505 385
1507 378
1511 389
1521 411
1533 441
1550 480
1569 521
1588 554
1603 568
1614 564
1619 553
1616 539
1608 522
1597 501
1583 479
1566 465
1555 462
1547 455
1544 444
1544 430
1547 412
1555 395
1567 383
1586 383
1610 390
1635 405
1662 423
1686 446
1708 475
1724 504
1735 536
1744 565
1744 572
1740 558
1732 534
1722 508
1710 472
1699 436
1692 403
1693 375
1702 362
1718 361
1738 368
1761 381
1783 402
1801 431
1818 469
1834 506
1848 540
1857 551
1857 544
1852 525
1845 502
1835 474
1827 440
1821 412
1823 391
1834 388
1849 399
1866 417
1889 442
1910 475
1927 509
1939 530
1942 520
1937 502
1933 478
1929 450
1926 421
1929 394
1938 374
1953 368
1972 374
1996 384
2020 397
2045 420
2070 447
2093 479
2113 511
2117 537
2110 558
2097 567
2084 565
2067 558
2046 547
2025 526
2004 496
1992 464
1996 430
2003 406
2015 394
2032 395
2052 403
2074 414
2093 432
2107 444
2116 439
2119 427
2116 406
2111 369
2104 317
2096 257
2087 196
2078 139
2071 89
2061 45
2048 13
2031 0
2011 6
1989 19
1967 42
1950 70
1943 105
1946 145
1957 183
1979 222
2011 263
2054 300
2104 337
2151 370
2196 398
2236 422
2265 440
.PEN_UP
.PEN_DOWN
1873 705
1873 718
1873 730
1873 742
.PEN_UP
.PEN_DOWN
1030 579
1020 579
1032 576
1047 579
1074 586
1158 620
1190 631
.PEN_UP
.PEN_DOWN
2846 498
2844 513
2844 527
2844 537
2841 547
2812 566
2798 562
2783 551
2767 532
2748 508
2731 477
2717 447
2712 419
2718 400
2731 396
2747 403
2771 419
2800 439
2827 469
2851 503
2869 530
2879 552
2874 554
2867 543
2855 524
2842 500
2828 470
2821 437
2827 414
2838 401
2856 403
2879 411
2906 425
2934 444
2962 467
2989 500
3016 535
3041 574
3066 617
3089 656
3108 692
3112 716
3107 712
3099 701
3088 683
3073 656
3051 618
3029 570
3005 519
2984 468
2968 421
2962 382
2968 355
2979 337
2991 336
3009 342
3031 356
3054 378
3078 407
3100 445
3120 479
3135 513
3146 543
3142 562
3133 567
3123 559
3112 549
3112 537
3120 531
3136 534
3156 539
3180 547
3206 558
3223 560
3229 556
3223 547
3216 530
3206 505
3195 472
3181 439
3170 408
3167 380
3171 359
3182 349
3199 353
3221 364
3246 380
3271 398
3290 425
3302 457
3309 495
3309 533
3304 564
3292 586
3276 590
3259 584
3241 575
3229 561
3223 544
3228 523
3237 506
3253 499
3272 503
3301 513
3330 527
3356 542
3377 562
3392 574
3398 569
3393 556
3387 538
3378 510
3369 480
3360 452
3354 425
3357 402
3367 384
3383 371
3402 368
3429 374
3454 386
3478 405
3499 429
3518 458
3532 487
3541 518
3547 548
3544 571
3538 577
3532 569
3535 558
3543 547
3554 541
3570 546
3589 555
3609 567
3629 583
3649 602
3669 625
3685 647
3699 670
3710 690
3717 703
3717 698
3711 689
3702 669
3690 643
3672 607
3651 562
3629 518
3610 474
3597 435
3593 404
3600 381
3611 367
3627 361
3653 365
3681 374
3710 385
.PEN_UP
.PEN_DOWN
3587 618
3614 620
3629 622
3651 622
3675 622
3757 638
.PEN_UP
.PEN_DOWN
4039 318
4048 323
4075 335
4097 349
4119 364
4197 424
4224 445
4255 472
4289 505
4325 544
4356 583
4381 620
4401 653
4408 683
4402 703
4392 708
4377 701
4357 686
4330 663
4302 634
4275 597
4253 559
4233 519
4219 482
4217 449
4221 422
4228 401
4242 386
4261 378
4287 378
4315 385
4346 394
4377 408
4411 429
4444 454
4473 480
4499 506
4511 531
4508 552
4500 564
4488 567
4473 564
4452 557
4429 547
4406 532
4382 513
4363 492
4349 467
4346 443
4352 423
4362 408
4376 404
4397 408
4420 418
4443 431
4465 449
4483 475
4495 497
4494 507
4487 498
4479 485
4470 469
4466 453
4471 439
4482 431
4498 436
4520 445
4547 456
4574 472
4598 492
4618 514
4623 516
4617 504
4607 482
4597 458
4589 429
4594 407
4602 408
4616 418
4636 432
4659 453
4688 479
4715 510
4740 535
4757 545
4761 537
4757 524
4752 508
4746 487
4738 461
4730 438
4732 412
4742 393
4758 383
4780 386
4807 394
4838 409
4868 430
4897 453
4923 483
4943 511
4956 537
4951 560
4941 574
4929 578
4914 574
4894 568
4869 554
4843 530
4819 502
4803 471
4807 444
4816 426
4829 416
4848 420
4870 429
4898 445
4925 464
4954 490
4982 525
5010 563
5035 604
5057 645
5074 681
5078 702
5072 697
5059 679
5040 654
5020 620
4992 583
4968 543
4949 506
4936 471
4933 441
4938 415
4948 402
4963 402
4983 408
5008 418
5033 434
5060 457
5089 485
5115 516
5135 543
5142 551
5134 542
5121 525
5106 507
5089 484
5074 456
5074 432
5085 415
5098 407
5117 411
5141 419
5172 436
5204 461
5238 494
5269 527
5286 551
5287 556
5277 543
5265 525
5247 503
5230 477
5220 453
5226 433
5235 422
5249 424
5267 429
5292 440
5318 457
5344 477
5368 498
5383 504
5387 497
5386 485
5385 471
5388 453
5396 435
5409 422
5430 414
5456 414
5482 416
5510 423
5535 434
5557 450
5576 471
5590 492
5598 514
5592 534
5583 549
5569 553
5552 549
5530 538
5510 522
5492 502
5488 479
5494 461
5506 451
5519 456
5538 467
5560 481
5580 483
5588 472
5584 455
5578 433
5572 399
5564 357
5553 307
5540 256
5525 207
5508 161
5491 123
5472 89
5450 64
5428 55
5408 62
5388 71
5373 85
5364 105
5363 132
5369 165
5385 201
5408 235
5438 267
5476 299
5517 332
5563 363
5611 396
5657 426
5699 451
5734 476
5766 498
5788 519
5806 538
.PEN_UP
.PEN_DOWN
5233 727
5233 737
5245 742
5255 752
5270 754
.PEN_UP
.PEN_DOWN
5992 405
6001 405
6011 410
6028 423
6038 432
6084 464
6102 480
6124 499
6147 523
6162 545
6162 550
6154 541
6141 520
6124 496
6112 468
6115 443
6125 435
6140 439
6160 447
6183 459
6211 478
6239 502
6268 529
6285 547
6288 546
6282 536
6275 520
6266 500
6262 480
6267 465
6274 467
6289 477
6312 493
6339 516
6368 541
6391 567
6397 574
6393 566
6387 553
6381 536
6375 516
6375 492
6381 467
6394 447
6411 432
6436 428
6465 433
6492 443
6513 458
.PEN_UP
.PEN_DOWN
6279 759
.PEN_UP
.PEN_DOWN
6966 462
6966 472
6974 484
6979 501
6979 518
6971 547
6960 544
6944 531
6927 507
6910 475
6896 435
6886 399
6883 370
6888 353
6899 355
6912 365
6930 379
6949 401
6965 431
6979 462
6988 481
6990 482
6986 471
6982 454
6978 430
6976 402
6978 374
6985 352
6998 341
7014 342
7037 349
7062 362
.PEN_UP
.PEN_DOWN
7559 467
7564 484
7569 494
7569 503
7569 518
7562 560
7552 566
7536 560
7518 550
7501 533
7484 510
7470 480
7457 447
7447 414
7441 385
7443 360
7450 340
7466 328
7488 320
7516 322
7548 327
7575 336
7603 348
7629 366
7653 388
7679 414
7699 441
7716 465
7727 487
7731 508
7727 526
7716 534
7701 529
7682 513
7661 487
7642 456
7622 420
7605 387
7599 362
7605 343
7616 334
7631 337
7650 345
7671 359
7691 378
7711 405
7728 439
7744 472
7756 503
7757 519
7751 509
7743 496
7733 475
7722 449
7712 419
7706 391
7708 366
7716 349
7730 341
7746 345
7767 356
7788 375
7808 400
7827 429
7844 461
7858 490
7869 513
7876 519
7874 508
7869 489
7863 468
7855 439
7849 410
7844 384
7847 367
7853 364
7863 372
7875 388
7889 411
7907 445
7925 482
7945 515
7966 536
7980 532
7988 520
7987 503
7984 480
7981 457
7979 432
7978 408
7978 386
7983 366
7992 352
8007 343
8026 339
8047 341
8069 344
8091 351
8115 362
8138 378
8160 397
8181 415
8200 434
8213 454
8221 474
8223 495
8220 516
8211 531
8198 541
8181 548
8160 547
8139 542
8117 529
8096 509
8076 484
8057 454
8044 426
8040 400
8046 376
8057 357
8071 352
8089 356
8112 365
8134 380
8154 398
8174 423
8190 448
8203 472
8204 489
8199 486
8191 475
8181 462
8167 441
8156 418
8149 395
8151 372
8158 354
8169 340
8185 331
8208 333
8235 339
8263 354
8294 378
8321 409
8346 448
8369 491
8388 532
8402 572
8413 609
8420 640
8420 668
8415 686
8406 688
8393 681
8377 671
8358 652
8340 624
8325 590
8311 551
8300 512
8292 476
8290 441
8293 412
8300 387
8310 367
8326 355
8346 350
8369 354
8392 360
8414 368
8436 379
.PEN_UP
.PEN_DOWN
8590 408
8585 418
8588 428
8598 428
8610 435
.PEN_UP
