

.STYLE CURSIVE
.COMMENT previously: .WRITER_ID dsfr.539
.WRITER_ID dsf
.HAND R
.SEX F

.PEN_DOWN
34 503
37 491
39 478
39 464
39 447
39 412
37 399
36 384
33 366
30 345
27 324
23 302
16 291
9 296
4 306
0 322
0 343
0 367
0 394
1 424
6 453
15 481
27 509
43 536
57 562
71 585
90 602
108 597
126 587
140 574
146 556
144 532
141 504
133 476
122 451
105 428
85 409
64 399
48 390
44 380
49 365
58 346
69 321
85 298
107 279
130 267
155 263
179 268
199 277
215 292
228 313
236 336
244 360
248 383
247 405
241 425
230 430
217 422
204 409
195 392
192 373
191 351
191 329
191 308
195 288
206 272
222 263
242 268
261 277
278 289
291 307
302 332
312 359
322 387
331 412
343 419
356 413
368 401
381 385
389 363
395 336
395 309
391 284
386 261
372 250
357 255
340 264
327 276
330 284
337 278
348 272
364 267
383 262
405 262
427 267
447 278
467 293
482 315
492 339
497 361
499 383
496 404
487 419
474 420
460 411
448 400
438 383
433 362
429 338
428 314
431 293
436 273
446 254
462 247
482 252
503 261
522 273
538 287
552 307
563 331
571 355
576 379
580 394
583 386
585 372
587 353
587 330
587 304
586 280
584 266
582 268
580 276
578 286
579 304
584 328
591 354
601 381
612 402
620 406
629 399
636 387
645 374
660 367
676 370
694 377
709 389
717 395
720 389
722 378
722 362
722 342
722 316
726 292
735 284
748 291
761 301
773 316
781 336
786 360
791 386
789 403
787 401
787 392
790 382
800 370
814 360
834 357
856 364
876 373
886 387
881 400
872 402
859 394
847 383
836 370
830 351
829 328
829 305
832 284
842 266
857 258
879 262
901 271
920 287
936 305
947 329
957 355
966 380
974 405
986 428
997 434
1007 429
1015 416
1014 396
1011 373
1005 343
996 316
986 293
972 274
956 266
940 272
927 283
924 291
928 289
933 281
941 270
956 258
975 247
995 244
1017 250
1040 261
1061 276
1079 295
1092 315
1097 335
1095 356
.PEN_UP
.PEN_DOWN
1529 552
1529 534
1524 525
1524 515
1524 505
1521 434
1518 409
1513 382
1510 355
1507 329
1507 307
1512 285
1523 268
1541 265
1563 272
1586 282
1605 297
1620 318
1632 344
1640 371
1644 395
1646 414
1646 420
1646 414
1645 403
1643 387
1642 365
1639 338
1637 313
1635 293
1634 290
1635 295
1638 309
1647 328
1659 350
1676 375
1696 386
1712 381
1729 373
1746 365
1765 357
1787 356
1810 359
1827 367
1836 380
1832 395
1823 408
1809 407
1793 400
1775 390
1760 376
1749 358
1741 335
1738 312
1738 288
1745 269
1758 263
1774 270
1793 283
1812 301
1824 323
1833 351
1836 372
1833 377
1831 368
1828 354
1825 337
1823 314
1825 291
1832 271
1844 260
1860 254
1880 256
1900 263
1921 275
1941 290
1960 313
1974 336
1984 359
1989 383
1992 405
1989 424
1981 437
1968 434
1949 426
1929 412
1912 390
1898 367
1888 339
1881 314
1884 292
1892 275
1906 268
1922 274
1942 286
1959 304
1972 327
1985 358
1995 394
2002 431
2008 466
2012 502
2014 531
2018 552
2019 559
2017 553
2013 538
2006 515
1998 483
1989 441
1982 397
1977 355
1974 317
1972 285
1974 260
1982 244
1994 239
2011 244
2031 253
2050 267
2068 286
2085 309
2099 334
2110 359
2117 382
2113 407
2105 421
2092 416
2081 408
2067 394
2056 376
2049 353
2043 326
2043 301
2047 276
2056 259
2069 246
2087 241
2110 245
2133 252
2156 262
2180 275
2202 291
2219 308
2231 327
2236 349
2234 371
2227 391
2216 403
2201 400
2185 390
2170 376
2159 357
2150 335
2144 311
2142 287
2146 267
2158 257
2173 263
2191 277
2209 296
2223 322
2235 356
2246 389
2256 425
2264 457
2272 489
2277 518
2275 539
2268 545
2263 537
2256 527
2249 511
2242 482
2235 446
2229 408
2224 370
2221 339
2222 312
2228 289
2241 273
2258 264
2280 263
2305 266
2328 271
2351 281
2374 295
2390 314
2404 334
.PEN_UP
.PEN_DOWN
1444 408
1456 405
1466 403
1475 403
1488 403
1540 404
1559 406
1582 410
1608 414
1635 418
.PEN_UP
.PEN_DOWN
2814 371
2814 381
2814 391
2804 403
2799 415
2777 443
2762 437
2748 426
2733 408
2719 384
2708 356
2698 328
2693 301
2695 277
2704 258
2717 249
2734 252
2754 259
2772 271
2787 287
2800 308
2810 331
2817 354
2818 378
2815 386
2809 379
2802 369
2797 353
2792 332
2790 307
2793 283
2802 266
2816 263
2834 270
2856 286
2874 308
2890 333
2904 360
2914 383
2921 391
2923 383
2921 373
2919 357
2918 337
2916 313
2919 292
2925 286
2934 293
2945 307
2958 325
2972 349
2986 376
3002 397
3014 401
3020 392
3022 378
3020 360
3018 336
3015 309
3018 291
3024 289
3034 297
3046 311
3061 328
3075 351
3090 379
3105 399
3119 403
3128 395
3134 384
3133 369
3131 348
3130 323
3129 298
3132 278
3141 262
3156 258
3177 261
3200 268
3222 278
3242 293
3260 314
3274 335
3286 358
3286 378
3281 387
3273 382
3266 374
3257 357
3249 336
3245 310
3244 282
3247 257
3255 238
3268 229
3285 229
3305 234
3325 243
3341 256
3352 275
3359 300
3360 325
3359 351
3356 376
3349 399
3337 417
3320 425
3301 420
3284 411
3273 397
3270 380
3274 357
3284 338
3300 326
3321 328
3345 336
3367 349
3385 365
3401 381
3409 385
3413 379
3413 366
3412 349
3410 325
3408 298
3410 283
3417 288
3427 297
3441 316
3459 341
3477 368
3497 394
3512 401
3523 396
3529 385
3531 370
3530 350
3529 326
3529 301
3532 279
3540 261
3554 246
3574 246
3595 253
3614 263
3632 276
3648 295
3660 317
3669 341
3675 365
3671 386
3663 401
3651 403
3634 396
3614 385
3599 371
3587 353
3579 329
3576 306
3579 284
3587 266
3600 261
3615 267
3634 280
3649 296
3659 317
3666 339
3665 346
3661 341
3657 325
3652 301
3649 268
3646 232
3643 196
3641 164
3638 135
3638 107
3635 82
3628 58
3615 42
3593 32
3569 27
3543 29
3519 34
3501 45
3488 62
3480 82
3483 105
.PEN_UP
.PEN_DOWN
4106 417
4099 408
4099 398
4099 386
4104 374
4109 415
4102 423
4090 424
4075 418
4057 409
4041 392
4029 369
4021 342
4017 312
4020 285
4029 262
4044 245
4065 236
4091 234
4118 235
4144 240
4170 250
4196 269
4216 294
4233 321
4245 351
4251 378
4255 404
4253 421
4245 421
4232 413
4219 403
4203 384
4191 356
4182 325
4177 294
4180 268
4188 252
4200 245
4217 249
4238 258
4255 275
4268 294
4275 321
4274 348
4271 372
4265 394
4253 404
4245 400
4248 398
4256 396
4266 398
4280 404
4298 414
4318 418
4334 410
4346 396
4352 376
4353 351
4353 319
4351 292
4349 273
4350 273
4353 282
4358 295
4368 316
4382 340
4401 367
4420 384
4434 383
4441 376
4440 361
4437 338
4435 312
4435 283
4438 271
4444 280
4450 292
4462 309
4476 329
4491 356
4508 382
4523 394
4534 390
4539 381
4537 363
4534 341
4533 316
4532 289
4533 266
4538 248
4550 241
4569 243
4592 249
4616 261
4635 278
4651 300
4664 325
4675 352
4685 377
4692 391
4695 388
4693 375
4691 355
4688 331
4684 306
4679 280
4682 261
4688 254
4699 261
4713 275
4730 296
4747 321
4764 352
4779 377
4790 387
4796 381
4794 369
4790 351
4786 333
4783 309
4782 286
4782 268
4784 262
4791 268
4803 281
4820 299
4838 320
4855 346
4871 367
4884 367
4891 358
4894 345
4894 328
4894 308
4895 284
4903 264
4917 251
4935 249
4957 255
4978 263
4997 275
5014 289
5028 308
5039 331
5045 356
5046 380
5040 398
5029 401
5014 392
4998 379
4984 365
4974 345
4970 323
4971 297
4975 272
4983 252
5000 239
5022 241
5048 248
5073 262
5092 279
5108 298
5121 321
5131 344
5141 360
5145 360
5147 353
5146 343
5145 329
5144 310
5143 289
5142 277
5144 280
5149 287
5157 298
5167 315
5181 334
5196 358
5213 373
5232 373
5252 367
5272 364
5292 366
5312 373
5332 380
5346 383
5348 390
5340 396
5329 394
5315 387
5299 372
5284 353
5274 331
5270 308
5272 288
5282 268
5299 252
5321 247
5348 252
5374 263
5394 279
5412 298
5427 323
5438 346
5446 365
5443 368
5438 361
5432 348
5427 335
5421 316
5423 293
5429 275
5441 262
5458 256
5479 258
5501 262
5524 269
5547 279
5568 294
5590 311
5606 328
5619 347
5619 365
5612 381
5601 390
5584 388
5564 383
5545 373
5529 361
5519 342
5513 320
5511 299
5515 278
5523 262
5537 257
5554 263
5574 274
5591 288
5604 309
5611 332
5607 338
5603 332
5597 320
5594 303
5591 284
5594 262
5603 246
5617 240
5636 244
5660 253
5683 266
5709 285
5732 311
5755 342
5775 375
5788 406
5796 436
5800 462
5797 482
5789 496
5775 494
5758 485
5740 468
5725 445
5715 418
5708 387
5702 360
5698 331
5696 305
5698 280
5704 259
5718 244
5737 236
5761 240
5788 246
5815 255
5843 268
5870 283
5893 300
.PEN_UP
.PEN_DOWN
5499 549
5503 559
5508 569
5513 578
5520 588
.PEN_UP
.PEN_DOWN
6252 509
6255 499
6255 490
6259 480
6262 465
6264 423
6262 406
6260 382
6257 354
6254 324
6252 296
6252 272
6252 249
6254 228
6261 210
6274 201
6292 207
6309 216
6323 232
6330 249
6327 273
6323 297
6315 320
6302 337
6295 345
6298 348
6307 347
6321 346
6340 345
6362 346
6384 348
6406 352
6428 358
6442 368
6440 373
6433 368
6426 359
6417 345
6409 329
6401 309
6395 287
6390 265
6393 244
6402 229
6416 228
6431 235
6449 248
6461 269
6469 293
6476 321
6480 347
6480 368
6475 375
6469 370
6463 361
6458 347
6456 325
6455 297
6456 268
6462 242
6474 230
6490 236
6510 244
6527 256
6544 275
6558 297
6571 323
6580 345
6586 350
6590 342
6592 327
6594 304
6594 279
6594 254
6598 245
6605 250
6615 263
6630 280
6643 301
6656 328
6670 349
6680 355
6687 349
6691 339
6691 325
6691 309
6691 287
6691 265
6694 247
6702 238
6716 243
6733 252
6751 266
6767 286
6779 311
6789 341
6796 372
6799 401
6802 431
6802 447
6803 441
6803 428
6802 409
6802 382
6800 348
6799 310
6798 275
6798 248
6798 242
6797 253
6797 268
6797 290
6800 317
6808 346
6820 374
6838 391
6855 387
6863 377
6859 363
6850 348
6836 334
6822 325
6809 316
6805 303
6808 285
6813 263
6821 245
6836 233
6856 235
6876 243
6895 255
6909 273
6921 297
6933 325
6943 355
6952 381
6963 398
6974 397
6985 389
6995 377
7000 357
7003 334
7005 307
7006 282
7002 261
6994 251
6980 256
6964 265
6958 273
6960 270
6966 263
6975 251
6988 237
7006 224
7028 218
7051 222
7075 230
7097 243
7116 259
7131 279
7142 300
.PEN_UP
.PEN_DOWN
7457 382
7452 373
7452 358
7449 348
7447 336
7447 281
7451 260
7459 240
7473 223
7492 214
7517 220
7542 231
7568 248
7592 272
7609 300
7622 332
7630 364
7634 397
7636 428
7638 454
7638 462
7634 454
7630 436
7625 410
7618 367
7611 316
7603 264
7595 211
7590 165
7585 123
7583 85
7583 55
7583 28
7589 13
7600 20
7615 33
7632 51
7645 74
7653 102
7658 133
7658 164
7656 198
7651 231
7644 262
7635 289
7622 312
7605 317
7589 311
7576 300
7572 285
7577 267
7585 246
7598 230
7615 221
7637 225
7658 235
7684 252
7709 271
7732 294
7754 317
7768 339
7775 361
7771 377
7763 378
7751 370
7740 353
7728 331
7721 305
7717 275
7718 251
7724 230
7737 224
7754 229
7775 239
7794 253
7806 270
7814 292
7816 314
7813 336
7805 357
7792 370
7778 367
7767 358
7773 348
7785 339
7801 341
7818 348
7840 358
7861 369
7882 377
7898 372
7909 362
7915 344
7917 319
7919 290
7920 261
7925 242
7930 242
7937 253
7946 267
7953 288
7962 310
7974 335
7989 357
8009 377
8030 384
.PEN_UP
.PEN_DOWN
8366 404
8356 407
8347 407
8344 397
8337 382
8318 336
8313 317
8310 295
8311 269
8319 244
8333 234
8355 244
8381 258
8404 280
8420 306
8427 338
8430 367
8428 393
8421 413
8408 424
8391 420
8371 411
8354 399
8341 381
8336 362
8343 345
8352 337
8366 341
8385 349
8406 363
8427 379
8447 397
8467 414
8480 416
8489 411
8493 400
8491 380
8489 352
8486 319
8484 287
8485 270
8490 275
8499 289
8508 306
8519 329
8529 355
8537 377
8543 385
8547 377
8549 364
8556 351
8567 342
8584 333
8606 333
8627 337
8647 348
8665 362
8679 381
8685 402
8680 421
8671 432
8658 428
8644 420
8627 408
8612 391
8598 369
8585 340
8576 310
8574 280
8580 254
8591 237
8606 233
8626 238
8649 247
8671 260
8694 280
8715 304
8735 330
8748 356
8748 371
8743 368
8739 355
8735 335
8730 308
8725 280
8725 256
8728 251
8733 259
8740 270
8750 284
8762 307
8773 333
8787 361
8801 377
8813 375
8823 366
8833 355
8847 344
8867 337
8890 337
8912 343
8926 355
8931 369
8929 371
8924 364
8920 353
8914 338
8908 315
8903 288
8898 261
8893 246
8895 251
8898 260
8905 274
8914 291
8927 314
8944 343
8959 370
8977 393
8993 401
9001 396
9004 383
9001 368
8998 347
8994 322
8989 299
8985 278
8988 257
8996 243
9009 243
9024 250
9043 259
9058 271
9072 288
9084 312
9094 337
9100 359
9098 363
9095 353
9090 338
9084 321
9080 298
9076 273
9076 251
9082 232
9094 226
9111 229
9132 234
9155 241
9175 252
9194 267
9211 286
9226 308
9238 331
9247 355
9245 377
9238 384
9226 380
9210 372
9192 361
9175 344
9162 324
9154 299
9156 275
9162 263
9173 261
9189 267
9206 277
9224 291
9239 306
9243 312
9243 306
9241 289
9238 264
9233 229
9228 187
9221 147
9213 108
9205 75
9195 42
9184 15
9169 0
9154 5
9142 16
9132 33
9133 54
9138 83
9148 119
9162 160
9182 205
9208 252
9235 299
9262 339
9287 380
9310 412
9326 440
9334 454
9329 446
9322 432
9314 409
9308 383
9300 347
9293 313
9287 280
9281 248
9284 227
9288 222
9296 230
9308 241
9325 262
9345 289
9362 319
9377 347
9386 356
9384 350
9379 339
9374 323
9369 303
9369 277
9376 256
9388 245
9405 252
9426 263
9447 277
9466 296
9484 324
9502 355
9518 388
9532 423
9540 452
9547 483
9543 500
9538 495
9529 482
9519 463
9506 435
9494 405
9483 364
9473 326
9466 292
9464 258
9470 238
9479 227
9493 226
9512 230
9532 239
9553 251
9573 266
9594 286
9613 303
9628 322
9630 339
.PEN_UP
.PEN_DOWN
9434 392
9449 402
9458 402
9471 404
9480 404
9520 417
9537 423
9557 430
9576 439
.PEN_UP
.PEN_DOWN
9098 519
9107 529
9112 538
9117 548
9117 560
.PEN_UP
.PEN_DOWN
9931 382
9934 368
9934 358
9934 343
9934 326
9932 285
9930 272
9933 258
9941 253
9950 258
9963 267
9980 281
9993 297
10007 319
10019 344
10029 369
10033 386
10031 384
10029 376
10026 360
10021 339
10016 313
10013 285
10016 262
10026 252
10037 256
10053 265
10071 283
10086 305
10100 332
10113 362
10126 388
10141 405
10154 402
10163 391
10170 374
10172 352
10172 327
10170 300
10162 275
10148 256
10130 255
10111 264
10098 277
10091 289
10092 291
10095 284
10099 274
10110 263
10126 253
10147 244
10176 246
10202 252
10227 265
10250 283
10268 304
10282 328
10292 352
10297 376
10297 401
10293 412
10281 406
10264 397
10248 378
10231 356
10221 330
10215 300
10217 273
10227 253
10244 245
10266 249
10293 256
10317 265
10339 275
10358 288
10372 306
.PEN_UP
.PEN_DOWN
10653 260
10656 251
10668 251
10682 253
10692 258
10728 306
10741 323
10756 342
10774 362
10791 384
10794 402
10788 407
10781 401
10776 389
10769 371
10761 346
10756 316
10756 286
10762 261
10774 250
10789 255
10808 263
10829 278
10850 297
10873 320
10893 348
10909 362
10919 362
10919 350
10914 336
10909 315
10902 291
10897 268
10899 255
10909 262
10921 271
10936 285
10954 303
10972 325
10989 349
11008 367
11017 371
11019 363
11016 353
11012 339
11009 318
11012 293
11021 271
11032 255
11050 245
11074 246
11097 249
11121 256
11145 268
11163 285
11171 305
.PEN_UP
.PEN_DOWN
10865 526
10875 533
10892 546
10909 546
.PEN_UP
.PEN_DOWN
11507 365
11507 377
11507 390
11507 399
11507 412
11474 424
11461 418
11445 403
11426 381
11404 354
11387 326
11376 302
11373 276
11378 255
11390 243
11405 245
11426 253
11450 268
11472 287
11492 308
11505 333
11510 353
11507 353
11500 340
11491 323
11481 306
11470 284
11462 263
11466 243
11474 233
11486 237
11501 247
11523 265
11545 286
11568 312
11589 339
11608 362
11619 375
11620 369
11615 357
11607 340
11599 317
11592 292
11592 273
11599 270
11607 278
11619 290
11633 305
11649 325
11668 347
11687 361
11698 353
11698 342
11693 325
11685 305
11680 284
11686 271
11694 274
11707 282
11722 294
11741 313
11761 338
11782 365
11801 382
11814 382
11817 374
11815 362
11812 344
11808 324
11802 300
11795 278
11794 257
11799 239
11809 227
11822 222
11841 228
11863 239
11885 252
11904 272
11920 296
11933 319
11941 342
11937 353
11927 348
11915 341
11903 328
11887 310
11874 288
11865 263
11863 238
11868 220
11878 210
11894 211
11915 219
11935 233
11952 250
11962 270
11966 296
11963 321
11956 346
11943 366
11926 370
11912 362
11911 353
11920 347
11933 347
11953 354
11977 363
12001 369
12015 364
12016 356
12013 342
12009 321
12002 297
11995 272
11989 247
11992 227
12001 210
12015 207
12032 214
12056 224
12080 238
12101 258
12120 285
12135 315
12146 343
12149 370
12142 387
12132 385
12122 377
12111 366
12104 351
12106 333
12114 317
12126 308
12145 308
12165 315
12185 325
12196 323
12196 311
12192 294
12188 275
12183 255
12179 233
12182 217
12190 209
12201 214
12215 224
12232 239
12249 257
12268 282
12288 309
12302 325
12308 328
12305 320
12301 310
12297 296
12296 278
12296 257
12302 238
12312 224
12326 220
12345 224
12363 233
12382 246
12399 264
12415 291
12433 321
12447 353
12461 385
12472 414
12480 439
12487 464
12489 488
12484 498
12477 491
12470 478
12461 454
12452 420
12444 378
12437 332
12433 289
12431 253
12433 226
12442 216
12455 220
12469 230
12486 248
12502 273
12518 302
12539 336
12560 366
12580 388
12597 392
12608 383
12611 364
12606 346
12598 322
12587 296
12572 275
12553 254
12534 244
12513 248
12497 257
12487 271
12488 291
12493 309
12501 312
12507 305
12513 293
12520 282
12531 266
12548 249
12569 238
12595 233
12619 236
12644 241
12670 249
12692 262
12711 279
12724 298
12731 318
.PEN_UP
.PEN_DOWN
12292 380
12301 387
12318 390
12333 392
12343 392
12402 395
12424 397
12449 401
12475 404
12503 406
12527 406
12547 405
.PEN_UP
.PEN_DOWN
12928 358
12923 368
12913 373
12901 375
12887 375
12846 346
12834 330
12824 312
12816 291
12816 269
12822 249
12835 238
12853 238
12877 245
12902 255
12923 269
12940 287
12951 307
12957 332
12960 358
12961 385
12962 411
12962 434
12965 455
12973 471
12989 486
13008 493
13020 485
13018 469
13010 441
12995 405
12975 357
12953 310
12930 265
12910 218
12894 178
12880 137
12869 101
12863 73
12860 46
12864 26
12873 19
12887 25
12907 35
12929 49
12951 68
12970 96
12986 127
12997 160
13003 193
13001 222
12995 244
12983 256
12964 260
12940 260
12915 260
.PEN_UP
.PEN_DOWN
13442 380
13445 390
13445 402
13445 412
13445 427
13427 447
13413 444
13397 434
13383 420
13377 403
13384 382
13396 364
13412 347
13430 333
13453 321
13474 311
13488 299
13487 284
13478 267
13467 251
13452 238
13433 231
13411 234
13389 242
13371 255
13359 275
13357 301
13363 322
.PEN_UP
.PEN_DOWN
13428 475
13428 466
13428 439
13428 429
13430 410
13433 326
13433 298
13431 267
13429 235
13425 202
.PEN_UP
.PEN_DOWN
13611 439
13613 429
13613 412
13613 385
13613 373
13613 296
13613 273
13613 249
13613 225
.PEN_UP
.PEN_DOWN
13845 154
13850 166
13850 176
13857 190
13864 207
13882 265
13888 283
13896 303
13905 323
13917 336
13928 329
13940 317
13950 297
13955 271
13959 241
13961 210
13963 185
13965 177
13968 182
13973 197
13980 220
13991 247
14005 279
14019 309
14031 333
14044 336
14053 325
14058 312
14062 296
14062 275
14062 253
14062 241
14062 247
14066 255
14074 269
14083 285
14096 308
14109 335
14123 361
14139 380
14151 381
14161 373
14168 360
14169 337
14170 312
14169 284
14166 258
14168 240
14175 228
14186 232
14201 241
14220 256
14235 276
14246 298
14253 322
14255 334
14254 331
14254 321
14252 305
14251 284
14249 260
14250 235
14255 217
14265 212
14279 217
14299 230
14316 247
14332 270
14347 300
14358 327
14367 354
14377 379
14384 403
14388 428
14391 451
14388 467
14381 467
14374 457
14364 440
14353 413
14346 379
14340 336
14337 295
14339 260
14343 230
14351 209
14363 201
14379 203
14398 209
14417 219
14434 235
14450 257
14465 286
14478 315
14489 346
14499 378
14506 408
14510 439
14509 468
14503 481
14495 476
14486 464
14478 449
14470 426
14464 397
14459 363
14456 329
14454 296
14456 266
14463 245
14475 230
14491 232
14509 240
14523 252
14533 267
14540 286
14547 308
14555 331
14562 345
14563 344
14561 337
14561 325
14560 306
14559 283
14558 258
14558 234
14562 221
14570 223
14582 231
14597 241
14612 256
14629 272
14647 292
14665 312
14679 330
14682 336
14677 330
14671 319
14667 305
14662 286
14658 263
14658 240
14663 217
14673 207
14684 213
14696 224
14707 239
14711 259
14713 280
14710 303
14706 326
14698 348
14687 365
14672 368
14659 359
14649 346
14651 331
14659 314
14672 304
14687 311
14701 321
14715 334
14729 346
14744 350
14756 345
14765 335
14769 320
14769 300
14769 275
14769 250
14769 227
14767 216
14767 219
14769 226
14773 240
14780 258
14790 282
14801 308
14813 320
14821 315
14822 305
14821 290
14821 274
14820 254
14819 233
14820 211
14823 194
14830 193
14838 201
14849 212
14859 226
14866 244
14873 265
14879 288
14885 314
14887 338
14880 357
.PEN_UP
.PEN_DOWN
14644 478
14637 488
14637 500
14637 510
14635 519
.PEN_UP
.PEN_DOWN
14305 624
14301 634
14291 649
14288 658
14298 668
.PEN_UP
.PEN_DOWN
15429 310
15429 319
15429 332
15420 341
15415 356
15383 370
15372 364
15361 353
15351 338
15342 317
15337 292
15333 262
15333 231
15335 202
15341 175
15354 158
15371 155
15393 163
15414 176
15432 192
15443 215
15451 242
15456 272
15454 301
15447 329
15435 354
15417 369
15397 363
15382 353
15371 339
15374 322
15383 303
15398 290
15417 293
15437 301
15452 312
15466 328
15475 347
15486 369
15493 392
15492 409
15497 415
15505 412
15518 409
15537 411
15560 415
15578 423
15582 428
15574 423
15565 413
15552 398
15539 377
15524 352
15511 325
15502 302
15495 278
15492 253
15496 230
15502 208
15516 198
15535 204
15556 213
15580 228
15600 248
15616 270
.PEN_UP
.PEN_DOWN
15883 195
15876 185
15883 200
15890 210
15900 219
15932 269
15944 292
15958 319
15974 345
15991 372
16005 389
16011 385
16013 373
16011 350
16008 321
16005 291
16001 258
16005 244
16011 250
16019 261
16028 276
16040 294
16054 317
16068 344
16080 369
16092 389
16100 394
16105 384
16102 365
16097 338
16090 303
16083 268
16075 236
16072 215
16076 212
16083 222
16092 239
16106 262
16123 291
16140 324
16156 351
16170 373
16182 378
16188 373
16187 362
16184 348
16179 328
16175 303
16170 279
16170 256
16175 242
16186 239
16200 246
16217 257
16234 271
16249 289
16263 312
16276 339
16288 366
16294 394
16289 406
16282 399
16274 389
16266 372
16257 352
16250 327
16245 297
16241 272
16244 246
16251 226
16264 217
16281 221
16306 232
16328 247
16347 267
16362 292
16368 319
16369 348
16366 378
16361 407
16351 431
16338 437
16320 430
16300 416
16284 398
16272 373
16266 344
16267 317
16273 295
16283 281
16299 277
16319 280
16340 283
16360 292
16375 308
16385 329
16393 353
16398 376
16403 394
16406 394
16406 381
16404 360
16400 333
16395 302
16390 268
16386 240
16382 219
16381 215
16382 222
16386 232
16390 249
16398 275
16411 306
16423 339
16439 367
16454 381
16464 378
16472 370
16475 356
16475 338
16477 317
16487 297
16503 284
16527 288
16550 299
16569 314
16581 331
16586 348
16584 370
16579 392
16568 405
16551 406
16532 400
16514 390
16498 371
16484 344
16472 310
16463 275
16458 243
16461 216
16470 195
16483 182
16502 175
16524 176
16546 182
16567 193
16584 209
16596 230
.PEN_UP
.PEN_DOWN
16717 232
16719 241
16719 251
16729 263
16739 278
.PEN_UP
