

.STYLE CURSIVE
.COMMENT previously: .WRITER_ID dsfr.793
.WRITER_ID dsf
.HAND R
.SEX F

.PEN_DOWN
0 549
5 566
17 581
32 596
41 610
72 645
81 643
86 635
85 623
81 602
74 577
67 550
58 521
51 495
48 471
47 446
51 424
60 414
74 420
91 428
110 442
130 456
151 477
173 502
192 529
208 557
222 581
232 602
234 607
232 601
226 590
220 572
214 547
206 510
198 470
190 429
181 387
172 346
162 304
154 265
146 230
138 201
129 177
117 163
106 164
97 175
95 189
100 209
107 235
118 265
132 297
149 331
167 365
186 397
206 428
226 455
249 480
271 502
291 522
309 530
316 525
316 515
312 498
306 478
301 456
298 431
295 408
298 388
306 381
317 386
330 396
342 409
349 426
355 449
360 472
363 496
363 518
357 529
351 527
353 519
362 512
376 509
395 513
417 522
439 533
449 529
447 519
444 503
440 484
440 459
445 435
455 422
469 428
486 436
503 451
518 467
532 487
542 511
551 534
.PEN_UP
.PEN_DOWN
926 535
926 525
926 515
919 503
917 518
916 556
908 557
894 549
876 537
853 520
835 499
822 475
813 450
814 427
819 406
830 392
845 383
864 380
884 382
905 388
926 397
948 410
970 424
992 440
1012 458
1030 479
1045 503
1051 526
1046 543
1038 545
1028 537
1016 526
1001 512
987 493
974 472
965 452
959 432
962 411
970 397
983 396
995 404
1012 414
1028 430
1041 450
1055 473
1067 497
1074 516
1072 519
1068 513
1064 501
1059 486
1054 466
1050 442
1053 422
1063 410
1077 413
1094 420
1114 431
1130 447
1146 469
1160 493
1172 517
1179 530
1181 523
1180 515
1177 498
1173 478
1168 455
1163 433
1164 428
1170 434
1178 445
1190 458
1205 476
1221 499
1239 521
1255 532
1264 528
1264 520
1260 505
1254 485
1248 462
1248 437
1256 415
1269 403
1287 406
1309 415
1332 427
1352 444
.PEN_UP
.PEN_DOWN
1773 452
1780 462
1787 474
1790 488
1790 501
1787 537
1778 540
1764 536
1745 529
1726 519
1712 503
1700 480
1693 455
1692 431
1697 414
1709 411
1723 419
1740 431
1758 447
1772 468
1781 489
1782 496
1780 491
1775 481
1771 462
1765 436
1759 400
1754 358
1750 323
1745 292
1738 264
1731 242
1719 230
1708 231
1702 239
1701 250
1706 265
1714 285
1726 312
1742 343
1760 376
1780 405
1800 433
1821 457
1842 480
1863 503
1881 520
1889 523
1888 517
1883 505
1876 487
1869 464
1862 439
1858 415
1861 396
1869 382
1882 377
1900 384
1918 396
1935 412
1947 433
1952 457
1952 482
1948 503
1939 522
.PEN_UP
.PEN_DOWN
2319 554
2307 554
2299 537
2294 527
2287 513
2257 474
2253 458
2251 441
2251 419
2254 394
2262 377
2275 366
2291 371
2309 384
2326 400
2341 420
2354 446
2363 470
2369 494
2369 518
2365 535
2354 545
2339 540
2325 530
2314 514
2316 497
2324 485
2338 486
2355 493
2375 500
2394 512
2411 528
2427 539
2435 534
2436 525
2433 509
2430 486
2427 461
2423 433
2421 416
2423 415
2427 422
2436 434
2449 453
2466 479
2485 508
2506 536
2527 553
2542 553
2547 545
2544 533
2541 516
2538 496
2536 470
2532 446
2530 423
2535 404
2544 400
2557 408
2574 418
2594 430
2613 447
2633 468
2655 492
2675 520
2693 549
2707 576
2717 601
2725 624
2727 646
2724 657
2718 654
2709 644
2696 628
2682 602
2668 571
2655 536
2645 503
2638 475
2639 448
2645 425
2657 418
2676 424
2696 434
2718 447
2738 461
2756 481
2774 502
2786 520
2789 525
2785 519
2780 509
2774 494
2769 474
2770 451
2775 432
2786 432
2801 441
2817 453
2836 466
2853 483
2867 502
2880 520
2881 524
2878 519
2874 503
2867 480
2857 451
2845 411
2833 371
2823 334
2814 301
2804 271
2792 248
2777 228
2760 218
2741 225
2727 233
2718 246
2718 264
2722 288
2732 311
2746 335
2765 359
2788 382
2812 404
2835 425
2861 445
2885 460
2908 472
.PEN_UP
.PEN_DOWN
3211 525
3206 515
3199 503
3194 493
3192 483
3179 439
3176 425
3174 411
3178 395
3186 384
3197 388
3211 400
3226 415
3239 434
3251 456
3261 476
3268 498
3273 511
3274 509
3273 501
3270 490
3265 474
3258 453
3254 429
3259 411
3267 403
3281 408
3300 420
3319 435
3339 453
3356 478
3370 500
3383 523
3395 542
3399 553
3395 548
3392 540
3386 521
3379 496
3370 463
3358 422
3347 387
3335 352
3321 318
3309 289
3299 269
3296 270
3300 281
3308 301
3319 329
3334 362
3351 399
3368 435
3384 468
3397 496
3411 522
3424 545
3441 558
3458 559
3472 550
3482 538
3486 521
3486 501
3483 480
3476 458
3465 439
3450 425
3431 414
3411 413
3396 419
.PEN_UP
.PEN_DOWN
3884 557
3874 557
3865 557
3857 547
3847 535
3828 495
3819 478
3811 458
3813 437
3820 419
3831 418
3845 428
3862 442
3878 461
3887 486
3892 513
3890 539
3884 558
3875 556
3867 549
3858 538
3856 524
3861 505
3870 487
3883 476
3902 481
3923 490
3942 503
3961 519
3977 535
3988 538
3992 532
3989 517
3986 499
3982 476
3976 448
3969 428
3965 424
3967 432
3971 441
3979 454
3989 471
4002 494
4016 517
4031 537
4048 551
4066 549
.PEN_UP
.PEN_DOWN
4352 483
4362 488
4364 503
4372 513
4372 525
4347 543
4331 541
4313 535
4296 526
4275 512
4254 493
4234 470
4218 443
4210 417
4213 394
4221 383
4235 386
4251 391
4272 401
4295 419
4318 442
4341 473
4362 504
4382 535
4401 565
4417 591
4431 618
4437 632
4433 627
4427 616
4418 602
4407 579
4392 550
4377 519
4365 487
4356 459
4350 437
4352 415
4361 401
4374 401
4391 407
4412 414
4435 426
4457 441
4479 459
4499 478
4515 497
4527 518
4534 537
4530 544
4522 536
4513 525
4502 510
4488 492
4477 469
4468 445
4470 422
4477 405
4489 407
4504 416
4520 428
4537 446
4549 466
4559 490
4566 514
4567 539
4562 560
4551 563
4539 554
4527 544
4518 532
4519 515
4526 498
4536 485
4551 479
4569 483
4588 490
4609 500
4630 513
4648 531
4662 538
4663 531
4660 522
4655 505
4647 486
4637 463
4626 438
4626 419
4631 412
4640 416
4652 424
4667 435
4686 451
4705 475
4725 501
4738 517
4741 519
4736 511
4730 499
4724 481
4720 459
4720 433
4726 416
4739 409
4757 414
4777 423
4798 437
4816 454
4828 476
4840 498
4848 518
4847 536
4842 539
4836 533
4830 523
4823 510
4827 495
4836 484
4848 487
4867 493
4892 505
4917 519
4935 522
4936 516
4930 503
4923 487
4915 466
4907 441
4899 419
4897 410
4900 415
4905 424
4914 438
4930 457
4949 482
4970 508
4991 530
5010 545
5025 543
5031 534
5028 520
5019 500
5009 477
5001 454
4992 432
4995 410
5003 393
5017 382
5035 384
5057 389
5079 398
5103 411
5127 428
5147 448
5163 471
.PEN_UP
.PEN_DOWN
5530 686
5523 676
5508 671
5493 657
5484 649
5451 611
5440 592
5427 567
5412 536
5394 497
5377 460
5364 423
5356 389
5355 361
5358 336
5367 319
5379 319
.PEN_UP
.PEN_DOWN
5649 654
5644 644
5637 635
5632 625
5627 615
5604 547
5594 528
5584 505
5573 479
5565 451
5560 424
5559 400
5565 382
5577 374
5593 379
5612 389
5631 406
5645 426
5657 453
5664 478
5664 503
5658 520
5648 522
5637 514
5631 501
5638 491
5648 481
5661 476
5676 477
5695 482
5715 490
5734 501
5750 512
5754 510
5749 503
5743 493
5737 475
5730 453
5731 430
5738 417
5751 423
5768 433
5789 447
5809 464
5829 484
5841 496
5841 489
5835 476
5829 458
5822 433
5811 403
5798 373
5786 341
5775 314
5762 290
5748 269
5729 250
5707 238
5685 242
5667 250
5654 262
5646 280
5645 301
.PEN_UP
.PEN_DOWN
6103 664
6103 654
6100 640
6096 613
6091 603
6068 540
6059 512
6050 484
6039 454
6029 422
6021 396
6017 389
6021 395
6028 403
6040 416
6055 432
6073 455
6091 480
6110 501
6127 520
6141 526
6147 520
6143 512
6138 496
6130 478
6123 455
6117 431
6115 410
6120 391
6131 384
6150 391
6174 402
6199 415
6222 430
6240 452
6253 472
6264 493
6264 508
6257 510
6248 503
6237 491
6227 477
6218 457
6215 435
6221 416
6232 401
6248 391
6271 390
6297 394
6324 403
6350 415
6374 433
6394 454
6407 476
6406 497
6399 507
6386 501
6370 493
6353 480
6334 464
6319 446
6310 424
6314 405
6325 396
6342 403
6360 413
6379 426
6397 441
6410 459
6418 477
6414 483
6408 476
6400 466
6391 453
6386 437
6391 418
6400 408
6414 410
6432 415
6455 423
6476 435
6496 450
6515 469
6534 493
6554 520
6574 548
6592 578
6599 598
6599 603
6593 597
6587 585
6574 565
6560 541
6544 509
6528 475
6518 446
6510 417
6513 392
6521 379
6535 380
6554 387
6574 396
6597 412
6616 432
6632 456
6647 476
6646 480
6641 473
6635 463
6630 449
6623 431
6627 409
6636 400
6652 402
6672 407
6696 416
6718 430
6737 447
6749 457
6752 454
6749 447
6744 433
6742 416
6747 405
6755 406
6767 411
6784 419
6805 432
6826 446
6837 451
6842 446
6840 436
6836 422
6838 407
6845 391
6857 380
6874 379
6896 383
6919 391
6944 405
6967 425
6977 448
6974 464
6964 464
6949 456
6934 445
6932 430
6939 417
6950 408
6965 411
6983 422
6997 428
6997 423
6992 416
6985 402
6977 383
6965 356
6953 327
6941 299
6929 271
6916 245
6903 220
6887 200
6868 186
6848 178
6825 180
6801 184
6782 196
6773 213
6777 235
6789 261
6805 286
6827 308
6854 330
6883 346
6915 358
6946 367
6977 372
7005 376
.PEN_UP
.PEN_DOWN
6729 576
6739 583
6747 593
.PEN_UP
.PEN_DOWN
6488 525
6505 525
6515 525
6537 525
6559 525
6615 540
6635 542
.PEN_UP
.PEN_DOWN
7508 611
7505 601
7503 591
7498 581
7493 567
7470 509
7464 492
7457 469
7451 445
7446 420
7442 396
7438 375
7441 357
7448 345
7459 346
7476 352
7498 365
7521 387
7543 415
7564 448
7582 480
7600 510
7616 539
7627 564
7636 590
7641 611
7639 615
7635 609
7629 596
7621 576
7610 553
7600 519
7590 485
7580 453
7571 422
7561 394
7559 378
7561 378
7565 386
7574 401
7587 421
7604 447
7622 473
7640 491
7656 495
7665 487
7668 476
7665 462
7661 442
7656 418
7653 396
7652 374
7654 355
7662 347
7676 349
7694 356
7716 369
7737 389
7757 413
7777 442
7793 470
7804 494
7801 513
7795 516
7785 506
7773 492
7762 472
7750 445
7744 415
7741 388
7743 364
7749 344
7761 329
7777 320
7798 319
7820 325
7843 339
7863 356
.PEN_UP
.PEN_DOWN
7408 506
7425 506
7435 506
7444 506
7469 506
7535 511
7555 515
7579 519
.PEN_UP
.PEN_DOWN
8244 630
8237 616
8234 606
8232 596
8227 581
8204 525
8195 504
8185 482
8175 455
8166 425
8161 399
8158 374
8161 353
8168 340
8181 334
8197 339
8219 350
8238 365
8255 386
8269 411
8278 435
8278 459
8270 480
8259 489
8251 484
8255 477
8263 471
8275 467
8293 466
8316 465
8344 467
8372 471
8398 475
8422 479
8444 482
8452 487
8447 492
8437 488
8423 479
8406 467
8388 451
8370 431
8356 410
8345 389
8348 371
8356 361
8368 366
8384 374
8401 386
8419 403
8436 425
8452 449
8464 473
8465 479
8459 474
8455 466
8449 451
8443 433
8439 411
8441 389
8448 370
8461 359
8481 363
8505 371
8531 387
8558 408
8583 436
8608 471
8631 501
8652 535
8670 563
8683 588
8688 610
8683 616
8673 611
8661 601
8644 582
8623 554
8602 517
8581 479
8564 440
8553 409
8555 382
8562 359
8573 346
8588 341
8605 344
8627 354
8652 370
8678 392
8708 420
8736 449
8761 481
8786 513
8806 544
8822 574
8829 599
8824 610
8815 607
8803 598
8789 584
8772 562
8756 539
8741 509
8725 479
8711 449
8698 419
8690 393
8692 367
8699 348
8710 339
8726 340
8747 347
8772 359
8800 377
8828 398
8855 424
8880 451
8902 475
8921 499
8926 518
8922 521
8912 515
8899 504
8882 493
8862 476
8844 455
8830 433
8820 408
8815 383
8821 360
8832 346
8848 347
8870 354
8893 365
8913 384
8929 408
8940 437
8948 466
8953 494
8947 514
8938 517
8929 509
8924 498
8933 488
8946 479
8962 471
8982 473
9007 478
9030 486
9052 494
9065 496
9063 493
9058 485
9052 475
9040 461
9026 441
9010 421
8997 399
8992 377
8998 359
9008 348
9021 350
9039 354
9057 362
9078 377
9096 396
9110 422
9121 451
9126 477
9130 503
9127 524
9118 530
9109 525
9100 516
9092 503
9096 489
9106 474
9121 467
9141 470
9167 479
9191 492
9210 498
9219 493
9213 485
9205 470
9198 451
9190 428
9180 403
9179 388
9186 392
9196 400
9208 413
9224 430
9243 449
9264 471
9285 491
9307 498
9313 491
9307 479
9297 460
9287 440
9278 415
9269 392
9271 373
9279 366
9291 364
9307 371
9325 382
9344 395
9362 410
9379 423
9397 436
9414 448
9428 461
9441 476
9452 492
9463 509
9475 523
9485 527
9491 521
9491 510
9488 497
9484 480
9481 457
9478 435
9474 413
9468 392
9457 373
9442 357
9423 346
9402 348
9381 355
9367 366
9367 381
9375 394
9386 406
9402 416
9420 422
9442 426
.PEN_UP
.PEN_DOWN
9400 650
9405 638
9405 628
9405 613
9405 603
.PEN_UP
.PEN_DOWN
9865 489
9865 501
9873 513
9873 523
9873 533
9828 528
9814 515
9801 498
9789 476
9779 453
9773 431
9773 409
9780 392
9791 388
9808 397
9827 408
9846 424
9866 447
9883 472
9894 498
9894 506
9888 497
9882 485
9875 470
9870 453
9867 431
9869 412
9877 398
9891 394
9908 397
9930 404
9951 415
9970 433
9988 456
10006 479
10014 493
10011 486
10006 476
9999 462
9991 447
9983 428
9977 408
9978 389
9986 374
9999 366
10016 370
10036 377
10055 388
10072 401
10090 420
10108 439
10127 460
10143 484
10157 496
10162 491
10158 482
10153 469
10146 450
10138 431
10128 409
10124 399
10127 404
10131 411
10141 425
10154 443
10174 465
10200 492
10225 516
10251 530
10271 528
.PEN_UP
.PEN_DOWN
10090 591
10092 601
.PEN_UP
.PEN_DOWN
10568 484
10568 474
10568 457
10568 447
10563 430
10544 384
10540 369
10538 355
10539 352
10543 358
10552 368
10564 385
10579 403
10595 426
10612 451
10629 472
10643 479
10653 474
10654 464
10652 449
10650 431
10648 407
10648 383
10653 367
10659 366
10666 373
10678 383
10690 396
10703 416
10719 438
10733 463
10748 489
10759 505
10761 503
10760 493
10760 481
10767 467
10779 460
10797 466
10818 475
10835 483
10839 479
10835 472
10830 461
10824 443
10816 423
10808 401
10803 379
10805 362
10813 351
10826 353
10841 358
10864 366
10886 379
10908 398
10935 425
10958 454
10980 484
11001 519
11019 551
11035 582
11051 610
11059 630
11054 632
11048 625
11039 611
11029 594
11015 569
11003 537
10989 508
10977 478
10969 451
10964 427
10964 405
10969 388
10980 381
10996 386
11016 395
11037 408
11058 427
11079 453
11101 485
11124 518
11147 551
11168 580
11181 606
11181 615
11175 610
11167 599
11155 580
11140 553
11124 522
11110 488
11095 453
11085 422
11077 396
11081 390
11090 395
11103 403
11119 418
11142 438
11167 462
11189 483
11199 487
11198 477
11193 464
11187 447
11183 425
11185 401
11193 380
11204 365
11224 356
11249 352
11276 352
11304 355
11328 362
11351 374
.PEN_UP
.PEN_DOWN
10948 535
10958 540
10970 540
10982 540
10992 540
11039 556
11056 559
11076 560
11098 562
.PEN_UP
.PEN_DOWN
10872 630
10863 638
10870 650
10875 662
.PEN_UP
.PEN_DOWN
11636 479
11645 489
11648 506
11650 516
11653 528
11652 559
11640 555
11624 548
11605 536
11582 516
11560 492
11539 465
11522 437
11513 412
11518 392
11526 379
11539 383
11554 392
11572 406
11591 421
11611 438
11629 457
11647 477
11661 496
11663 501
11658 494
11651 481
11644 465
11636 445
11628 420
11629 397
11634 380
11644 373
11657 377
11674 382
11695 393
11714 407
11732 425
.PEN_UP
.PEN_DOWN
12031 499
12031 486
12023 477
12009 460
12004 450
11993 403
11993 384
12000 373
12013 371
12030 375
12054 383
12077 396
12099 414
12122 438
12146 464
12166 491
12179 513
12179 517
12172 507
12162 489
12147 464
12128 430
12106 390
12084 347
12061 308
12039 267
12021 233
12007 206
11999 196
12003 205
12010 220
12020 241
12035 270
12058 310
12085 352
12113 393
12139 431
12161 462
12182 488
12204 503
12222 496
12231 483
12231 463
12223 439
12212 414
12200 389
12183 369
12163 355
12141 355
12123 363
12119 372
12126 383
12136 390
12151 394
12172 396
12196 400
12219 406
12240 414
12260 428
12282 447
12304 470
12320 483
12325 479
12320 467
12314 452
12307 430
12299 408
12291 388
12291 383
12297 389
12308 401
12322 419
12341 440
12362 464
12382 483
12403 490
12420 484
12437 477
12455 479
12471 486
12485 493
12484 494
12474 487
12461 475
12446 460
12432 439
12418 415
12407 392
12406 369
12411 352
12425 342
12440 345
12462 354
12484 367
12500 384
12514 406
12523 432
12529 459
12528 486
12522 508
12511 522
12494 519
12478 511
12466 500
12470 486
12479 473
12491 464
12508 462
12528 466
12550 471
12572 479
12592 492
12606 499
12606 488
12600 474
12593 451
12583 423
12568 382
12549 340
12529 301
12511 263
12496 234
12487 218
12485 220
12490 228
12498 243
12511 267
12529 298
12551 339
12574 379
12598 420
12622 457
12644 488
12664 513
12684 524
12700 516
12711 504
12715 485
12712 464
12705 438
12695 414
12679 397
12656 384
12633 379
12611 381
12597 384
12604 387
12613 389
12625 388
12643 387
12665 385
12691 385
12716 384
12740 385
12760 392
12780 403
12799 418
12815 438
12830 456
12843 475
12842 493
12836 502
12823 498
12807 490
12783 476
12757 459
12735 440
12720 419
12722 398
12730 382
12741 375
12757 379
12775 386
12797 396
12818 407
12837 421
12853 439
12867 461
12874 483
12869 488
12860 481
12848 470
12833 455
12817 436
12803 414
12801 392
12806 374
12815 365
12828 368
12845 374
12865 383
12887 395
12909 409
12932 427
12951 447
12966 467
12974 478
12969 473
12964 462
12955 447
12946 427
12934 405
12927 386
12933 378
12942 382
12957 392
12972 407
12996 428
13021 452
13045 476
13070 495
13085 496
13088 488
13082 477
13072 461
13064 442
13054 419
13047 398
13049 378
13058 364
13071 358
13092 363
13118 369
13144 378
13170 390
13193 409
13215 432
13233 457
13245 482
13244 503
13237 512
13226 512
13211 506
13193 496
13175 481
13161 460
13153 435
13158 409
13166 386
13179 370
13199 361
13228 358
13261 358
13294 360
13323 363
13348 368
.PEN_UP
.PEN_DOWN
13767 595
13767 583
13767 571
13767 561
13762 549
13746 493
13740 470
13732 443
13724 412
13716 381
13711 353
13711 329
13717 312
13729 312
13746 321
13766 334
13787 349
13802 368
13812 388
13816 409
13818 430
13815 450
13806 459
13797 454
13791 443
13797 433
13809 427
13823 428
13838 433
13859 440
13879 451
13896 465
13902 468
13900 463
13896 452
13892 438
13888 418
13883 393
13879 368
13878 344
13885 326
13898 315
13914 318
13931 327
13949 339
13963 358
13975 379
13986 403
13994 427
13997 449
13993 455
13988 449
13986 440
13991 428
14001 419
14015 418
14035 424
14058 436
14076 444
14089 440
14093 433
14090 419
14088 400
14085 377
14081 352
14079 329
14077 315
14076 316
14076 325
14080 336
14085 353
14095 379
14108 408
14120 438
14132 457
14138 457
14140 448
14142 436
14147 425
14156 414
14173 408
14194 410
14217 417
14238 428
14255 444
14271 461
14280 466
14279 460
14276 447
14273 430
14269 408
14264 382
14258 358
14253 338
14254 333
14256 339
14266 352
14280 370
14302 395
14328 426
14353 457
14377 479
14395 484
14406 477
14406 464
14402 447
14394 428
14386 402
14380 380
14373 357
14377 334
14384 321
14396 317
14413 321
14434 330
14456 341
14479 359
14501 382
14520 406
14532 431
14537 457
14533 472
14524 472
14513 464
14499 453
14486 436
14475 415
14466 390
14463 365
14466 345
14476 330
14495 329
14517 336
14542 346
14562 361
14579 382
14594 408
14609 435
14621 461
14625 468
14624 462
14621 450
14619 436
14616 418
14612 394
14607 370
14603 347
14600 334
14602 341
14607 350
14616 365
14627 385
14643 408
14660 433
14677 457
14696 478
14715 489
14736 488
.PEN_UP
.PEN_DOWN
14788 361
14788 349
14788 339
14788 329
14788 320
14788 286
.PEN_UP
.PEN_DOWN
15069 483
15069 473
15069 461
15069 451
15066 432
15057 379
15053 360
15049 340
15051 329
15055 331
15063 342
15076 358
15093 381
15111 408
15130 436
15149 457
15163 462
15171 454
15176 440
15176 423
15175 400
15175 372
15180 358
15187 361
15197 370
15211 381
15224 402
15238 425
15250 452
15260 480
15271 505
15278 519
15281 519
15280 512
15277 502
15276 487
15276 468
15282 452
15294 445
15311 451
15334 462
15354 475
15371 491
15385 515
15397 541
15408 564
15415 572
15413 563
15408 547
15398 521
15385 489
15370 450
15355 410
15343 376
15334 348
15326 322
15321 310
15325 313
15331 320
15342 338
15356 365
15377 396
15399 429
15422 457
15445 469
15457 463
15459 452
15457 438
15454 421
15449 402
15447 381
15452 364
15460 358
15475 365
15493 377
15516 394
15537 414
15554 438
15568 460
15574 476
15572 479
15568 468
15563 451
15558 432
15552 407
15547 383
15550 362
15558 348
15570 344
15586 350
15609 363
15633 377
15657 400
15681 425
15701 450
15722 473
15738 482
15748 476
15752 466
15751 457
15753 459
15754 466
15752 478
15742 481
15728 476
15711 466
15691 451
15677 430
15667 405
15664 380
15668 357
15679 339
15691 325
15709 320
15732 324
15758 334
15785 347
15814 368
15841 395
15864 425
15885 461
15905 496
15924 531
15940 564
15951 591
15951 609
15946 610
15939 600
15931 588
15921 568
15907 539
15894 501
15879 459
15864 419
15852 386
15850 364
15855 365
15864 377
15876 389
15896 409
15918 430
15941 452
15959 464
15961 459
15956 450
15949 435
15944 415
15939 394
15937 371
15942 353
15953 341
15967 331
15985 326
16005 324
16026 326
16047 331
16067 339
16083 352
.PEN_UP
.PEN_DOWN
15639 622
15639 637
15639 646
15639 656
.PEN_UP
.PEN_DOWN
16490 444
16490 454
16490 468
16493 478
16493 488
16454 495
16440 488
16423 475
16404 458
16385 438
16370 414
16358 393
16351 368
16347 343
16351 321
16362 311
16375 316
16391 324
16410 338
16427 356
16446 381
16467 414
16487 450
16506 487
16525 522
16544 554
16559 582
16564 599
16559 595
16553 583
16544 568
16533 545
16518 515
16505 481
16492 450
16482 421
16473 395
16465 372
16463 350
16470 329
16480 321
16495 326
16517 334
16543 347
16569 363
16595 384
16621 411
16644 438
16662 466
16666 487
16659 494
16649 488
16636 475
16619 457
16600 434
16584 405
16571 378
16563 354
16561 334
16567 319
16578 316
16592 323
16609 334
16627 348
16643 368
16655 395
16664 426
16668 455
16667 484
16660 500
16652 496
16643 488
16634 478
16629 462
16629 443
16637 423
16649 407
16666 397
16688 392
16712 393
16735 397
16758 405
16781 417
16800 434
16815 453
16824 474
16821 494
16813 506
16799 503
16782 493
16761 476
16741 452
16726 427
16715 400
16712 377
16718 356
16728 344
16742 343
16761 348
16782 352
16806 358
16829 368
16853 382
16876 403
16898 427
16917 454
16934 480
16947 494
16950 486
16946 474
16937 453
16927 428
16913 399
16897 370
16880 347
16860 340
16842 346
16828 358
16825 375
16832 395
16842 409
16853 403
16865 393
16876 379
16890 364
16907 352
16929 343
16959 344
16987 349
17016 360
17042 371
17064 385
.PEN_UP
.PEN_DOWN
17248 334
17248 324
17261 324
17273 327
17283 339
17316 376
17329 390
17344 406
17362 424
17383 443
17401 464
17413 474
17416 467
17412 452
17405 433
17399 408
17392 380
17385 356
17386 341
17392 349
17404 361
17420 382
17444 405
17469 432
17491 447
17503 439
17503 428
17498 413
17493 395
17488 374
17488 360
17494 362
17504 369
17518 385
17536 405
17555 428
17576 451
17593 454
17600 444
17598 431
17593 415
17591 394
17590 374
17590 353
17596 335
17607 326
17624 325
17646 329
17668 337
17693 350
17718 366
17742 384
17762 404
17776 424
17785 444
17783 464
17775 476
17762 471
17745 463
17726 450
17708 431
17693 410
17681 386
17681 364
17687 351
17698 351
17715 360
17737 374
17759 392
17777 416
17789 442
17793 456
17786 452
17778 443
17769 427
17760 407
17761 384
17769 361
17783 349
17800 350
17821 357
17843 367
17864 383
17888 407
17913 440
17938 479
17960 518
17980 552
17992 581
17992 591
17987 586
17980 576
17971 558
17957 533
17939 499
17922 460
17904 415
17890 375
17880 341
17874 325
17876 330
17882 339
17892 357
17906 379
17927 405
17950 433
17975 457
18000 475
18022 485
18032 479
18028 469
18023 455
18014 441
18000 426
17982 415
17964 417
17953 415
17948 408
17948 396
17951 380
17958 358
17970 339
17987 326
18008 319
18032 322
18056 330
18080 339
18104 354
18127 375
18149 397
18169 422
18183 444
18183 463
18175 469
18166 466
18151 458
18134 449
18118 435
18105 417
18101 397
18106 375
18115 356
18132 341
18156 333
18185 329
18216 330
18246 333
18272 338
18296 345
.PEN_UP
.PEN_DOWN
18736 585
18733 576
18726 561
18721 551
18711 541
18687 492
18678 469
18667 439
18654 405
18643 370
18634 338
18634 311
18641 298
18655 302
18674 311
18696 327
18721 349
18746 377
18773 412
18799 446
18825 481
18846 510
18860 535
18862 550
18857 545
18849 533
18837 517
18823 488
18806 454
18790 414
18775 376
18762 346
18759 328
18766 334
18777 342
18791 355
18810 373
18832 396
18855 416
18871 419
18877 411
18873 401
18870 388
18866 370
18866 348
18873 328
18884 313
18899 307
18923 311
18949 319
18975 331
18998 348
19016 369
19029 390
19041 410
19047 432
19041 447
19032 447
19020 439
19007 428
18993 413
18985 394
18983 372
18989 352
18999 337
19013 324
19035 315
19062 311
19090 310
19117 312
19140 314
19158 321
.PEN_UP
.PEN_DOWN
18585 490
18597 490
18607 490
18616 490
18636 490
18705 498
18724 501
18744 503
18765 505
.PEN_UP
.PEN_DOWN
19567 605
19572 615
19575 624
19570 615
19562 600
19540 557
19529 538
19516 516
19500 489
19482 456
19465 425
19451 397
19441 370
19435 348
19433 327
19438 311
19447 302
19460 303
19478 310
19500 321
19524 334
19547 351
19571 371
19595 391
19616 414
19634 437
19639 447
19634 442
19627 434
19617 418
19603 400
19591 377
19581 351
19580 327
19585 308
19597 297
19613 300
19633 311
19654 326
19672 349
19684 376
19691 405
19692 435
19688 457
19678 471
19663 469
19647 460
19635 448
19630 432
19636 416
19646 401
19661 394
19680 395
19701 399
19722 406
19745 420
19763 435
19772 439
19767 433
19758 416
19746 393
19733 363
19717 323
19699 283
19683 243
19664 204
19648 172
19634 147
19625 142
19629 153
19636 172
19646 196
19663 231
19684 272
19708 312
19733 353
19755 390
19777 422
19798 448
19821 468
19843 480
19862 478
19875 469
19875 452
19870 429
19860 401
19845 372
19828 349
19808 332
19789 324
19769 324
19754 331
19752 341
19760 350
19769 356
19782 359
19800 359
19821 361
.PEN_UP
.PEN_DOWN
19438 502
19448 505
19465 510
19484 515
19501 515
19569 525
19589 528
19609 528
.PEN_UP
.PEN_DOWN
20314 405
20304 401
20290 383
20282 374
20273 364
20247 323
20240 305
20235 285
20233 264
20237 244
20245 233
20259 233
20280 240
20304 252
20328 269
20349 291
20366 318
20378 347
20385 375
20390 402
20389 427
20381 444
20368 453
20352 447
20332 438
20317 426
20307 410
20301 389
20305 369
20314 353
20328 346
20346 348
20372 356
20398 367
20423 385
20449 409
20471 436
20492 465
20510 492
20520 506
20518 504
20512 496
20503 482
20491 459
20477 425
20459 378
20439 325
20418 269
20397 214
20375 163
20358 119
20344 78
20337 46
20342 24
20351 17
20364 22
20383 33
20405 49
20428 74
20450 108
20471 147
20490 187
20503 225
20512 261
20514 291
20511 316
20504 335
20491 347
20472 353
20451 350
.PEN_UP
.PEN_DOWN
20841 274
20853 286
20870 298
20882 313
20887 323
20912 366
20923 381
20937 396
20951 413
20968 428
20978 431
20981 425
20978 414
20973 398
20966 376
20958 351
20948 327
20945 303
20951 287
20961 283
20974 291
20990 300
21009 311
21028 330
21047 353
21066 379
21081 398
21085 395
21081 384
21074 367
21065 339
21055 306
21040 267
21026 231
21014 196
20999 161
20985 130
20970 101
20953 75
20939 66
20931 73
20932 83
20937 99
20946 122
20958 151
20973 184
20990 217
21012 248
21035 284
21062 318
21094 355
21123 388
21148 406
21162 405
21161 397
21155 382
21146 364
21137 343
21129 320
21123 300
21120 279
21121 258
21130 247
21143 248
21160 256
21182 267
21200 285
21213 306
21222 330
21227 353
21229 375
21230 396
21229 417
21222 434
21210 440
21196 434
21181 422
21177 407
21184 394
21195 382
21209 382
21229 389
21250 399
21272 411
21292 424
21309 428
21317 422
21315 411
21311 397
21307 380
21303 356
21298 333
21301 309
21309 291
21322 287
21339 293
21356 302
21375 315
21390 332
21404 352
21418 374
21428 396
21428 410
21424 409
21419 400
21412 386
21405 368
21396 347
21390 321
21385 298
21387 276
21396 264
21410 266
21429 272
21453 283
21475 296
21494 314
21512 337
21529 361
21544 386
21557 411
21564 425
21560 421
21555 410
21549 390
21544 367
21537 341
21532 314
21525 295
21524 289
21528 294
21536 304
21547 318
21563 342
21582 372
21601 403
21621 431
21641 446
21660 449
21679 442
.PEN_UP
.PEN_DOWN
22072 593
22070 579
22062 569
22057 544
22050 522
22027 439
22018 409
22008 378
21997 347
21983 317
21972 296
21971 288
21978 294
21986 305
21997 321
22016 342
22038 371
22061 400
22085 427
22105 435
22118 430
22124 420
22120 404
22115 384
22110 361
22105 339
22107 319
22113 303
22125 299
22141 303
22160 311
22183 321
22203 333
22224 348
22244 367
22261 388
22277 411
22285 434
22280 442
22272 437
22262 430
22249 417
22234 401
22219 381
22206 358
22203 336
22209 317
22219 303
22231 295
22248 297
22270 302
22295 308
22324 319
22353 331
22380 344
22404 359
22422 377
22437 397
22445 419
22439 437
22428 443
22412 437
22395 427
22373 410
22353 391
22336 365
22331 340
22339 320
22351 311
22365 317
22382 326
22402 339
22421 353
22437 375
22453 397
22463 416
22460 421
22451 414
22444 404
22436 391
22431 373
22428 353
22429 333
22437 317
22450 306
22467 304
22491 309
22515 318
22540 330
22567 345
22592 364
22612 386
22629 409
22639 434
22635 454
22625 462
22609 456
22589 447
22564 433
22540 416
22519 395
22506 373
22499 352
22503 331
22515 314
22531 304
22551 308
22578 322
22604 340
22629 364
22653 395
22676 428
22698 465
22718 502
22736 536
22745 556
22741 553
22733 542
22720 531
22704 511
22686 485
22668 451
22653 417
22640 385
22633 357
22631 333
22636 313
22647 299
22666 294
22691 297
22721 306
22751 316
22778 328
.PEN_UP
.PEN_DOWN
23103 432
23099 422
23091 413
23081 393
23079 381
23075 335
23074 318
23077 298
23087 280
23102 267
23122 273
23147 286
23170 306
23192 331
23216 362
23238 395
23259 428
23275 458
23285 484
23290 504
23289 508
23283 502
23274 488
23261 464
23248 433
23235 388
23224 340
23211 291
23196 244
23179 197
23165 155
23154 116
23144 77
23137 47
23132 18
23135 0
23143 0
23154 9
23169 22
23188 40
23208 67
23228 101
23249 138
23269 176
23286 213
23299 248
23304 278
23300 305
23293 327
23282 344
23267 347
23253 341
23240 330
23237 315
23243 300
23251 286
23264 278
23282 280
23304 289
23327 301
23355 317
23383 338
23408 357
23432 375
23449 394
23458 414
23452 425
23444 423
23434 415
23424 405
23412 389
23399 369
23390 345
23391 320
23399 298
23413 281
23430 273
23452 274
23475 275
23497 281
23519 292
23539 308
23558 329
23576 352
23592 375
23602 398
23599 415
23591 419
23580 411
23567 402
23551 387
23535 368
23522 345
23513 321
23516 299
23525 277
23538 261
23554 258
23574 263
23596 273
23620 285
23645 301
23671 320
23696 340
23720 365
23742 394
23762 423
23775 454
23784 482
23791 507
23798 532
23797 549
23793 554
23786 550
23776 539
23761 526
23744 507
23726 483
23711 457
23698 428
23687 398
23680 368
23679 340
23683 317
23692 301
23705 287
23727 281
23753 284
23781 291
23810 300
23834 312
23855 328
23873 345
.PEN_UP
.PEN_DOWN
24159 569
24157 557
24149 535
24145 503
24140 491
24113 429
24104 403
24093 373
24079 341
24064 307
24048 278
24035 255
24024 236
24021 233
24026 241
24034 257
24048 276
24072 305
24099 338
24127 366
24155 393
24179 410
24195 409
24201 400
24197 389
24192 371
24185 349
24179 325
24176 299
24181 278
24189 263
24201 255
24217 259
24239 267
24262 278
24286 295
24310 317
24333 343
24353 370
24365 396
24358 408
24349 403
24338 394
24325 381
24309 362
24293 341
24280 317
24275 293
24282 276
24296 270
24312 276
24331 286
24349 299
24365 314
24378 339
24387 367
24394 395
24397 423
24395 442
24387 445
24376 438
24365 428
24355 415
24353 398
24359 378
24370 363
24386 354
24405 358
24425 364
24446 375
24470 389
24493 406
24516 428
24537 453
24554 480
24568 507
24582 532
24588 547
24585 545
24579 536
24572 525
24561 507
24549 484
24534 454
24521 422
24508 392
24495 364
24483 340
24472 317
24473 296
24481 282
24493 272
24509 271
24529 275
24553 281
24576 290
24597 303
24611 321
24614 341
.PEN_UP
.PEN_DOWN
24461 476
24471 476
24488 481
24498 483
24510 486
24567 487
24585 487
24604 489
24624 490
24644 491
.PEN_UP
.PEN_DOWN
24742 627
24744 637
24757 632
24764 615
24766 605
24766 526
24762 496
24754 461
24743 425
24730 384
24714 347
24694 316
24670 286
24644 261
24618 237
24595 218
.PEN_UP
.PEN_DOWN
25088 374
25093 383
25098 393
25103 403
25103 415
25100 454
25093 462
25080 460
25060 454
25038 443
25013 422
24991 397
24973 369
24960 341
24956 317
24962 296
24975 289
24990 293
25010 303
25035 317
25058 338
25083 363
25107 393
25124 421
25129 435
25123 434
25115 427
25105 413
25095 393
25082 369
25074 341
25076 316
25085 301
25098 301
25118 310
25140 326
25164 349
25188 376
25208 405
25217 412
25218 404
25213 390
25205 373
25195 354
25185 330
25176 308
25174 295
25177 297
25187 305
25203 319
25227 341
25255 367
25284 400
25306 420
25315 423
25312 415
25305 403
25297 386
25289 365
25281 340
25280 317
25286 300
25297 290
25315 296
25338 305
25363 314
25389 325
25411 341
25433 362
25451 386
25463 410
25462 434
25455 449
25444 455
25429 450
25412 436
25391 417
25371 395
25350 368
25335 345
25328 324
25333 306
25344 300
25357 305
25378 317
25403 333
25428 356
25456 390
25481 428
25506 466
25530 502
25546 532
25556 553
25553 559
25545 548
25530 528
25511 502
25489 467
25468 428
25454 392
25446 359
25442 330
25443 306
25451 291
25465 287
25487 293
25516 301
25547 309
25576 322
25601 339
25622 357
.PEN_UP
.PEN_DOWN
25902 403
25905 413
25905 398
25900 388
25895 374
25873 315
25868 301
25865 294
25867 300
25873 313
25886 333
25903 359
25925 391
25945 418
25961 431
25972 425
25977 416
25981 401
25986 389
25998 386
26015 391
26037 403
26059 415
26071 418
26072 414
26068 404
26064 390
26057 373
26050 354
26042 331
26039 308
26044 291
26053 278
26068 273
26087 275
26109 282
26130 291
26150 302
26170 314
26192 328
26213 345
26233 364
26250 384
26257 406
26252 423
26241 427
26226 420
26206 407
26181 391
26160 372
26142 348
26131 328
26133 309
26142 297
26155 298
26172 306
26191 318
26211 335
26228 356
26247 382
26263 412
26280 444
26297 478
26313 510
26317 532
26310 534
26302 522
26293 508
26282 489
26269 464
26256 433
26242 398
26230 366
26222 336
26218 311
26221 292
26231 280
26248 278
26272 284
26300 294
26328 308
26354 329
26378 353
26400 376
26418 402
26428 426
26421 445
26411 445
26396 433
26381 416
26364 395
26348 372
26339 345
26341 321
26348 300
26360 286
26380 278
26406 277
26434 280
26462 285
26487 293
26509 302
26528 315
.PEN_UP
.PEN_DOWN
26129 564
26139 569
26139 579
.PEN_UP
.PEN_DOWN
26981 481
26978 472
26973 457
26971 438
26966 420
26955 369
26952 349
26947 323
26942 295
26938 263
26934 234
26937 211
26947 199
26963 202
26982 209
27006 228
27027 254
27049 286
27071 325
27092 366
27110 403
27124 437
27133 468
27134 481
27130 475
27126 461
27119 436
27110 404
27098 366
27086 326
27075 291
27064 255
27068 233
27075 228
27082 236
27094 251
27109 271
27125 298
27142 328
27156 347
27165 350
27170 340
27170 328
27168 310
27168 288
27168 264
27168 240
27174 224
27190 224
27211 231
27237 241
27258 259
27274 283
27285 310
27294 337
27291 356
27286 359
27281 352
27274 341
27267 327
27260 305
27255 281
27259 258
27267 239
27281 228
27300 222
27325 226
27352 232
27378 240
27402 251
27424 264
.PEN_UP
.PEN_DOWN
26842 362
26854 367
26864 369
26873 374
26886 379
26943 390
26967 395
26999 401
27036 409
.PEN_UP
.PEN_DOWN
27939 333
27939 345
27939 357
27939 372
27939 386
27924 413
27911 407
27897 396
27880 378
27862 355
27846 325
27833 295
27826 268
27829 244
27837 232
27848 235
27861 244
27876 258
27893 277
27912 300
27932 326
27952 351
27966 366
27969 361
27963 352
27959 338
27951 318
27943 291
27940 261
27946 237
27958 226
27973 233
27992 245
28012 258
28034 276
28054 300
28076 326
28095 355
28110 377
28116 385
28113 379
28109 369
28103 356
28096 338
28089 314
28084 289
28084 264
28091 244
28103 234
28119 237
28138 245
28157 254
28177 271
28196 293
28213 319
28230 345
28243 369
28257 389
28267 396
28271 390
28268 376
28264 352
28259 325
28250 293
28240 263
28232 243
28229 238
28233 246
28241 258
28253 278
28266 302
28283 331
28298 359
28315 378
28335 390
28354 385
.PEN_UP
.PEN_DOWN
28151 530
28161 540
28168 552
.PEN_UP
.PEN_DOWN
28778 377
28778 386
28778 399
28778 411
28770 420
28733 419
28719 406
28702 382
28685 353
28665 319
28651 285
28643 256
28646 229
28653 209
28667 199
28685 197
28710 202
28739 213
28769 229
28799 251
28829 280
28860 308
28888 342
28911 373
28925 391
28922 395
28917 387
28909 376
28901 359
28891 337
28881 309
28873 282
28867 258
28870 238
28878 233
28894 238
28914 250
28936 266
28957 286
28973 314
28986 343
28997 371
29002 390
28999 392
28994 384
28987 371
28986 353
28993 336
29005 332
29021 341
29043 353
29067 366
29087 385
29104 396
29109 388
29105 376
29100 359
29091 337
29082 309
29071 282
29065 260
29070 257
29077 266
29087 281
29102 303
29122 331
29141 361
29158 389
29174 403
29184 399
29191 389
29198 378
29208 369
29224 369
29246 376
29269 387
29289 398
29301 400
29299 395
29293 382
29285 364
29275 340
29266 312
29258 285
29251 260
29245 240
29242 232
29245 238
29250 251
29260 271
29272 298
29291 330
29311 363
29331 392
29352 409
29365 407
29370 398
29370 385
29369 369
29371 350
29378 331
29390 319
29407 317
29427 322
29449 329
29469 340
29488 358
29506 379
29519 401
29520 417
29514 418
29505 411
29492 401
29476 386
29458 366
29439 342
29426 317
29417 293
29416 270
29423 252
29434 242
29449 242
29467 245
29488 251
29509 259
29529 272
29553 291
29576 317
29599 345
29622 374
29641 397
29648 404
29646 398
29640 387
29631 372
29620 352
29608 326
29597 300
29589 276
29589 257
29594 250
29603 255
29616 265
29633 281
29653 303
29676 331
29703 358
29722 374
29728 373
29723 365
29718 353
29713 334
29707 312
29710 289
29716 270
29727 257
29744 255
29763 259
29782 269
29802 283
29819 304
29839 333
29859 364
29878 393
29899 422
29921 450
29932 475
29933 486
29928 479
29920 464
29909 439
29894 411
29875 375
29856 341
29840 310
29829 283
29829 260
29836 243
29849 239
29868 246
29889 255
29912 268
29936 289
29960 312
29986 341
30012 370
30035 390
30056 399
30069 392
30077 382
30076 367
30072 345
30066 317
30059 288
30049 262
30034 247
30015 236
29993 232
29970 232
29950 235
29940 245
29945 261
29953 279
29965 297
29978 301
29989 296
30002 285
30017 274
30035 261
30061 250
30090 250
30123 255
30155 264
30185 277
30215 293
30240 313
30260 333
.PEN_UP
.PEN_DOWN
29792 445
29804 440
29814 440
29831 450
29841 450
29919 450
29945 452
29973 455
30004 460
30036 465
.PEN_UP
.PEN_DOWN
30355 272
30365 272
30375 277
30384 277
30394 277
.PEN_UP
