
.WRITER_ID Kenny_Wee
.STYLE PRINTED
.PEN_DOWN
	630	1596
	629	1599
	629	1599
	628	1599
	627	1590
	624	1576
	620	1561
	617	1549
	613	1539
	613	1534
	612	1532
	612	1532
	612	1531
	612	1531
	612	1532
	613	1532
	615	1533
	620	1534
	630	1532
	642	1532
	653	1532
.PEN_UP
.PEN_DOWN
	711	1555
	708	1564
	700	1566
	684	1566
	670	1559
	661	1551
	657	1542
	657	1535
	659	1532
	665	1531
	698	1545
	700	1549
	700	1549
	700	1551
	700	1548
	698	1539
	697	1531
	700	1524
.PEN_UP
.PEN_DOWN
	737	1599
	737	1599
	738	1596
	737	1583
	734	1568
	732	1552
	732	1539
	730	1529
	730	1521
.PEN_UP
.PEN_DOWN
	777	1569
	778	1569
	767	1565
	756	1558
	743	1551
	736	1545
	732	1541
	737	1534
	745	1532
	758	1530
	772	1531
.PEN_UP
.PEN_DOWN
	807	1541
	806	1538
	806	1539
	806	1541
	812	1542
	825	1551
	838	1561
	846	1569
	849	1576
	846	1581
	836	1581
	821	1575
	812	1565
	805	1555
	805	1545
	810	1539
	820	1531
	836	1526
.PEN_UP
.PEN_DOWN
	305	1122
	309	1126
	314	1132
	318	1136
	320	1139
	316	1144
	308	1146
	293	1143
	275	1139
	261	1132
	253	1128
	253	1126
	252	1125
	260	1118
	277	1111
	297	1105
	313	1098
	320	1091
	320	1085
	313	1075
	296	1068
	277	1064
	262	1064
	249	1064
	242	1068
.PEN_UP
.PEN_DOWN
	410	1089
	415	1095
	412	1101
	404	1106
	393	1109
	378	1106
	364	1099
	355	1089
	348	1079
	346	1071
	347	1065
	352	1062
	358	1062
	370	1068
	383	1072
	392	1085
	399	1091
	399	1091
	400	1091
	400	1087
	393	1075
	391	1062
	389	1055
.PEN_UP
.PEN_DOWN
	440	1089
	439	1091
	439	1091
	436	1085
	431	1077
	428	1072
	427	1069
	428	1069
	428	1069
	427	1069
	430	1073
	438	1082
	445	1089
	454	1091
	456	1091
	460	1085
	463	1079
	463	1072
	463	1068
.PEN_UP
.PEN_DOWN
	264	145
	264	151
	268	162
	268	166
	268	166
	268	166
	269	152
	266	132
	264	114
	263	104
	262	101
	263	99
	263	101
	266	112
	272	132
	278	152
	281	175
	286	192
	288	203
	289	206
	289	208
	291	205
	294	193
	296	178
	298	165
	301	152
	302	149
	305	146
	314	149
	328	162
	346	185
	363	208
	376	223
	378	226
	380	226
	380	212
	376	186
	372	162
	370	141
	371	124
	372	111
	373	101
	375	91
.PEN_UP
.PEN_DOWN
	459	118
	463	121
	469	128
	475	132
	476	140
	473	145
	466	149
	454	146
	438	135
	426	125
	419	112
	413	102
	415	95
	421	92
	432	91
	446	95
	460	104
	468	111
	473	114
	473	115
	473	115
	473	114
	473	111
	475	108
	481	104
.PEN_UP
.PEN_DOWN
	562	114
	563	115
	567	116
	570	125
	571	125
	567	129
	559	135
	546	132
	531	128
	516	121
	506	111
	500	102
	501	95
	507	92
	520	88
	532	92
	546	98
	555	104
	564	114
	571	131
	576	152
	580	172
	579	187
	579	193
	579	193
	576	192
	572	178
	570	161
	566	145
	563	129
	563	115
	561	105
	561	98
	566	91
.PEN_UP
.PEN_DOWN
	617	130
	612	131
	607	128
	603	119
	601	111
	598	102
	596	95
	596	92
	596	92
	598	92
	601	98
	606	108
	611	118
	617	128
	620	132
	624	135
	630	135
	640	132
.PEN_UP
.PEN_DOWN
	687	122
	687	121
	682	118
	677	108
	674	99
	674	93
.PEN_UP
.PEN_DOWN
	779	111
	771	118
	759	119
	741	119
	723	114
	711	105
	704	98
	704	91
	708	82
	717	78
	730	75
	745	78
	758	85
	769	98
	776	114
	784	135
	788	161
	791	178
	790	186
	786	187
	780	182
	773	169
	769	151
	766	132
	769	114
	778	102
	790	95
	803	94
.PEN_UP
