
.WRITER_ID David_Navi
.STYLE MIXED

.PEN_DOWN
529 15760
529 15760
531 15759
532 15754
534 15746
534 15728
538 15711
543 15685
553 15655
560 15632
558 15610
549 15599
540 15596
530 15605
520 15628
514 15662
508 15704
506 15748
504 15772
508 15780
519 15783
541 15782
572 15776
620 15766
677 15750
731 15731
761 15707
769 15681
761 15655
735 15626
690 15601
639 15582
581 15576
529 15580
498 15602
486 15619
491 15632
511 15635
.PEN_UP
.PEN_DOWN
889 15616
900 15623
909 15631
915 15641
918 15650
918 15662
915 15674
904 15687
890 15695
874 15695
853 15691
832 15675
817 15649
813 15616
823 15591
848 15574
878 15574
907 15586
937 15612
954 15641
956 15667
949 15694
933 15704
.PEN_UP
.PEN_DOWN
1162 15682
1164 15685
1164 15687
1160 15690
1153 15694
1143 15697
1132 15697
1117 15697
1102 15697
1091 15694
1082 15686
1076 15668
1081 15646
1087 15625
1091 15605
1093 15594
1093 15590
1091 15592
1087 15612
1080 15640
1072 15668
1063 15695
1059 15704
1057 15700
1054 15681
1055 15658
1055 15636
1059 15612
.PEN_UP
.PEN_DOWN
1259 15636
1267 15642
1271 15652
1271 15668
1267 15687
1258 15704
1248 15711
1231 15704
1212 15677
1201 15642
1203 15610
1221 15585
1242 15576
1263 15583
1284 15609
1286 15639
1275 15671
.PEN_UP
.PEN_DOWN
1584 15718
1586 15722
1585 15724
1577 15727
1562 15731
1537 15731
1505 15731
1466 15730
1427 15727
1402 15722
1394 15721
1393 15721
1394 15724
1398 15730
1406 15730
.PEN_UP
.PEN_DOWN
1477 15717
1475 15717
1475 15714
1475 15710
1477 15701
1481 15688
1488 15668
1496 15646
1504 15625
1514 15602
1516 15590
1520 15586
1523 15588
.PEN_UP
.PEN_DOWN
1631 15750
1635 15740
1640 15723
1643 15700
1651 15672
1664 15640
1678 15612
1689 15590
1691 15577
1691 15576
.PEN_UP
.PEN_DOWN
1735 15753
1736 15746
1741 15733
1747 15714
1756 15691
1768 15659
1781 15629
1789 15605
1794 15590
.PEN_UP
.PEN_DOWN
1779 15675
1778 15677
1764 15681
1741 15682
1710 15685
1674 15685
.PEN_UP
.PEN_DOWN
1893 15733
1893 15740
1886 15746
1884 15749
1883 15747
1882 15730
1884 15705
1892 15677
1907 15648
1927 15623
1940 15608
1946 15606
1955 15613
1964 15638
1967 15668
1970 15697
1970 15710
1972 15708
1978 15686
1984 15646
1987 15600
1986 15551
1976 15505
1954 15482
1933 15482
1912 15511
1904 15547
.PEN_UP
.PEN_DOWN
645 15334
646 15333
650 15338
651 15340
650 15340
651 15341
651 15343
651 15347
649 15348
646 15352
636 15351
621 15348
604 15341
587 15330
571 15312
557 15290
549 15269
547 15256
549 15249
556 15243
571 15243
586 15245
598 15250
606 15256
610 15259
609 15262
607 15263
598 15264
587 15263
574 15259
562 15253
549 15244
536 15233
525 15219
515 15200
508 15181
508 15167
510 15157
514 15151
521 15151
531 15151
546 15154
564 15160
581 15161
603 15165
624 15168
641 15170
.PEN_UP
.PEN_DOWN
776 15243
789 15256
806 15268
823 15276
838 15282
854 15285
868 15288
879 15284
883 15276
887 15263
881 15249
871 15232
855 15214
836 15200
819 15184
804 15174
793 15166
789 15160
786 15159
785 15158
785 15158
790 15164
806 15174
826 15194
852 15219
881 15243
913 15265
945 15278
970 15282
991 15282
1001 15275
1006 15268
1001 15253
986 15236
969 15222
950 15210
934 15200
917 15187
904 15177
894 15170
891 15167
890 15167
898 15168
920 15183
943 15200
969 15222
997 15247
1031 15268
1069 15280
1103 15285
1123 15285
1130 15278
1127 15266
1112 15249
1091 15236
1069 15226
1046 15210
1029 15194
1024 15181
1027 15171
1044 15167
1066 15166
1089 15169
1103 15177
1110 15181
.PEN_UP
.PEN_DOWN
1202 15230
1201 15231
1201 15233
1200 15239
1201 15245
1211 15255
1228 15272
1246 15282
1265 15289
1287 15292
1309 15292
1323 15289
1331 15282
1334 15269
1324 15252
1305 15234
1284 15217
1261 15196
1241 15177
1229 15160
1224 15151
1223 15149
1222 15150
1230 15158
1248 15176
1269 15203
1295 15235
1322 15266
1349 15285
1380 15294
1409 15298
1428 15290
1442 15276
1447 15262
1437 15243
1423 15229
1404 15219
1389 15213
1378 15209
1370 15200
1365 15194
1364 15190
1368 15186
1383 15191
1406 15208
1435 15236
1466 15263
1491 15288
1513 15299
1533 15299
1547 15290
1552 15266
1546 15236
1533 15200
1517 15177
1509 15164
1507 15162
1507 15164
1516 15168
1533 15173
1551 15174
.PEN_UP
.PEN_DOWN
1712 15230
1717 15236
1717 15245
1711 15255
1704 15265
1692 15270
1682 15271
1669 15265
1655 15245
1638 15219
1627 15184
1629 15158
1642 15140
1659 15135
1682 15147
1700 15179
1717 15213
1727 15249
1730 15265
1731 15265
1728 15249
1732 15215
1733 15177
1741 15144
1757 15118
1770 15105
.PEN_UP
.PEN_DOWN
709 14843
712 14856
714 14871
709 14886
701 14902
691 14912
679 14918
663 14918
641 14916
616 14908
588 14896
564 14871
540 14834
523 14790
517 14755
529 14729
553 14713
582 14705
616 14705
648 14713
667 14726
680 14741
688 14760
687 14781
679 14800
664 14808
645 14806
632 14798
624 14787
618 14774
617 14765
622 14762
643 14763
667 14774
698 14784
726 14791
752 14797
770 14798
778 14794
780 14783
.PEN_UP
.PEN_DOWN
949 14834
947 14837
941 14837
930 14838
919 14837
907 14836
892 14824
879 14798
868 14769
860 14741
855 14718
851 14709
851 14706
853 14713
864 14736
872 14765
877 14794
875 14812
875 14814
874 14811
873 14791
872 14768
871 14745
872 14722
872 14706
.PEN_UP
.PEN_DOWN
930 14709
946 14719
969 14736
992 14758
1010 14781
1023 14807
1029 14829
1029 14839
1024 14839
1010 14826
994 14803
976 14771
960 14736
956 14709
967 14694
987 14686
1012 14687
.PEN_UP
.PEN_DOWN
1192 14836
1167 14845
1149 14840
1128 14821
1113 14791
1103 14758
1104 14729
1117 14709
1137 14702
1159 14706
1186 14731
1205 14765
1218 14804
1222 14843
1218 14857
1215 14853
1204 14827
1192 14787
1177 14735
1164 14689
1155 14636
1152 14587
1142 14565
1134 14558
1132 14555
1128 14552
1126 14549
1125 14543
1125 14542
1125 14542
1125 14555
1125 14573
1126 14588
1126 14597
1126 14598
1126 14598
1128 14596
1131 14596
1132 14596
1132 14595
1132 14595
1134 14597
1138 14600
1142 14604
1148 14607
1162 14618
1177 14634
1195 14654
1213 14682
1230 14718
1241 14758
1241 14775
1240 14778
1239 14774
1234 14753
1241 14731
1264 14718
1307 14713
.PEN_UP
.PEN_DOWN
639 14464
635 14469
636 14470
635 14465
626 14447
609 14414
583 14372
551 14323
519 14276
491 14235
468 14208
457 14192
455 14188
463 14198
.PEN_UP
.PEN_DOWN
742 14428
735 14418
725 14403
703 14382
678 14349
650 14313
626 14281
611 14254
605 14244
605 14241
.PEN_UP
.PEN_DOWN
690 14359
684 14362
671 14359
647 14353
616 14346
583 14337
.PEN_UP
.PEN_DOWN
727 14226
728 14228
740 14228
753 14237
774 14247
798 14267
821 14290
833 14308
842 14326
847 14345
847 14358
834 14367
811 14355
797 14336
786 14312
772 14284
766 14259
765 14237
765 14226
768 14222
780 14223
791 14226
799 14237
810 14244
818 14253
.PEN_UP
.PEN_DOWN
909 14244
909 14244
909 14244
911 14244
913 14247
924 14251
937 14260
956 14273
978 14287
1003 14308
1036 14336
1069 14368
1102 14394
1120 14420
1136 14441
1142 14453
1147 14458
1145 14461
1141 14463
1130 14464
1116 14461
1102 14457
1085 14451
1067 14439
1052 14427
1035 14405
1017 14377
999 14342
984 14307
973 14275
969 14252
969 14240
970 14235
977 14233
990 14235
1003 14240
1014 14241
1020 14241
1023 14244
1029 14244
.PEN_UP
.PEN_DOWN
1070 14244
1080 14248
1093 14250
1111 14257
1127 14267
1149 14283
1166 14303
1180 14321
1194 14341
1205 14361
1208 14375
1207 14384
1202 14385
1190 14384
1177 14368
1157 14346
1138 14319
1121 14290
1117 14264
1125 14249
1140 14240
1155 14240
1173 14248
1194 14263
1214 14281
.PEN_UP
.PEN_DOWN
1243 14299
1248 14306
1254 14312
1263 14321
1276 14332
1289 14339
1301 14343
1309 14345
1312 14342
1318 14335
1319 14323
1316 14313
1312 14303
1308 14287
1301 14270
1290 14251
1280 14233
1274 14224
1273 14218
1273 14218
1278 14224
1292 14240
1310 14263
1333 14294
1357 14330
1380 14353
1404 14362
1429 14362
1447 14355
1456 14339
1455 14320
1447 14296
1434 14273
1427 14254
1428 14248
1442 14249
1466 14263
1498 14285
1530 14308
.PEN_UP
