
.WRITER_ID David_Navi
.STYLE MIXED

.PEN_DOWN
497 15600
497 15599
502 15599
515 15600
536 15605
562 15619
596 15641
634 15668
660 15695
669 15720
668 15737
654 15754
632 15760
601 15753
568 15722
528 15677
500 15628
491 15587
502 15566
529 15570
566 15592
597 15622
616 15648
.PEN_UP
.PEN_DOWN
740 15745
740 15747
739 15749
742 15753
747 15754
754 15756
763 15752
767 15750
767 15745
759 15739
737 15731
714 15721
.PEN_UP
.PEN_DOWN
894 15740
892 15740
886 15734
878 15718
866 15691
849 15659
830 15629
812 15609
799 15596
793 15595
791 15599
800 15616
818 15646
838 15675
858 15700
879 15714
901 15721
925 15727
952 15727
975 15727
984 15722
985 15714
972 15701
947 15688
915 15677
883 15670
853 15664
836 15662
831 15661
832 15659
847 15655
871 15652
895 15645
919 15635
934 15623
937 15612
924 15599
896 15583
859 15574
823 15568
791 15570
774 15580
769 15589
778 15596
.PEN_UP
.PEN_DOWN
1163 15717
1153 15718
1138 15713
1119 15704
1098 15684
1083 15664
1076 15642
1069 15627
1067 15622
1066 15621
1070 15636
1072 15659
1075 15678
1073 15688
1070 15686
1062 15668
1047 15637
1027 15602
1018 15567
.PEN_UP
.PEN_DOWN
1250 15721
1250 15723
1249 15723
1248 15722
1246 15721
1239 15714
1232 15700
1223 15678
1213 15652
1201 15626
1189 15602
1182 15586
1179 15579
.PEN_UP
.PEN_DOWN
1282 15616
1285 15612
1291 15608
1300 15604
1309 15601
1321 15602
1336 15609
1359 15623
1382 15648
1402 15672
1417 15697
1423 15720
1419 15730
1410 15724
1394 15710
1376 15684
1360 15652
1353 15624
1359 15600
1372 15584
1389 15580
1409 15586
.PEN_UP
.PEN_DOWN
1505 15718
1505 15718
1507 15711
1509 15700
1514 15682
1516 15659
1522 15636
1524 15615
1522 15603
1522 15602
1522 15609
1532 15630
1549 15661
1571 15691
1586 15710
1594 15714
1609 15701
1620 15675
1629 15639
1637 15603
1644 15573
1649 15560
1650 15557
.PEN_UP
.PEN_DOWN
564 15325
562 15321
559 15311
557 15294
556 15275
556 15249
557 15223
556 15195
550 15170
542 15151
538 15147
534 15150
536 15171
542 15200
553 15253
560 15295
565 15327
579 15341
597 15344
624 15338
659 15325
694 15308
712 15294
714 15279
702 15263
671 15249
631 15242
591 15242
558 15256
535 15276
527 15287
531 15289
555 15288
.PEN_UP
.PEN_DOWN
834 15253
834 15256
831 15261
828 15266
823 15272
818 15275
817 15276
817 15276
816 15276
814 15274
811 15276
808 15276
807 15276
806 15276
805 15276
805 15276
805 15276
804 15275
804 15276
804 15278
802 15278
802 15278
802 15278
802 15278
802 15278
802 15278
802 15278
802 15278
800 15279
799 15279
798 15279
798 15279
797 15279
795 15278
789 15272
784 15266
778 15258
774 15252
767 15243
763 15234
760 15220
759 15204
758 15186
758 15173
757 15165
756 15164
756 15164
755 15164
756 15173
759 15192
767 15220
772 15247
774 15262
774 15263
776 15258
776 15243
772 15224
765 15202
.PEN_UP
.PEN_DOWN
1093 15244
1093 15249
1096 15256
1100 15266
1102 15279
1097 15291
1086 15305
1069 15314
1045 15315
1020 15306
993 15281
970 15240
954 15197
953 15164
964 15139
982 15131
1008 15144
1042 15174
1070 15212
1092 15248
1106 15280
1108 15291
1107 15286
1102 15258
1096 15220
1091 15184
1095 15151
1108 15128
1116 15119
1127 15122
.PEN_UP
.PEN_DOWN
1357 15412
1357 15416
1359 15416
1359 15418
1354 15409
1346 15387
1335 15348
1316 15302
1303 15250
1299 15203
1307 15164
1316 15150
1331 15148
.PEN_UP
.PEN_DOWN
1445 15341
1445 15343
1436 15344
1421 15347
1398 15350
1362 15351
1322 15348
1282 15341
1250 15326
.PEN_UP
.PEN_DOWN
1646 15422
1648 15423
1646 15418
1642 15397
1628 15357
1616 15311
1608 15259
1612 15209
1621 15177
1631 15161
1648 15158
1661 15175
.PEN_UP
.PEN_DOWN
1736 15326
1736 15328
1734 15336
1721 15340
1695 15341
1655 15344
1605 15338
1544 15328
.PEN_UP
.PEN_DOWN
536 14715
528 14709
521 14702
517 14699
515 14695
514 14690
516 14682
534 14679
564 14686
602 14699
646 14722
685 14748
716 14775
732 14797
740 14820
731 14840
709 14861
682 14869
658 14866
633 14847
605 14819
581 14778
558 14738
547 14699
547 14673
553 14657
566 14654
581 14657
601 14673
617 14695
628 14719
632 14731
635 14729
649 14716
669 14695
693 14677
731 14669
.PEN_UP
.PEN_DOWN
894 14837
892 14841
888 14847
881 14850
873 14849
862 14833
849 14803
838 14766
836 14726
843 14689
859 14663
877 14650
898 14651
925 14669
952 14696
970 14731
982 14768
986 14807
984 14821
983 14820
978 14797
976 14756
977 14710
980 14667
990 14630
999 14607
1007 14601
1023 14611
.PEN_UP
.PEN_DOWN
1118 14846
1117 14846
1112 14842
1108 14826
1106 14801
1102 14768
1102 14729
1108 14686
1123 14637
.PEN_UP
.PEN_DOWN
1269 14869
1269 14871
1270 14871
1270 14872
1276 14859
1282 14836
1291 14805
1304 14771
1313 14729
1324 14693
1327 14669
1324 14656
1322 14654
1321 14657
1321 14676
1329 14712
1346 14761
1363 14813
1374 14856
1384 14873
1394 14874
1410 14858
1427 14830
1441 14787
1454 14742
1462 14702
1466 14667
1470 14644
1471 14639
1476 14645
.PEN_UP
.PEN_DOWN
1573 14856
1573 14857
1572 14855
1578 14849
1585 14826
1595 14792
1605 14755
1616 14718
1620 14686
1621 14663
1621 14656
1621 14657
1623 14677
1636 14715
1656 14767
1678 14827
1693 14866
1704 14870
1724 14846
1741 14801
1757 14748
1774 14699
1789 14656
1796 14633
1799 14633
.PEN_UP
.PEN_DOWN
521 14404
519 14405
519 14405
519 14398
525 14381
532 14353
542 14320
553 14290
557 14264
556 14246
553 14234
553 14227
553 14227
550 14228
548 14240
544 14264
541 14296
534 14339
530 14381
531 14405
538 14420
555 14425
585 14422
624 14411
661 14391
686 14371
698 14350
694 14332
678 14313
652 14303
626 14299
601 14303
579 14317
561 14333
558 14342
562 14345
579 14339
596 14329
613 14314
628 14300
643 14286
658 14265
681 14241
707 14215
729 14195
742 14188
750 14185
751 14185
750 14191
.PEN_UP
.PEN_DOWN
816 14402
808 14402
807 14397
808 14374
813 14342
821 14303
834 14267
855 14235
871 14211
881 14199
886 14195
894 14197
905 14211
920 14234
934 14264
945 14306
951 14352
949 14392
945 14411
943 14412
939 14411
937 14388
937 14348
937 14303
946 14259
967 14217
988 14181
1001 14163
1007 14159
.PEN_UP
.PEN_DOWN
1229 14349
1222 14362
1209 14372
1187 14375
1166 14371
1143 14359
1125 14343
1108 14320
1108 14294
1123 14272
1147 14256
1166 14247
1187 14234
1207 14227
1218 14218
1222 14211
1216 14201
1198 14193
1166 14191
1138 14195
.PEN_UP
.PEN_DOWN
1405 14405
1399 14410
1383 14415
1357 14411
1329 14395
1307 14371
1297 14345
1303 14316
1327 14290
1361 14271
1389 14257
1412 14247
1424 14241
1424 14231
1409 14218
1377 14205
1336 14198
1303 14201
.PEN_UP
.PEN_DOWN
1543 14260
1545 14260
1547 14255
1556 14255
1567 14259
1579 14261
1590 14270
1605 14282
1620 14303
1628 14326
1634 14349
1631 14377
1624 14393
1610 14398
1589 14385
1569 14356
1555 14317
1550 14276
1565 14238
1599 14211
1635 14198
1663 14201
.PEN_UP
.PEN_DOWN
1833 14251
1833 14251
1833 14252
1833 14254
1833 14254
1835 14257
1837 14257
1839 14258
1840 14258
1844 14260
1847 14261
1854 14267
1866 14276
1878 14286
1889 14297
1899 14310
1910 14332
1923 14362
1934 14395
1944 14432
1949 14463
1948 14487
1940 14502
1924 14516
1915 14520
1909 14519
1904 14519
1899 14510
1894 14489
1892 14456
1893 14417
1895 14378
1901 14335
1909 14296
1914 14260
1921 14223
1926 14204
1931 14195
1935 14191
1944 14195
.PEN_UP
.PEN_DOWN
2094 14245
2096 14244
2104 14244
2110 14247
2118 14254
2126 14271
2135 14290
2143 14320
2148 14358
2150 14404
2152 14450
2154 14491
2153 14520
2147 14535
2134 14540
2118 14529
2108 14496
2100 14441
2096 14381
2101 14319
2116 14258
2135 14204
2153 14169
2167 14153
2176 14150
2184 14159
.PEN_UP
