

.STYLE CURSIVE
.COMMENT previously: .WRITER_ID hlgr.412
.WRITER_ID hlg
.HAND R
.SEX M

.PEN_DOWN
185 583
175 586
166 588
156 588
146 588
110 554
93 532
68 495
44 449
19 403
2 361
0 330
5 310
17 300
34 303
63 315
95 337
127 364
156 400
178 437
197 476
217 512
232 542
241 566
244 583
239 578
229 564
217 534
200 495
180 452
163 405
151 366
151 337
158 313
166 298
183 293
205 298
.PEN_UP
.PEN_DOWN
585 364
585 369
585 373
580 376
575 376
548 361
536 347
524 330
512 310
505 291
509 276
519 274
531 278
546 286
566 298
583 313
595 332
600 349
602 364
605 373
607 381
607 383
609 381
612 381
614 376
614 371
614 361
612 347
609 325
605 293
592 256
580 215
568 181
556 152
551 130
544 117
539 113
534 117
529 125
529 132
534 149
541 169
553 193
570 217
590 239
617 259
646 278
673 295
692 310
705 322
712 327
719 332
726 337
736 342
746 347
756 349
756 349
753 344
746 337
739 330
729 317
724 305
726 295
731 288
741 291
751 293
765 298
780 305
795 315
804 327
812 339
809 349
802 356
795 356
787 354
778 349
770 339
773 327
778 317
785 308
800 303
814 303
834 308
853 315
873 322
887 334
897 344
904 352
912 359
922 364
931 369
939 366
946 359
946 352
941 339
936 322
926 308
926 295
931 293
939 295
951 303
963 310
978 322
985 332
987 332
985 325
982 315
982 303
987 293
997 288
1009 293
1029 300
1051 308
1073 317
1090 330
1097 342
1095 349
1087 356
1080 359
1070 354
1061 347
1051 334
1046 322
1048 310
1053 300
1063 295
1078 295
1095 298
1109 300
1124 308
1136 315
1146 327
1156 339
1165 347
1175 349
1178 347
1175 339
1173 330
1168 313
1170 298
1173 288
1180 283
1192 288
1209 293
1229 303
1248 313
1263 325
1270 334
1273 337
1273 332
1270 325
1260 310
1251 291
1243 274
1246 271
1251 276
1260 283
1275 295
1292 310
1309 325
1324 337
1331 337
1329 330
1326 320
1324 303
1326 291
1334 283
1346 286
1360 291
1382 298
1402 308
1421 320
1434 334
1438 344
1436 349
1434 347
1426 339
1419 327
1414 315
1409 298
1414 286
1424 281
1438 286
1453 293
1470 303
1485 313
1497 325
1504 337
1509 344
1512 347
1512 344
1509 339
1509 334
1507 327
1502 315
1495 300
1485 281
1477 266
1480 264
1487 271
1497 278
1512 291
1526 303
1543 317
1558 325
1570 325
1580 325
1590 325
1599 322
1612 317
1621 315
1631 317
1643 320
1653 322
1663 327
1675 332
1680 334
1675 332
1670 327
1660 317
1648 305
1636 288
1624 271
1624 256
1626 244
1636 242
1648 247
1663 254
1680 266
1692 283
1704 300
1712 320
1714 334
1712 337
1709 332
1702 320
1690 303
1673 276
1655 244
1638 213
1619 178
1597 149
1577 122
1555 105
1536 98
1524 103
1524 113
1531 132
1548 159
1570 191
1599 220
1629 244
1658 264
1685 283
1709 295
1731 308
1748 317
1758 325
.PEN_UP
.PEN_DOWN
1487 442
1492 442
1495 437
1495 432
1502 425
.PEN_UP
.PEN_DOWN
1982 264
1989 264
1999 264
2011 266
2028 271
2072 298
2087 315
2107 334
2128 361
2150 393
2172 425
2187 454
2189 478
2180 493
2167 483
2150 466
2128 439
2104 405
2085 364
2075 330
2080 303
2087 286
2099 278
2116 281
2133 288
2155 298
2175 308
2192 325
2206 342
2209 359
2206 369
2202 366
2199 361
2194 352
2197 342
2204 337
2214 337
2226 339
2241 344
2255 349
2265 356
2272 361
2280 364
2285 364
2289 366
2287 364
2282 361
2272 354
2265 344
2253 330
2243 315
2236 300
2238 286
2243 278
2250 278
2263 283
2277 291
2289 300
2299 313
2306 327
2309 342
2306 359
2299 366
2292 364
2285 356
2285 347
2287 337
2299 327
2316 322
2341 322
2367 327
2389 334
2409 344
2426 354
2431 359
2428 356
2421 352
2406 339
2389 322
2372 300
2358 278
2358 259
2363 249
2370 254
2384 259
2404 271
2426 291
2448 317
2467 347
2482 378
2494 405
2502 432
2506 454
2504 471
2499 478
2489 476
2477 464
2462 442
2450 410
2438 373
2431 337
2426 305
2428 278
2436 261
2445 259
2460 264
2482 271
2502 281
2523 295
2541 313
2550 325
2550 325
2548 317
2543 300
2536 286
2526 266
2521 247
2526 232
2531 225
2541 230
2555 239
2572 254
2589 274
2601 295
2609 310
2609 310
2606 298
2599 278
2584 249
2565 215
2545 176
2523 137
2506 108
2494 83
2482 69
2472 64
2465 69
2462 81
2470 100
2484 127
2506 161
2536 193
2575 225
2611 254
2648 281
2677 303
2701 317
.PEN_UP
.PEN_DOWN
2996 373
2987 371
2979 364
2975 359
2970 354
2933 313
2921 298
2911 281
2911 271
2916 266
2926 269
2936 276
2953 286
2967 298
2979 315
2992 330
2999 344
2999 359
2992 361
2984 356
2975 349
2965 337
2955 325
2955 310
2960 300
2975 295
2999 300
3031 315
3065 332
3096 354
3123 381
3145 403
3162 425
3167 439
3160 444
3148 439
3133 427
3111 405
3082 369
3050 317
3021 259
2999 203
2984 154
2977 120
2979 100
2987 103
2996 115
3014 137
3033 169
3053 208
3072 254
3087 298
3099 332
3101 349
3096 347
3087 339
3074 327
3060 313
3045 293
3045 276
.PEN_UP
.PEN_DOWN
3328 256
3333 256
3338 256
3343 259
3348 264
3382 283
3399 295
3418 313
3440 332
3467 359
3491 388
3508 415
3518 442
3518 466
3516 478
3508 476
3496 469
3479 456
3460 432
3440 400
3423 364
3413 327
3413 298
3418 278
3430 274
3445 278
3465 286
3489 298
3511 315
3533 334
3550 354
3560 373
3560 381
3555 376
3552 369
3548 356
3545 344
3545 330
3550 325
3560 327
3577 332
3599 342
3621 354
3635 364
3635 369
3628 366
3616 359
3599 344
3584 325
3572 303
3574 286
3582 286
3591 291
3604 295
3616 305
3626 317
3630 332
3630 344
3628 352
3626 347
3623 339
3623 332
3628 322
3638 313
3650 305
3667 308
3682 313
3699 322
3713 339
3730 359
3750 378
3767 400
3779 420
3791 439
3799 459
3796 471
3791 471
3786 466
3777 454
3767 432
3752 403
3743 371
3738 339
3743 317
3752 305
3769 298
3794 298
3823 305
3852 317
3882 339
3908 364
3930 391
3950 420
3964 444
3977 466
3977 486
3972 491
3967 488
3957 478
3940 461
3923 434
3899 395
3877 354
3857 320
3843 291
3843 271
3847 266
3855 271
3867 283
3884 300
3901 320
3916 344
3930 364
3942 373
3947 369
3952 361
3950 347
3942 327
3935 308
3928 286
3928 271
3933 266
3940 261
3952 264
3969 269
3986 271
.PEN_UP
.PEN_DOWN
3652 381
3657 378
3667 376
3686 376
3711 376
3791 383
3821 386
3850 391
3882 395
.PEN_UP
.PEN_DOWN
4135 266
4130 266
4125 264
4113 264
4106 261
4113 249
4123 249
4135 249
4150 254
4167 264
4191 286
4218 315
4247 344
4277 378
4301 408
4320 437
4335 464
4337 481
4333 488
4323 483
4311 476
4298 459
4284 434
4274 400
4264 364
4264 334
4269 308
4279 291
4296 286
4320 288
4350 298
4379 313
4403 334
4423 361
4435 391
4442 417
4440 439
4435 454
4428 454
4413 447
4394 432
4372 410
4352 381
4333 344
4320 313
4311 283
4313 264
4323 259
4337 264
4359 274
4381 283
4406 300
4425 315
4442 327
4455 330
4459 325
4459 317
4459 308
4459 298
4462 286
4469 278
4484 274
4503 276
4528 281
4550 293
4567 305
4579 322
4581 339
4579 352
4572 356
4557 352
4537 342
4515 327
4496 308
4489 286
4494 269
4508 256
4528 252
4554 254
4584 259
4613 271
4635 283
.PEN_UP
.PEN_DOWN
4157 386
4167 383
4179 378
4213 378
4225 378
4330 381
4362 386
4394 393
4425 398
4452 400
.PEN_UP
.PEN_DOWN
4896 447
4889 442
4881 437
4871 430
4864 420
4837 398
4837 400
4840 405
4842 412
4852 422
4864 434
4879 442
4896 447
4918 444
4942 444
4976 442
5015 439
5054 442
5098 447
5135 454
5164 464
5179 471
.PEN_UP
.PEN_DOWN
5008 432
5013 439
5018 444
5025 444
5030 444
5028 420
5028 408
5025 395
5020 378
5010 356
4996 332
4976 305
4957 283
4937 269
4920 261
4906 261
4896 266
4889 276
4889 288
4896 303
4908 320
.PEN_UP
.PEN_DOWN
4903 327
4913 327
4923 327
4937 327
4959 330
5020 339
5042 344
5059 349
5071 354
.PEN_UP
.PEN_DOWN
5120 259
5127 256
5135 256
5145 259
5149 264
5174 288
5184 300
5193 313
5205 327
5215 342
5213 349
5208 344
5201 337
5193 322
5188 305
5184 286
5186 266
5193 259
5205 259
5220 264
5240 274
5259 286
5276 298
5293 315
5298 327
5303 330
5305 325
5303 317
5298 308
5293 293
5284 274
5276 259
5279 247
5284 247
5291 254
5301 264
5315 278
5332 295
5352 317
5366 332
5379 337
5386 332
5388 325
5391 315
5393 308
5398 298
5410 295
5427 298
5444 303
5457 310
5464 320
5459 325
5449 322
5440 315
5427 305
5413 293
5405 278
5410 269
5415 261
5425 264
5440 271
5457 281
5474 293
5483 308
5488 320
5488 325
5486 322
5479 313
5474 303
5469 293
5471 283
5479 278
5488 278
5501 286
5518 293
5535 303
5549 315
5559 325
5557 327
5557 322
5554 313
5549 303
5542 288
5540 276
5542 269
5547 271
5557 276
5569 286
5583 298
5596 313
5608 325
5618 334
5625 332
5630 327
5632 320
5632 310
5637 303
5647 303
5661 308
5681 313
5700 317
5720 325
5737 332
5752 339
5759 344
5757 342
5754 337
5749 334
5742 330
5730 325
5715 315
5703 303
5691 288
5691 276
5696 266
5703 259
5713 261
5730 266
5752 274
5771 283
5786 295
5793 308
5798 315
5798 315
5796 313
5788 310
5783 300
5778 291
5778 281
5783 271
5791 269
5808 271
5830 276
5854 283
5878 295
5896 310
5908 322
5910 330
5905 330
5898 330
5888 325
5874 320
5859 308
5847 295
5839 281
5844 271
5849 264
5859 266
5871 271
5886 278
5900 291
5915 305
5925 317
5925 327
5920 330
5915 327
5910 320
5910 313
5915 303
5922 293
5937 293
5959 298
5988 305
6017 315
6042 334
6059 359
6071 383
6081 410
6086 432
6083 449
6076 461
6061 461
6039 454
6010 439
5978 415
5952 383
5930 347
5915 315
5915 286
5925 264
5939 249
5959 247
5976 254
5993 261
6008 271
.PEN_UP
.PEN_DOWN
5732 395
5735 391
5735 386
5735 378
5735 373
.PEN_UP
.PEN_DOWN
5240 403
5235 400
5227 393
5223 391
5223 386
.PEN_UP
.PEN_DOWN
6327 464
6322 466
6315 466
6305 466
6295 466
6261 449
6249 432
6227 408
6203 378
6181 349
6169 327
6176 313
6186 305
6198 308
6217 313
6242 325
6264 342
6283 364
6295 391
6308 417
6315 439
6312 449
6305 444
6295 432
6281 412
6269 391
6259 366
6259 342
6264 325
6273 322
6288 327
6303 334
6320 339
6337 352
6354 361
6373 376
6390 383
6403 386
6415 386
6420 386
6415 386
6410 381
6400 376
6388 371
6371 364
6356 352
6344 339
6337 325
6339 313
6347 305
6359 305
6376 308
6400 315
6420 325
6439 337
6451 352
6464 364
6476 371
6488 376
6500 376
6510 376
6508 373
6503 373
6495 369
6486 364
6471 356
6454 349
6442 337
6429 325
6422 313
6425 298
6429 291
6437 283
6449 283
6466 286
6486 293
6503 305
6517 317
6532 327
6542 339
6547 344
6544 342
6537 334
6529 325
6525 315
6517 303
6520 293
6527 288
6532 291
6542 293
6551 300
6561 308
6571 322
6576 337
6573 349
6568 359
6561 361
6551 359
6544 352
6539 342
6537 327
6537 310
6542 298
6551 293
6564 295
6581 300
6600 308
6615 315
6627 327
6637 339
6634 347
6629 352
6627 344
6622 337
6617 327
6610 313
6603 298
6607 286
6612 278
6622 281
6632 286
6639 295
6649 310
6659 327
6661 342
6659 347
6656 342
6654 334
6649 322
6644 310
6646 295
6649 286
6659 283
6668 286
6683 293
6695 300
6705 313
6712 325
6717 332
6720 332
6720 327
6715 320
6710 310
6703 298
6693 288
6693 283
6698 286
6707 291
6717 298
6732 310
6749 327
6764 339
6771 342
6768 337
6766 330
6761 320
6759 308
6764 298
6771 295
6783 303
6803 310
6824 322
6844 339
6861 359
6876 383
6888 408
6898 430
6898 444
6890 454
6885 452
6876 447
6866 430
6856 405
6844 378
6839 347
6844 322
6849 308
6854 300
6863 305
6878 310
6893 320
6905 334
6912 349
6912 361
6907 364
6905 359
6900 352
6893 339
6890 325
6893 310
6898 303
6905 305
6917 310
6932 317
6949 325
6966 332
6971 337
6968 337
6961 332
6951 325
6939 310
6929 295
6934 288
6942 291
6954 295
6973 303
6990 310
7005 320
7015 327
7017 325
7015 320
7015 313
7020 305
7027 298
7037 300
7049 305
7061 313
7076 320
7090 325
7102 332
7110 342
7105 344
7102 342
7093 334
7083 325
7068 310
7061 293
7063 278
7068 269
7078 271
7090 276
7105 286
7117 298
7127 315
7134 330
7132 347
7127 352
7119 347
7110 339
7098 325
7085 305
7073 281
7056 252
7037 222
7020 196
7000 169
6983 149
6971 137
6959 135
6954 139
6956 149
6963 166
6978 186
7000 210
7029 232
7061 254
7095 274
7124 291
7149 300
7173 308
7190 310
.PEN_UP
.PEN_DOWN
6942 410
6934 405
6932 398
6932 393
6927 383
.PEN_UP
.PEN_DOWN
6746 383
6761 383
6785 383
6822 383
6859 383
6954 395
6978 400
7005 405
7034 415
.PEN_UP
.PEN_DOWN
7393 242
7393 247
7391 252
7388 259
7391 264
7405 284
7420 298
7437 318
7462 345
7488 376
7515 403
7537 428
7554 450
7566 464
7571 467
7569 462
7569 452
7564 440
7559 418
7547 389
7530 357
7510 325
7488 293
7471 269
7457 252
7447 254
7442 262
7442 269
7444 279
7449 286
7457 293
7464 293
7476 291
7488 289
7505 286
7527 286
7554 286
7583 289
7613 296
7642 311
7666 330
7688 354
7708 381
7715 403
7720 428
7718 445
7713 452
7708 447
7700 437
7691 420
7679 396
7669 367
7659 340
7654 315
7657 296
7664 284
7676 279
7691 284
7708 291
7727 301
7747 313
7752 328
7749 333
7742 328
7732 315
7715 301
7698 284
7686 262
7683 250
7688 245
7693 250
7708 254
7725 264
7744 281
7764 301
7774 323
7774 337
7769 340
7764 333
7754 323
7747 313
7742 296
7742 281
7747 272
7754 267
7764 272
7778 276
7793 284
7810 296
7825 311
7835 318
7839 315
7835 308
7830 296
7825 284
7825 276
7830 281
7842 289
7854 298
7871 311
7888 325
7898 330
7905 328
7903 320
7900 313
7898 303
7898 296
7903 293
7915 298
7935 303
7956 308
7976 315
7986 325
7983 330
7976 333
7969 328
7956 323
7944 311
7930 293
7920 274
7925 262
7935 267
7949 274
7969 284
7988 298
8008 320
8025 345
8039 372
8047 393
8044 408
8039 408
8030 398
8020 381
8005 359
7993 335
7981 308
7976 291
7978 276
7986 269
8003 269
8022 272
8047 279
8071 291
8091 306
8105 320
8110 333
8103 335
8093 330
8081 323
8066 311
8052 293
8039 274
8037 257
8042 250
8049 254
8061 262
8076 272
8093 281
8105 296
8113 311
8113 323
8108 328
8100 323
8093 315
8091 303
8088 293
8088 281
8093 274
8103 274
8115 276
8132 281
8152 289
8171 301
8188 311
8200 315
8208 313
8208 311
8205 301
8205 289
8208 279
8212 272
8225 274
8239 281
8261 286
8278 293
8295 303
8308 313
8308 320
8303 325
8295 320
8286 315
8269 308
8249 296
8232 281
8222 264
8225 250
8234 245
8251 250
8269 259
8293 272
8317 289
8339 311
8359 333
8376 357
8386 381
8388 401
8383 408
8371 403
8354 393
8337 381
8317 362
8305 335
8298 308
8298 279
8303 259
8315 250
8332 254
8354 259
8376 267
8395 276
8415 289
8432 303
8447 318
8459 333
8469 345
8476 345
8476 337
8469 328
8461 311
8449 293
8434 272
8417 254
8393 240
8371 230
8351 235
8334 242
.PEN_UP
.PEN_DOWN
7630 362
7637 362
7654 362
7681 362
7708 362
7769 381
7793 391
7820 398
.PEN_UP
.PEN_DOWN
8759 420
8754 411
8749 386
8744 362
8734 342
8715 281
8707 264
8705 247
8707 237
8712 242
8720 254
8729 272
8739 293
8749 320
8761 350
8776 379
8790 406
8805 430
8815 447
8824 462
8837 467
8844 464
8851 457
8856 445
8856 430
8854 411
8849 393
8842 374
8832 359
8822 352
8815 354
8810 357
8815 364
8820 372
8827 379
8834 379
8842 376
8846 369
8849 357
8849 340
8842 315
8832 291
8820 267
8803 247
8788 240
8778 242
8771 250
8764 259
8761 269
8759 281
8761 291
8771 293
8785 291
8805 289
8832 289
8861 289
8890 291
8917 298
8939 311
8954 320
8963 335
8961 342
8954 345
8944 340
8929 333
8915 320
8898 303
8883 286
8881 269
8885 254
8895 252
8907 254
8924 264
8944 274
8961 289
8978 306
8988 320
8988 335
8983 345
8978 345
8966 342
8951 335
8937 325
8924 313
8920 298
8922 286
8934 281
8951 281
8976 284
9007 289
9037 298
9063 308
9083 320
9095 330
9093 335
9083 333
9071 330
9054 320
9034 311
9017 296
9007 281
9012 272
9017 267
9029 269
9041 274
9056 286
9071 303
9076 320
9073 335
9071 337
9063 333
9056 323
9049 311
9044 293
9049 279
9056 272
9066 269
9076 272
9090 276
9107 284
9122 291
9141 301
9156 311
9171 318
9185 320
9188 315
9185 308
9185 296
9188 286
9195 279
9207 281
9227 286
9251 296
9278 306
9302 318
9319 330
9322 337
9315 340
9305 335
9288 328
9271 318
9249 301
9234 284
9229 267
9234 257
9246 257
9261 264
9283 279
9310 298
9337 320
9361 347
9378 372
9390 401
9395 425
9395 447
9393 464
9385 464
9373 457
9356 437
9334 408
9317 372
9310 330
9315 298
9322 274
9334 259
9349 259
.PEN_UP
.PEN_DOWN
9573 328
9563 328
9554 325
9544 325
9539 325
9519 303
9514 293
9510 279
9507 264
9512 252
9519 250
9536 257
9556 267
9580 284
9602 303
9617 328
9624 345
9619 354
9610 350
9602 342
9595 328
9585 313
9575 293
9573 274
9578 264
9585 267
9597 272
9614 279
9632 289
9651 298
9666 311
9678 323
9685 330
9685 325
9683 320
9678 308
9668 293
9661 274
9658 257
9663 250
9673 254
9685 267
9702 281
9722 298
9736 315
9749 325
9753 323
9758 318
9758 308
9758 296
9761 286
9771 279
9785 279
9807 284
9829 291
9853 301
9870 311
9880 320
9878 330
9873 333
9863 330
9849 323
9831 311
9814 298
9805 279
9802 262
9807 250
9819 250
9836 257
9861 269
9885 286
9909 308
9929 337
9944 364
9953 391
9961 418
9963 440
9958 457
9951 462
9934 450
9912 430
9890 403
9870 369
9858 335
9856 306
9861 284
9873 274
9888 279
.PEN_UP
.PEN_DOWN
10068 223
10070 228
10073 233
10083 242
10095 252
10146 303
10163 320
10180 340
10202 362
10222 386
10234 411
10239 428
10234 432
10229 428
10219 418
10207 403
10190 381
10173 352
10156 325
10151 298
10156 284
10170 276
10190 274
10214 279
10244 289
10270 303
10295 323
10314 342
10326 364
10331 386
10329 408
10326 423
10319 428
10304 423
10283 406
10261 381
10234 350
10212 311
10192 274
10183 245
10185 223
10192 218
10207 223
10224 235
10244 247
10268 264
10290 284
10312 298
10331 306
10346 303
10351 296
10351 289
10353 279
10356 269
10361 259
10370 252
10383 254
10400 259
10412 267
10422 279
10426 291
10424 301
10419 306
10407 306
10392 301
10375 289
10358 274
10353 254
10361 240
10375 228
10397 228
10426 233
10463 245
10497 259
.PEN_UP
.PEN_DOWN
10068 345
10078 345
10087 347
10109 347
10114 350
10197 364
10226 369
10256 372
10283 374
.PEN_UP
.PEN_DOWN
10585 220
10590 220
10597 220
10607 220
10617 223
10675 259
10695 279
10724 303
10756 337
10790 376
10821 415
10841 452
10858 484
10860 503
10856 506
10846 493
10831 484
10819 467
10814 447
10817 430
10821 415
10836 408
10856 411
10875 415
10897 418
10909 415
10914 411
10914 403
10909 389
10899 369
10885 342
10870 315
10856 291
10846 269
10834 257
10821 247
10809 245
10797 250
10790 257
10780 267
10773 276
10768 281
10773 281
10780 279
10795 279
10814 279
10838 281
10868 286
10892 291
10916 301
10936 311
10943 323
10941 330
10934 335
10926 335
10914 330
10899 320
10885 306
10873 289
10868 274
10873 262
10882 252
10892 250
10907 250
10924 254
10938 262
10953 272
10963 286
10968 301
10965 315
10958 325
10948 325
10936 320
10924 313
10912 301
10904 289
10909 276
10919 269
10934 267
10951 269
10973 276
10990 286
11002 298
11012 308
11016 306
11021 298
11019 291
11016 279
11012 267
11012 262
11016 264
11024 272
11031 281
11041 293
11053 303
11065 306
11077 301
11090 291
11097 281
11107 269
11116 262
11129 262
11141 264
11151 272
11155 279
11153 291
11148 303
11141 311
11131 306
11121 301
11114 291
11112 281
11116 269
11124 259
11133 252
11148 250
11160 252
11172 257
11185 262
11194 272
11202 284
11209 293
11216 306
11224 313
11233 313
11238 308
11238 301
11238 289
11236 276
11233 264
11233 254
11238 254
11248 259
11260 264
11277 269
11292 276
11307 284
11314 289
11316 293
11319 293
11321 298
11326 303
11331 306
11329 303
11324 296
11314 284
11302 272
11292 257
11287 250
11290 252
11294 259
11307 272
11324 281
11341 293
11360 308
11372 313
11382 311
11385 303
11382 293
11380 281
11377 269
11380 259
11385 257
11394 259
11409 267
11429 276
11448 284
11465 293
11475 303
11482 308
11482 306
11477 301
11472 291
11465 281
11460 269
11453 257
11453 254
11455 257
11468 264
11485 276
11504 289
11526 303
11538 308
11546 303
11548 296
11543 286
11538 272
11528 257
11528 247
11536 250
11546 257
11560 267
11580 279
11602 291
11619 301
11628 303
11633 298
11631 289
11628 281
11628 269
11631 259
11636 264
11650 267
11667 272
11687 276
11704 284
11711 293
11706 303
11702 306
11689 303
11677 301
11665 291
11655 279
11655 264
11660 254
11670 252
11687 254
11706 257
11728 264
11748 276
11763 289
11777 301
11782 311
11780 306
11772 298
11760 289
11748 276
11738 259
11731 247
11733 237
11741 240
11755 247
11775 257
11799 267
11823 276
11843 286
11853 296
11855 296
11853 289
11850 281
11848 272
11853 264
11865 264
11882 267
11902 272
11931 281
11955 298
11980 320
12006 345
12023 372
12040 391
12043 408
12038 411
12028 406
12011 396
11994 384
11972 362
11955 335
11943 308
11941 284
11945 269
11958 262
11975 264
11994 269
12016 274
12036 284
12050 293
12060 308
12055 313
12050 308
12038 301
12026 291
12011 276
11997 264
11994 250
11999 242
12006 242
12019 247
12031 254
12048 267
12062 281
12072 296
12075 301
12072 296
12067 291
12065 281
12067 274
12075 264
12087 262
12109 264
12133 272
12160 281
12182 296
12201 315
12221 335
12238 354
12250 376
12255 396
12253 408
12245 415
12233 415
12211 408
12187 393
12160 374
12133 342
12111 306
12101 272
12106 242
12121 220
12138 211
12160 213
12187 220
12211 233
.PEN_UP
.PEN_DOWN
11855 367
11887 367
11921 367
11945 367
11980 367
12094 362
12116 359
12133 357
.PEN_UP
.PEN_DOWN
12533 393
12528 396
12523 398
12516 401
12511 401
12470 393
12457 379
12445 362
12426 333
12401 298
12389 269
12382 240
12392 223
12406 218
12421 223
12445 240
12467 262
12487 286
12506 318
12518 345
12526 372
12528 393
12528 403
12526 398
12523 389
12516 374
12509 350
12504 323
12504 296
12509 276
12518 269
12535 274
12557 284
12582 296
12606 308
12628 323
12648 333
12660 337
12667 337
12665 337
12657 335
12645 328
12628 320
12611 306
12596 291
12589 274
12592 259
12594 250
12601 245
12616 245
12633 250
12657 259
12682 272
12704 289
12726 306
12743 318
12757 330
12772 335
12784 335
12794 333
12799 328
12796 323
12791 318
12784 315
12774 311
12760 303
12745 291
12731 276
12713 259
12711 245
12716 235
12721 233
12735 235
12755 242
12782 252
12806 262
12823 276
12840 286
12850 293
12855 296
12850 291
12845 289
12838 284
12830 276
12816 267
12806 254
12804 245
12806 237
12816 235
12830 237
12845 242
12860 252
12872 264
12877 276
12877 291
12874 298
12867 303
12857 301
12850 296
12843 289
12840 279
12843 267
12848 257
12862 247
12879 250
12901 254
12921 264
12938 279
12948 293
12945 303
12943 303
12938 298
12933 289
12926 276
12923 264
12926 250
12930 245
12940 247
12955 254
12969 264
12987 274
12994 289
12996 298
12991 301
12982 293
12977 286
12982 279
12987 269
12996 259
13006 257
13018 259
13033 264
13047 274
13060 281
13062 284
13060 279
13057 272
13052 262
13045 250
13045 240
13050 245
13060 254
13079 264
13099 281
13121 291
13133 293
13135 291
13130 284
13133 274
13135 264
13145 257
13157 257
13172 262
13191 272
13211 284
13235 301
13260 323
13284 347
13301 372
13313 396
13311 413
13301 415
13286 411
13272 401
13255 384
13240 362
13228 335
13221 308
13221 284
13223 264
13235 257
13250 257
13269 262
13291 269
13308 279
13323 291
13328 303
13323 311
13316 306
13306 298
13294 289
13284 274
13282 262
13291 252
13301 254
13316 259
13333 272
13347 281
13355 286
13357 284
13355 276
13347 269
13340 257
13340 247
13345 240
13355 242
13364 250
13379 257
13396 264
13416 274
13430 284
13435 286
13433 284
13428 279
13430 272
13438 267
13447 262
13460 262
13472 262
13486 264
13501 269
13513 274
13525 281
13521 289
13513 289
13503 284
13491 276
13474 267
13462 252
13452 235
13455 223
13460 218
13469 223
13481 233
13499 242
13513 252
13525 267
13533 279
13533 291
13530 296
13525 291
13518 281
13506 264
13486 242
13457 208
13421 167
13384 130
13355 96
13330 69
13316 55
13303 47
13296 55
13301 69
13313 91
13333 116
13357 142
13384 167
13416 189
13447 208
13477 228
13503 242
13521 254
13535 264
.PEN_UP
.PEN_DOWN
13372 369
13367 369
13357 369
13347 364
13345 357
.PEN_UP
.PEN_DOWN
13172 345
13182 345
13191 345
13228 345
13257 345
13323 347
13352 350
13384 352
13418 354
13452 359
.PEN_UP
.PEN_DOWN
13628 194
13635 198
13638 203
13640 208
13642 213
13677 252
13694 272
13711 293
13735 320
13757 352
13777 386
13791 413
13801 440
13808 454
13811 454
13808 450
13808 437
13806 418
13801 391
13791 357
13779 325
13764 298
13750 276
13735 259
13723 259
13713 264
13711 272
13713 274
13723 274
13735 274
13755 274
13779 276
13806 281
13837 293
13862 315
13881 337
13898 362
13908 381
13915 401
13920 415
13915 428
13903 425
13894 413
13879 396
13862 372
13850 342
13837 313
13833 289
13837 272
13850 262
13864 267
13891 272
13915 276
13933 286
13947 298
13952 313
13950 325
13942 328
13933 320
13918 311
13906 296
13891 276
13884 257
13884 242
13886 240
13896 242
13911 250
13920 262
13930 276
13935 291
13937 303
13937 311
13930 311
13925 306
13928 296
13930 284
13935 272
13942 267
13955 269
13972 274
13986 281
13998 291
14006 298
14008 296
14006 291
13998 284
13989 272
13979 257
13976 245
13981 245
13986 252
13994 257
14008 269
14028 281
14050 298
14067 311
14081 313
14084 308
14086 298
14089 289
14096 284
14113 284
14128 289
14142 293
14152 301
14152 303
14147 306
14132 303
14115 296
14101 284
14084 269
14076 254
14076 245
14081 240
14089 240
14101 240
14120 245
14142 257
14167 274
14186 296
14198 323
14211 350
14220 374
14225 398
14223 415
14215 423
14206 418
14196 406
14186 391
14176 372
14164 345
14157 318
14159 293
14167 272
14176 259
14196 259
14213 264
14232 274
14252 284
14269 298
14284 311
14286 320
14276 323
14267 320
14257 311
14245 301
14228 284
14215 267
14208 250
14211 237
14218 233
14228 237
14237 245
14250 257
14259 269
14267 286
14269 301
14267 313
14262 315
14259 311
14252 303
14250 293
14252 284
14259 269
14267 259
14276 254
14286 257
14296 264
14308 272
14320 279
14335 289
14347 296
14354 296
14354 289
14357 284
14362 276
14371 272
14386 269
14406 272
14423 276
14442 284
14452 293
14449 298
14442 296
14432 291
14418 284
14401 274
14379 264
14364 250
14357 235
14357 225
14364 220
14379 225
14396 233
14418 245
14445 259
14464 276
14486 296
14501 315
14510 337
14518 362
14525 384
14520 398
14513 398
14503 391
14491 381
14474 359
14462 337
14452 311
14449 284
14454 264
14467 252
14486 247
14508 252
14535 259
14554 269
14571 284
14588 298
14601 301
14610 293
14606 284
14601 269
14593 252
14586 230
14574 215
14557 203
14540 198
14520 198
14503 203
14491 211
14486 223
.PEN_UP
.PEN_DOWN
13808 333
13803 333
13811 330
13820 328
13830 325
13908 325
13940 330
13967 337
13998 347
.PEN_UP
.PEN_DOWN
14842 410
14844 405
14844 395
14839 385
14839 373
14817 300
14810 275
14803 251
14798 224
14796 200
14800 190
14805 195
14810 210
14820 229
14832 256
14847 290
14866 327
14883 361
14898 390
14910 414
14920 431
14932 444
14947 446
14959 444
14964 436
14961 427
14954 414
14947 392
14939 373
14932 349
14930 332
14925 319
14917 314
14917 317
14922 319
14930 322
14939 324
14947 322
14954 314
14959 305
14959 290
14952 271
14939 251
14922 229
14905 210
14893 202
14888 207
14883 214
14876 224
14874 236
14876 246
14888 254
14905 254
14927 254
14954 254
14981 254
15008 256
15032 258
15056 261
15076 268
15088 275
15091 283
15086 288
15078 290
15069 285
15054 278
15037 268
15022 254
15015 239
15017 224
15025 214
15037 210
15052 210
15069 217
15086 224
15098 236
15108 254
15115 268
15115 283
15110 293
15103 293
15091 288
15076 283
15066 273
15071 263
15081 256
15095 251
15115 249
15137 249
15156 251
15178 258
15198 266
15217 275
15227 285
15222 290
15210 288
15198 283
15183 273
15171 261
15169 246
15171 234
15178 232
15186 236
15198 244
15210 254
15220 271
15220 283
15217 288
15212 283
15208 275
15203 266
15208 258
15215 249
15225 246
15239 246
15256 251
15273 256
15288 266
15298 278
15308 290
15317 297
15325 297
15329 293
15334 285
15337 275
15342 266
15349 258
15359 254
15373 251
15390 251
15410 254
15429 258
15449 266
15468 278
15483 290
15488 300
15481 300
15468 300
15454 293
15434 283
15415 271
15403 256
15403 241
15407 229
15420 224
15432 229
15447 236
15466 249
15486 268
15507 290
15527 314
15544 339
15556 361
15561 385
15564 407
15564 424
15556 427
15546 417
15532 400
15512 373
15498 339
15488 302
15490 266
15495 236
15510 214
15529 205
.PEN_UP
.PEN_DOWN
15746 207
15742 207
15737 207
15737 212
15739 217
15759 239
15771 246
15783 256
15802 273
15827 293
15849 314
15873 332
15888 336
15895 332
15893 319
15885 302
15878 280
15868 256
15866 239
15871 236
15883 244
15902 256
15922 271
15946 288
15968 310
15980 319
15983 317
15978 307
15971 293
15966 275
15966 258
15968 244
15978 236
15990 239
16012 244
16037 254
16063 266
16085 278
16105 290
16117 302
16122 310
16117 310
16110 307
16102 300
16095 288
16083 275
16071 261
16061 246
16056 232
16061 219
16068 219
16078 227
16093 236
16107 251
16119 266
16129 280
16129 293
16124 302
16117 305
16105 302
16095 295
16088 285
16088 273
16095 258
16105 249
16119 241
16139 244
16161 249
16188 258
16212 271
16239 290
16266 317
16288 346
16307 380
16322 412
16327 441
16322 458
16317 453
16305 441
16290 417
16271 385
16254 351
16244 312
16244 283
16254 258
16266 241
16285 234
16307 236
16329 244
16346 254
16361 266
16368 278
16368 290
16363 297
16354 300
16341 297
16329 288
16319 278
16312 266
16315 251
16319 241
16332 234
16349 232
16373 234
16400 241
16424 251
16449 266
16466 280
16466 293
16461 297
16451 295
16434 288
16414 273
16400 258
16390 241
16395 229
16402 222
16410 222
16422 227
16441 239
16461 258
16483 280
16505 310
16527 336
16541 366
16556 392
16556 412
16551 417
16536 407
16517 392
16495 373
16475 344
16463 310
16463 278
16468 251
.PEN_UP
.PEN_DOWN
16193 363
16195 356
16202 351
16207 351
16217 351
16300 346
16332 346
.PEN_UP
.PEN_DOWN
16724 200
16746 217
16768 232
16773 246
16792 271
16853 339
16873 363
16895 388
16919 412
16934 431
16936 434
16929 422
16914 402
16892 373
16866 336
16839 300
16819 266
16809 239
16812 219
16822 212
16848 222
16878 234
16909 249
16941 268
16958 288
16963 295
16956 290
16941 280
16922 261
16900 244
16875 222
16863 200
16863 188
16868 185
16883 190
16900 200
16922 212
16944 227
16958 246
16966 266
16966 283
16961 293
16951 290
16934 280
16917 271
16900 256
16895 241
16900 229
16912 224
16927 227
16948 234
16975 244
16997 254
.PEN_UP
.PEN_DOWN
16775 329
16788 327
16814 324
16824 324
16858 324
.PEN_UP
.PEN_DOWN
17319 295
17314 295
17304 295
17290 295
17280 295
17246 278
17234 266
17222 251
17214 232
17217 214
17224 205
17236 207
17253 214
17273 224
17292 236
17307 254
17317 268
17317 268
17312 261
17302 246
17285 224
17265 190
17243 151
17224 119
17209 93
17200 78
17192 80
17190 88
17195 100
17207 117
17224 139
17248 166
17280 188
17307 210
17336 227
17358 241
17380 251
17392 258
17395 263
17392 258
17387 254
17382 246
17378 236
17380 224
17385 217
17397 219
17414 224
17434 234
17456 246
17475 258
17490 268
17499 271
17507 266
17509 256
17504 244
17497 227
17490 207
17480 193
17480 190
17485 195
17497 205
17519 217
17541 234
17573 256
17599 273
17617 280
17621 280
17617 275
17614 268
17612 258
17609 246
17614 236
17624 229
17638 229
17660 234
17682 236
17699 241
17712 249
17719 261
17716 271
17709 280
17695 283
17675 280
17651 275
17629 266
17624 251
17626 234
17641 214
17660 200
17690 193
17721 193
17746 197
.PEN_UP
.PEN_DOWN
17448 388
17448 383
17451 375
17458 375
.PEN_UP
.PEN_DOWN
17865 168
17870 166
17877 171
17887 175
17897 185
17931 210
17943 224
17963 246
17982 275
18004 310
18026 341
18043 371
18058 395
18060 412
18055 407
18046 397
18031 378
18012 346
17992 310
17982 273
17987 244
17999 224
18024 219
18055 224
18090 236
18119 254
18143 273
18163 302
18175 332
18185 358
18187 383
18185 400
18177 407
18168 402
18155 388
18138 366
18124 336
18109 297
18099 258
18092 227
18092 205
18094 197
18102 205
18116 214
18133 229
18155 244
18177 258
18194 261
18207 254
18214 244
18221 232
18231 222
18243 214
18258 212
18275 217
18292 222
18304 232
18309 246
18304 256
18292 261
18277 258
18258 254
18241 249
18231 239
18236 227
18246 214
18260 205
18285 197
18311 195
18341 197
18365 202
.PEN_UP
.PEN_DOWN
17936 332
17943 329
17953 329
17958 329
17968 329
18063 336
18087 344
18111 349
.PEN_UP
.PEN_DOWN
18606 395
18599 390
18592 385
18582 385
18572 385
18560 385
18565 388
18575 392
18592 395
18614 395
18636 392
18653 390
18667 385
18687 380
18709 378
18736 378
18767 385
18797 392
18823 400
18848 407
.PEN_UP
.PEN_DOWN
18711 378
18711 368
18714 358
18714 346
18714 327
18704 290
18694 273
18684 251
18670 227
18655 202
18643 183
18631 171
18621 171
18614 178
18606 193
18602 212
18597 234
18594 258
18597 273
18602 283
18611 285
18621 285
.PEN_UP
.PEN_DOWN
18599 278
18604 278
18609 278
18619 278
18628 280
18709 288
18736 290
18770 290
.PEN_UP
.PEN_DOWN
18987 375
18977 373
18960 368
18943 361
18928 344
18882 283
18872 263
18862 244
18860 222
18862 210
18877 212
18897 219
18926 229
18955 249
18982 271
19004 300
19019 327
19031 353
19036 375
19036 390
19033 383
19026 366
19019 339
19004 307
18994 271
18987 241
18992 219
18999 212
.PEN_UP
.PEN_DOWN
19087 200
19087 205
19087 214
19097 224
19128 234
19165 290
19179 305
19199 322
19218 339
19240 358
19253 373
19253 385
19253 385
19253 380
19255 373
19255 361
19255 341
19253 317
19250 293
19243 266
19233 241
19218 222
19204 202
19182 193
19160 188
19136 188
19116 190
19101 197
19094 212
19097 229
19104 244
19121 251
.PEN_UP
.PEN_DOWN
19379 336
19384 336
19379 336
19377 332
19372 329
19360 268
19350 246
19340 224
19331 200
19326 178
19326 171
19333 178
19343 195
19357 217
19374 244
19394 278
19413 314
19431 349
19448 380
19462 407
19474 424
19487 434
19501 431
19511 427
19518 417
19521 405
19518 388
19511 368
19496 349
19479 327
19457 312
19443 302
19438 302
19443 307
19453 312
19462 310
19467 300
19465 283
19457 261
19450 234
19438 210
19423 193
19411 185
19401 190
19396 202
.PEN_UP
.PEN_DOWN
19579 183
19574 183
19579 183
19584 183
19594 188
19631 219
19648 234
19665 251
19687 273
19709 297
19721 319
19726 329
19723 324
19716 312
19709 295
19701 275
19694 249
19689 224
19689 202
19687 180
19679 161
19672 144
19662 124
19655 112
19648 105
19640 107
19635 112
19631 119
19628 129
19628 136
19633 146
19643 156
19655 166
19672 178
19694 193
19718 207
19743 222
19769 236
19789 249
19804 261
19816 275
19826 288
19828 295
19828 297
19828 293
19828 288
19823 283
19818 273
19813 261
19808 244
19808 224
19808 207
19811 193
19818 188
19830 193
19845 205
19862 217
19879 239
19894 263
19904 285
19904 293
19896 285
19891 275
19884 263
19879 249
19874 229
19874 212
19877 200
19884 197
19891 200
19901 207
19916 214
19930 227
19943 239
19952 251
19957 261
19962 268
19969 273
19979 275
19989 275
19994 271
19991 263
19984 251
19977 234
19969 217
19965 202
19969 195
19974 197
19991 202
20011 210
20030 217
20047 227
20057 239
20060 251
20055 256
20050 254
20047 246
20040 239
20035 227
20033 217
20038 207
20047 205
20065 207
20084 212
20108 222
20130 234
20147 249
20162 266
20172 278
20177 283
20177 280
20174 273
20172 263
20162 246
20152 229
20138 210
20125 202
20116 207
20108 214
20104 222
20104 227
20111 232
20118 229
20130 227
20143 222
20160 224
20184 227
20208 232
20235 239
20262 254
20284 273
20306 297
20323 327
20338 356
20347 378
20347 397
20340 405
20330 397
20318 388
20308 371
20294 346
20286 317
20279 285
20274 258
20274 236
20279 224
20289 222
20299 227
20316 234
20333 246
20350 258
20364 273
20362 280
20357 275
20355 271
20352 261
20350 251
20352 239
20357 229
20369 229
20389 232
20411 239
20435 246
20462 258
20479 271
20484 278
20479 280
20469 278
20457 273
20442 263
20425 254
20413 239
20403 227
20399 214
20399 202
20406 193
20418 188
20438 190
20462 195
20491 205
20518 219
20542 236
20564 256
20579 280
20594 305
20603 329
20611 353
20611 371
20603 375
20596 371
20581 356
20564 336
20545 310
20530 278
20525 249
20528 222
20533 205
20545 195
20562 197
20584 205
20608 217
20628 234
20637 251
20637 261
20633 258
20628 254
20620 249
20620 241
20625 232
20633 222
20650 217
20667 219
20689 227
20706 236
20713 246
20711 256
20703 254
20694 249
20684 241
20674 232
20667 219
20669 207
20674 197
20686 197
20696 205
20706 212
20713 224
20718 234
20716 246
20711 251
20706 251
20701 246
20696 239
20698 229
20703 222
20713 214
20725 210
20737 210
20752 210
20764 212
20774 222
20784 232
20794 239
20796 236
20794 232
20789 224
20781 214
20781 205
20786 205
20796 210
20811 219
20828 234
20850 251
20867 268
20881 275
20886 271
20886 261
20884 251
20884 236
20884 222
20886 210
20891 205
.PEN_UP
.PEN_DOWN
20676 327
20676 322
20676 317
20681 317
20674 312
.PEN_UP
.PEN_DOWN
20489 310
20501 310
20540 312
20557 317
20569 317
20669 317
20698 317
.PEN_UP
.PEN_DOWN
20221 334
20228 332
20242 332
20282 332
20301 332
20360 327
20381 327
20406 329
.PEN_UP
.PEN_DOWN
19723 410
19733 405
19743 405
.PEN_UP
.PEN_DOWN
20018 349
20013 349
20018 349
20025 349
.PEN_UP
.PEN_DOWN
20406 366
20413 366
20423 366
20433 366
.PEN_UP
.PEN_DOWN
21206 295
21196 295
21186 295
21181 290
21176 283
21147 251
21135 236
21125 219
21120 202
21123 185
21137 180
21152 183
21169 193
21191 202
21206 217
21220 234
21232 254
21235 271
21235 290
21230 302
21220 307
21206 300
21189 293
21171 283
21162 266
21159 249
21164 229
21174 217
21189 214
21203 217
21225 222
21245 232
21262 241
21276 254
21288 266
21298 280
21310 290
21320 293
21328 290
21332 283
21330 271
21325 254
21315 234
21306 212
21298 197
21296 193
21298 197
21301 202
21318 212
21335 229
21357 251
21381 273
21396 290
21413 297
21423 293
21423 288
21418 275
21415 258
21410 239
21413 222
21415 212
21427 210
21445 212
21466 222
21493 234
21515 246
21537 263
21554 275
21559 285
21557 295
21547 300
21535 302
21518 300
21496 295
21479 288
21469 275
21464 258
21466 244
21476 232
21491 222
21513 219
21540 219
21562 222
21581 232
21598 241
21610 254
21623 266
21635 278
21644 288
21657 295
21671 297
21686 293
21701 288
21708 278
21710 266
21710 249
21701 232
21691 217
21681 202
21683 193
21698 190
21715 193
21747 197
.PEN_UP
.PEN_DOWN
22123 276
22118 276
22110 278
22101 281
22091 281
22062 264
22047 252
22035 239
22020 222
22013 208
22018 198
22023 193
22037 198
22052 205
22069 217
22084 232
22096 249
22098 259
22096 256
22091 249
22084 237
22079 222
22074 208
22076 191
22084 181
22096 178
22113 186
22137 195
22162 213
22186 232
22208 249
22225 264
22242 273
22257 281
22269 286
22279 291
22286 293
22286 291
22279 288
22269 286
22252 278
22230 269
22210 256
22196 242
22191 225
22193 210
22198 200
22210 195
22230 195
22254 198
22281 203
22308 210
22327 220
22349 232
22369 244
22386 256
22401 261
22415 264
22423 264
22418 264
22408 261
22393 256
22376 247
22354 232
22340 215
22337 200
22345 186
22352 178
22362 174
22381 171
22403 171
22430 176
22457 183
22479 195
22493 208
22501 220
22498 230
22491 230
22479 225
22466 217
22452 208
22442 195
22445 186
22449 178
22457 176
22466 174
22479 174
22496 178
22510 186
22523 200
22527 215
22525 227
22520 234
22510 234
22496 232
22481 225
22466 217
22464 205
22466 193
22474 181
22484 174
22498 171
22520 174
22544 181
22566 188
22586 203
22598 217
22603 230
22598 232
22591 230
22584 222
22574 215
22566 203
22564 188
22569 176
22574 169
22586 164
22601 166
22615 174
22627 183
22640 198
22644 215
22640 227
22635 232
22630 227
22625 222
22625 215
22630 203
22640 193
22649 186
22664 186
22679 188
22696 193
22710 198
22722 205
22730 213
22737 210
22742 205
22740 198
22737 191
22732 181
22727 169
22722 161
22720 159
22722 164
22732 171
22747 181
22766 198
22788 217
22805 227
22815 230
22815 225
22813 217
22808 210
22803 198
22805 188
22810 178
22822 178
22840 183
22861 193
22886 208
22910 230
22932 254
22954 281
22971 305
22981 325
22981 337
22976 347
22971 347
22961 342
22949 327
22932 305
22920 278
22910 247
22905 217
22903 193
22903 174
22908 161
22918 161
22932 169
22949 176
22966 188
22979 203
22988 217
22993 232
22991 237
22986 232
22979 227
22974 217
22969 205
22969 191
22971 186
22981 188
22993 193
23008 200
23025 208
23035 217
23037 222
23032 217
23027 210
23025 203
23027 195
23032 193
23042 195
23054 203
23071 215
23086 227
23091 227
23093 220
23098 215
23113 210
23130 210
23152 215
23176 220
23193 230
23203 237
23200 239
23196 237
23186 232
23174 225
23159 213
23147 198
23144 181
23152 171
23164 169
23178 176
23193 183
23208 195
23217 210
23225 225
23222 225
23215 215
23203 200
23181 176
23149 144
23115 105
23083 69
23054 37
23030 20
23020 17
23027 32
23039 52
23061 76
23083 103
23115 127
23147 154
23178 176
23205 195
23225 213
.PEN_UP
.PEN_DOWN
23032 295
23035 291
23035 283
.PEN_UP
.PEN_DOWN
22827 295
22849 291
22857 291
22896 291
22927 288
23035 283
23059 283
.PEN_UP
.PEN_DOWN
23373 152
23371 147
23371 142
23376 139
23386 139
23408 161
23415 171
23422 181
23434 198
23449 217
23464 237
23478 256
23491 273
23503 281
23512 276
23517 266
23517 249
23515 230
23510 205
23500 186
23488 174
23473 166
23461 169
23459 171
23464 174
23473 174
23483 176
23503 181
23530 188
23556 198
23586 213
23615 230
23642 254
23669 281
23690 312
23708 344
23720 373
23725 398
23722 415
23715 408
23703 393
23686 371
23666 344
23647 310
23632 278
23620 249
23620 222
23630 208
23644 200
23664 205
23688 213
23712 222
23732 234
23749 249
23754 261
23747 259
23737 254
23722 244
23705 230
23688 210
23678 191
23676 174
23678 166
23690 171
23705 178
23722 188
23742 203
23754 220
23764 237
23768 254
23766 266
23761 269
23756 264
23747 254
23737 239
23732 222
23734 203
23742 188
23751 183
23761 186
23776 191
23793 195
23810 208
23822 225
23832 239
23837 247
23837 244
23834 234
23827 222
23817 208
23805 193
23803 183
23807 183
23815 188
23825 198
23839 213
23859 230
23878 247
23900 256
23915 256
23920 252
23920 244
23920 234
23920 225
23927 217
23942 220
23959 222
23983 227
24000 234
24000 239
23995 239
23988 237
23976 232
23959 225
23939 210
23922 193
23915 178
23920 169
23929 169
23944 174
23966 186
23993 200
24022 227
24046 256
24064 288
24081 320
24093 347
24100 373
24098 393
24093 398
24083 391
24073 376
24061 354
24049 327
24034 293
24022 261
24020 234
24024 210
24034 200
24051 198
24073 205
24098 215
24122 227
24144 244
24156 261
24159 273
24151 276
24137 273
24122 264
24103 249
24083 227
24068 203
24061 178
24064 164
24071 164
24081 169
24093 178
24107 193
24122 213
24134 237
24144 259
24146 269
24142 264
24134 254
24127 242
24117 230
24115 215
24120 203
24124 193
24134 193
24146 195
24161 203
24178 213
24193 225
24210 239
24224 247
24237 244
24244 237
24242 230
24239 220
24234 210
24234 200
24237 193
24244 195
24259 203
24278 210
24302 220
24322 230
24324 234
24317 234
24310 230
24298 220
24283 208
24273 195
24271 183
24278 176
24288 181
24302 191
24329 208
24356 230
24380 256
24402 286
24417 315
24432 344
24432 364
24424 366
24412 361
24400 351
24383 332
24366 310
24356 283
24354 256
24356 232
24366 213
24378 200
24400 200
24422 205
24446 213
24471 220
24488 232
24505 244
24512 249
24510 244
24502 234
24493 220
24480 200
24459 181
24437 166
24412 159
24390 161
24373 166
24361 178
24351 193
.PEN_UP
.PEN_DOWN
23578 330
23588 325
23600 325
23630 325
23666 327
23778 344
23820 347
.PEN_UP
.PEN_DOWN
24619 181
24629 191
24639 200
24644 203
24654 208
24700 252
24724 271
24749 295
24773 322
24795 349
24805 376
24800 388
24785 383
24766 366
24739 337
24705 291
24673 232
24639 169
24610 103
24583 54
24571 17
24578 0
24593 5
24610 17
24624 39
24644 71
24661 115
24678 156
24697 195
24712 227
24722 252
24724 259
24719 256
24717 247
24712 239
24715 227
24719 215
24732 213
24749 217
24768 222
24790 227
24807 237
24817 249
24812 259
24805 264
24795 259
24785 252
24771 239
24756 220
24746 198
24739 176
24741 161
24751 156
24763 161
24773 169
24788 178
24797 193
24802 210
24805 230
24802 242
24802 249
24805 249
24810 247
24822 244
24836 237
24853 232
24871 227
24885 225
24893 222
24888 215
24880 200
24875 181
24871 159
24871 142
24878 135
24897 139
24927 149
.PEN_UP
.PEN_DOWN
25102 230
25110 227
25119 227
25129 232
25134 234
25163 247
25175 252
25183 259
25183 266
25178 269
25170 266
25156 261
25131 249
25107 234
25085 217
25068 198
25066 178
25073 164
25090 156
25114 159
25151 169
25188 178
25217 191
25244 203
25261 215
25273 227
25273 239
25268 252
25258 254
25246 252
25229 244
25209 234
25192 222
25188 205
25192 191
25200 181
25209 174
25227 174
25248 174
25268 176
25290 181
25305 191
25319 203
25331 217
25339 230
25348 239
25358 247
25366 247
25373 242
25373 232
25370 217
25366 198
25358 181
25361 169
25368 174
25383 178
25402 188
25426 198
25453 208
25473 217
25490 230
25500 244
25509 261
25514 278
25522 295
25529 312
25534 332
25534 344
25529 339
25519 330
25507 315
25495 291
25483 269
25475 242
25475 217
25480 200
25490 191
25505 186
25524 188
25544 195
25563 205
25583 217
25592 227
25592 230
25587 225
25575 217
25561 203
25546 188
25531 174
25529 159
25536 154
25544 159
25558 164
25575 176
25592 188
25607 205
25614 222
25612 230
25604 225
25595 217
25587 205
25580 193
25583 178
25587 171
25600 174
25614 178
25634 186
25653 195
25670 205
25685 217
25695 232
25690 234
25682 230
25675 225
25668 215
25663 203
25665 188
25673 178
25680 171
25695 174
25712 178
25731 188
25753 200
25768 213
25780 220
25780 215
25778 205
25773 193
25765 178
25758 164
25761 161
25765 169
25778 178
25792 191
25812 203
25834 217
25848 225
25856 220
25858 215
25856 205
25851 195
25851 181
25853 171
25860 161
25878 154
25897 154
25921 159
.PEN_UP
.PEN_DOWN
25734 288
25724 286
25719 281
25719 273
25724 266
.PEN_UP
.PEN_DOWN
25378 298
25409 298
25434 303
25463 305
25497 305
25609 312
25648 317
.PEN_UP
.PEN_DOWN
26312 259
26304 264
26297 266
26287 266
26280 264
26236 237
26226 225
26219 210
26214 193
26216 178
26224 171
26234 169
26248 174
26270 183
26292 200
26314 220
26326 242
26333 261
26336 269
26336 266
26329 259
26319 239
26304 210
26287 174
26270 130
26255 88
26241 54
26229 30
26216 15
26209 15
26209 22
26214 35
26221 52
26231 76
26246 100
26273 122
26302 144
26338 166
26373 186
26397 200
26421 215
26438 225
26451 232
26448 239
26443 239
26433 234
26421 227
26404 217
26387 198
26375 176
26368 156
26373 142
26382 139
26397 144
26412 152
26431 164
26448 183
26458 203
26455 222
26453 239
26443 247
26433 244
26421 239
26407 230
26399 215
26402 200
26412 188
26429 183
26448 181
26470 178
26490 181
26504 183
26516 188
26529 195
26538 205
26546 213
26550 215
26550 210
26548 203
26546 193
26546 181
26543 169
26543 164
26546 166
26550 178
26560 193
26575 210
26594 227
26614 239
26629 239
26641 234
26648 227
26650 217
26653 203
26653 188
26660 176
26670 174
26687 176
26707 181
26721 188
26733 195
26733 208
26726 217
26719 222
26709 220
26699 215
26692 208
26692 198
26694 188
26704 181
26716 174
26736 171
26755 171
26772 176
26782 186
26789 200
26797 217
26802 227
26807 227
26809 220
26809 213
26807 198
26802 181
26799 164
26794 149
26789 149
26789 154
26794 161
26804 174
26816 186
26831 200
26843 213
26855 220
26858 215
26855 208
26855 198
26853 186
26855 174
26863 164
26872 164
26887 169
26906 174
26924 183
26936 193
26945 203
26955 210
26965 215
26972 215
26985 213
26987 210
26985 205
26980 198
26975 183
26967 169
26960 152
26953 142
26953 144
26960 152
26970 161
26982 176
26999 191
27016 208
27033 220
27045 220
27048 213
27041 205
27036 193
27028 178
27028 164
27031 154
27038 154
27048 156
27063 164
27077 171
27092 186
27106 198
27119 213
27126 217
27128 213
27126 205
27123 193
27123 181
27126 171
27136 176
27153 181
27175 188
27197 198
27214 208
27221 220
27216 227
27211 227
27199 225
27187 217
27175 208
27175 198
27180 186
27187 176
27199 176
27214 178
27231 186
27245 193
27260 200
27272 210
27275 213
27270 208
27262 203
27255 193
27248 183
27245 174
27250 169
27258 171
27267 174
27284 183
27304 193
27321 208
27343 222
27355 230
27358 227
27353 220
27353 210
27358 203
27372 198
27392 200
27416 208
27443 222
27465 239
27484 259
27509 281
27526 305
27540 330
27548 354
27545 371
27538 369
27521 356
27499 339
27475 312
27450 276
27433 239
27419 205
27421 176
27428 156
27440 152
27458 156
27477 164
.PEN_UP
.PEN_DOWN
27377 283
27394 286
27421 286
27433 291
27453 291
27538 295
27562 298
27589 298
.PEN_UP
.PEN_DOWN
27565 230
27587 230
27616 230
27638 232
27665 237
27745 252
27765 254
27787 254
.PEN_UP
.PEN_DOWN
27933 256
27926 252
27921 244
27921 234
27916 225
27896 181
27889 169
27887 154
27894 147
27904 144
27916 152
27931 159
27943 171
27952 186
27960 203
27965 220
27965 234
27957 244
27952 244
27943 239
27935 230
27926 217
27923 200
27928 186
27933 176
27945 174
27967 178
27991 183
28018 193
28038 205
28052 220
28060 234
28062 249
28057 254
28050 249
28040 242
28031 227
28021 210
28016 188
28016 169
28021 159
28026 152
28038 154
28052 159
28067 171
28084 183
28099 198
28113 215
28121 230
28118 237
28116 234
28109 230
28101 220
28094 205
28087 188
28079 169
28082 149
28087 142
28099 144
28116 149
28135 161
28155 176
28172 193
28184 210
28187 220
28184 222
28184 222
28184 222
28184 220
28182 217
28179 208
28172 195
28167 178
28167 161
28174 149
28182 144
28194 147
28208 152
28226 164
28240 178
28255 195
28267 210
28272 220
28277 225
28277 227
28272 227
28267 225
28262 217
28257 208
28252 195
28252 191
28255 193
28260 198
28269 205
28284 217
28304 230
28323 239
28338 242
28345 237
28350 230
28347 217
28345 203
28345 188
28350 178
28357 171
28374 174
28391 178
28411 188
28430 195
28445 208
28460 220
28467 232
28465 242
28457 249
28447 247
28430 244
28411 237
28396 230
28389 217
28394 203
28401 191
28413 183
28433 178
28455 181
28479 183
28501 193
28506 203
28504 215
28496 217
28486 213
28474 203
28462 191
28460 176
28462 164
28469 156
28479 152
28494 154
28513 159
28533 174
28550 191
28564 215
28574 242
28582 266
28586 295
28589 320
28586 342
28579 354
28567 351
28557 344
28545 327
28538 300
28533 269
28533 232
28538 200
28545 176
28557 161
28569 152
.PEN_UP
.PEN_DOWN
28783 98
28791 98
28800 98
28805 98
28815 98
28861 103
28876 111
28891 120
28910 135
28930 152
28944 169
28954 186
28954 206
28951 218
28944 223
28930 218
28912 211
28895 193
28881 176
28876 154
28878 135
28888 123
28903 120
28925 123
28951 128
28978 137
29000 152
29020 169
29032 184
29037 193
29032 191
29027 184
29017 172
29010 157
29000 140
29000 123
29005 118
29012 120
29025 133
29042 147
29059 164
29073 186
29088 198
29100 203
29110 201
29115 193
29120 186
29122 176
29122 162
29125 152
29129 152
29139 157
29156 169
29178 186
29200 208
29220 235
29237 264
29254 293
29268 325
29278 350
29276 367
29266 367
29256 359
29244 345
29232 323
29222 291
29215 254
29210 220
29210 189
29215 167
29222 157
29234 162
29249 169
29261 181
29271 191
29281 206
29281 211
29276 206
29271 198
29266 186
29264 174
29266 159
29276 150
29286 147
29298 150
29315 154
29332 164
29349 181
29364 201
29376 223
29388 247
29395 264
29405 284
29415 303
29422 323
29429 340
29425 337
29417 328
29407 311
29395 289
29385 257
29381 220
29376 189
29378 164
29381 152
29390 157
29403 164
29417 176
29434 189
29446 206
29451 215
29449 213
29442 206
29437 196
29432 184
29429 172
29434 159
29442 154
29454 157
29473 159
29495 169
29515 179
29529 191
29532 203
29524 208
29515 206
29500 198
29488 189
29481 176
29483 164
29490 154
29505 150
29522 150
29546 154
29573 162
29598 169
29617 179
29634 193
29644 203
29649 208
29654 206
29651 198
29646 189
29639 174
29629 157
29615 142
29602 130
29588 125
29573 130
29563 135
29554 142
29549 154
.PEN_UP
.PEN_DOWN
29437 272
29437 267
29429 264
29427 259
29427 254
.PEN_UP
.PEN_DOWN
29286 254
29290 254
29300 254
29320 257
29349 259
29425 269
29449 272
29473 272
.PEN_UP
.PEN_DOWN
29327 298
29320 298
29312 293
29307 291
29303 286
.PEN_UP
.PEN_DOWN
29127 289
29144 289
29164 289
29195 289
29222 289
29293 289
29320 291
.PEN_UP
.PEN_DOWN
29710 125
29705 125
29698 120
29698 115
.PEN_UP
