
.WRITER_ID BryanMacDonald
.STYLE PRINTED
.PEN_DOWN
	90	463
	90	464
	91	464
	91	465
	90	465
	89	465
	88	465
	87	465
	86	464
	85	464
	84	464
	82	463
	80	462
	79	462
	77	461
	76	460
	75	459
	74	459
	73	459
	73	458
	72	458
	72	457
	73	457
	74	456
	74	455
	75	454
	76	453
	76	452
	76	451
	77	450
	77	449
	77	448
	78	447
	78	446
	79	445
	79	444
	79	443
	79	442
	80	441
	80	440
	80	439
	81	439
	81	438
	82	438
	83	438
	84	438
	85	438
	86	438
	88	438
	89	438
	90	439
	91	439
	92	440
	93	440
	94	440
	95	440
	95	439
	96	439
	96	438
	96	437
.PEN_UP
.PEN_DOWN
	112	466
	113	467
	113	468
	112	468
	112	467
	111	467
	110	466
	109	465
	109	464
	108	463
	108	462
	107	461
	107	460
	106	460
	106	459
	105	458
	105	457
	105	456
	106	456
	107	456
	108	456
	109	455
	110	455
	110	454
	111	454
	112	453
	112	452
	113	451
	114	450
	114	449
	115	448
	115	447
	115	446
	114	445
	114	444
	114	443
	113	442
	112	441
	111	441
	111	440
	110	439
	109	439
.PEN_UP
.PEN_DOWN
	105	469
	105	470
	106	471
	107	471
	107	470
	108	469
	108	466
	108	465
	109	464
	109	462
	109	460
	110	459
	110	457
	110	456
	110	454
	111	453
	111	452
	112	450
	113	449
	113	448
	114	447
	114	446
	115	445
.PEN_UP
.PEN_DOWN
	133	470
	134	470
	133	470
	132	469
	131	468
	131	467
	130	466
	129	465
	129	464
	127	461
	126	460
	126	459
	125	459
	125	458
	125	457
	126	457
	127	457
	128	457
	129	457
	130	457
	130	456
	131	455
	132	454
	133	453
	133	452
	133	451
	133	450
	133	449
	133	448
	133	447
	133	446
	133	445
	133	444
	133	443
	132	442
	132	441
	131	440
	131	439
.PEN_UP
.PEN_DOWN
	125	468
	125	469
	125	470
	126	470
	126	469
	126	468
	127	467
	127	465
	127	464
	128	463
	128	461
	128	459
	129	458
	129	456
	129	455
	129	453
	130	452
	130	450
	130	448
	130	447
	131	446
	132	445
	132	444
	133	443
	133	442
	134	442
	135	441
.PEN_UP
.PEN_DOWN
	150	470
	151	471
	152	472
	152	473
	153	473
	153	474
	152	474
	151	474
	150	473
	149	472
	148	471
	147	470
	147	469
	146	468
	146	467
	144	466
	144	465
	144	464
	143	464
	143	463
	143	462
	144	462
	144	461
	145	461
	146	461
	147	461
	149	460
	150	460
	152	459
	153	458
	154	457
	154	456
	155	455
	155	454
	156	452
	156	451
	157	450
	157	449
	157	448
	157	447
	157	446
	156	445
	155	445
	154	445
	153	445
	152	445
.PEN_UP
.PEN_DOWN
	146	478
	147	477
	147	476
	147	474
	147	473
	148	471
	148	469
	148	466
	149	462
	150	459
	150	457
	151	455
	152	453
	153	451
	153	450
	154	448
	154	447
	155	446
	155	445
	156	444
	156	442
	157	441
	158	441
	159	441
.PEN_UP
.PEN_DOWN
	169	471
	168	470
	168	469
	168	468
	168	467
	168	466
	168	465
	169	465
	169	464
	170	464
.PEN_UP
.PEN_DOWN
	181	463
	181	462
	181	461
	181	460
	180	459
	180	458
	179	458
	179	457
	179	456
	179	455
	179	454
	179	453
	179	452
	180	451
	181	451
	182	451
	182	450
	183	450
	184	450
	185	450
	185	449
	186	449
	187	449
	188	448
	188	447
	189	447
	189	446
	190	444
	190	443
	190	442
	189	441
	189	440
	189	439
	188	439
	188	438
	187	437
.PEN_UP
.PEN_DOWN
	196	468
	196	469
	197	469
	197	470
	198	470
	199	470
	200	470
	202	470
	203	470
	204	470
	204	469
	205	469
	206	468
	207	468
	207	467
	207	466
	208	466
	208	465
	208	464
	208	463
	208	462
	208	461
	207	461
	207	460
	207	459
	207	458
	206	458
	206	457
	206	455
	206	454
	206	453
	206	452
	206	451
	206	450
	206	449
	206	448
	206	447
	206	446
	207	445
	207	444
	207	443
	208	443
	208	442
	208	441
	208	440
	208	439
	208	438
	209	438
	209	437
	208	437
	208	436
	208	435
	207	434
	206	434
	205	433
	204	432
	203	432
	203	431
	202	431
	201	430
	200	430
.PEN_UP
.PEN_DOWN
	217	450
	217	451
	218	451
	219	451
	220	451
	221	451
	222	451
	223	451
	223	452
	225	452
	226	452
	227	452
	228	452
	229	452
.PEN_UP
.PEN_DOWN
	246	467
	245	467
	245	468
	245	469
	245	470
	244	470
	243	470
	242	470
	241	470
	240	470
	239	470
	240	470
	240	469
	240	468
	240	466
	240	465
	241	464
	241	463
	242	462
	242	460
	242	459
	242	458
	243	457
	243	456
	243	455
	243	454
	244	453
	244	452
	244	451
	244	450
	244	449
	244	448
	244	447
	244	446
	244	445
	245	444
	245	442
	245	441
	245	440
	245	439
	245	438
	245	437
	246	437
	246	436
	247	436
	248	436
	249	436
	250	436
	251	436
	252	436
	253	437
	254	437
	254	438
	255	438
	256	439
	257	439
	258	439
	259	439
.PEN_UP
.PEN_DOWN
	263	468
	263	469
	264	470
	264	471
	264	472
	265	472
	265	473
	266	473
	267	473
	268	473
	269	472
	269	471
	269	470
	269	469
	269	468
	269	467
	269	466
	268	465
	268	464
	267	464
	266	464
	265	464
	264	465
	263	465
	262	467
	262	468
	261	468
	261	469
	261	470
	261	471
.PEN_UP
.PEN_DOWN
	279	473
	279	472
	279	470
	279	469
	278	468
	278	466
	278	465
	278	464
	277	463
	277	461
	277	460
	277	458
	276	457
	276	456
	276	454
	276	453
	276	452
	277	451
.PEN_UP
.PEN_DOWN
	285	459
	285	460
	286	460
	286	461
	287	461
	287	462
	288	462
	289	462
	290	462
	291	462
	291	461
	291	460
	291	459
	291	458
	291	457
	290	457
	289	457
	288	457
	287	458
	287	459
	287	460
.PEN_UP
.PEN_DOWN
	306	472
	306	473
	307	473
	307	474
	308	475
	309	475
	309	476
	310	476
	311	476
	312	476
	313	476
	314	475
	314	474
	314	473
	315	473
	315	471
	315	468
	314	467
	314	465
	314	464
	313	463
	313	461
	312	460
	312	459
	311	458
	310	457
	309	456
	309	455
	307	455
	306	455
	305	455
	304	455
	303	456
	303	457
	302	459
	302	460
	302	462
	301	464
	301	467
	301	471
	302	473
	302	475
.PEN_UP
.PEN_DOWN
	324	474
	324	473
	323	473
	323	471
	322	470
	322	469
	322	468
	321	467
	321	465
	320	464
	320	462
	319	460
	319	459
	318	457
	317	454
	317	453
	317	452
	317	451
	317	450
	316	449
	316	448
	316	447
.PEN_UP
.PEN_DOWN
	327	458
	327	459
	328	459
	329	460
	330	460
	330	461
	331	461
	332	461
	332	460
	333	460
	333	459
	333	458
	333	457
	333	456
	333	455
	332	453
	332	452
	331	452
	331	451
	330	450
	329	449
	328	449
	327	449
	326	449
	325	450
	324	451
	324	452
	324	453
	324	454
	324	455
	324	456
	324	457
	325	458
	325	459
.PEN_UP
.PEN_DOWN
	350	472
	350	473
	351	473
	352	473
	352	474
	353	474
	354	474
	355	474
	356	474
	357	473
	357	471
	357	470
	357	469
	357	468
	357	467
	356	466
	356	465
	355	464
	355	463
	354	463
	353	462
	352	461
	351	461
	350	461
	349	462
	348	462
	347	463
	346	463
	346	464
	346	465
	346	467
	346	469
	346	470
	346	472
	347	473
.PEN_UP
.PEN_DOWN
	367	472
	367	471
	366	470
	366	469
	365	468
	365	467
	364	466
	363	464
	362	461
	362	459
	361	458
	361	456
	360	455
	359	454
	359	452
	359	451
	358	450
	358	448
	357	447
	357	446
	356	445
	356	444
.PEN_UP
.PEN_DOWN
	366	455
	367	455
	367	456
	369	456
	369	457
	370	457
	371	457
	372	457
	373	457
	374	457
	374	456
	374	455
	374	454
	374	453
	374	452
	373	451
	373	450
	372	449
	371	448
	370	447
	369	447
	368	447
	367	447
	366	447
	366	448
	365	448
	365	449
	365	450
	365	451
	365	452
	365	453
	366	453
	366	454
	367	455
	367	456
.PEN_UP
.PEN_DOWN
	389	473
	389	472
	389	471
	389	470
	389	468
	389	467
	389	466
	389	465
	389	464
	389	463
	389	462
	389	461
	389	460
.PEN_UP
.PEN_DOWN
	402	470
	402	469
	401	468
	401	467
	400	466
	399	465
	399	464
	398	463
	398	462
	397	461
	397	460
	397	459
	397	458
	397	457
	398	457
	399	456
	400	456
	400	455
	401	455
	402	454
	403	453
	404	453
	404	452
	405	451
	405	450
	405	449
	405	448
	405	447
	404	447
	403	446
	402	445
	401	445
	401	444
	400	444
	399	443
	398	443
	397	443
.PEN_UP
.PEN_DOWN
	420	476
	419	476
	420	476
	420	477
	421	477
	422	477
	423	477
	424	477
	425	477
	426	477
	427	477
	427	476
	427	475
	427	474
	427	473
	426	472
	426	471
	426	470
	426	469
	426	466
	425	465
	425	464
	425	463
	425	461
	425	460
	425	459
	424	458
	424	456
	424	455
	424	454
	424	453
	423	451
	423	450
	423	448
	423	447
	423	446
	423	445
	423	444
	423	443
	423	442
	423	441
	423	440
	422	440
	421	440
	420	439
	419	439
	418	439
	417	439
	416	439
	415	439
	414	439
	413	439
	413	438
	414	438
.PEN_UP
.PEN_DOWN
	446	451
	445	451
	445	452
	446	452
	447	452
	447	453
	448	453
	449	452
	450	452
	451	452
	452	451
	453	451
.PEN_UP
.PEN_DOWN
	475	468
	474	468
	473	468
	473	469
	472	469
	471	469
	470	469
	469	469
	469	470
	468	470
	467	470
	467	469
	467	468
	467	467
	467	466
	466	464
	466	462
	466	460
	466	459
	465	457
	465	456
	465	454
	465	453
	465	452
	464	450
	464	448
	464	446
	464	445
	464	444
	464	443
	463	443
	463	442
	464	442
	465	442
	465	441
	466	441
	467	441
	468	441
	469	441
	470	440
	471	440
	472	439
	473	439
	474	439
	475	439
.PEN_UP
.PEN_DOWN
	493	465
	493	466
	494	466
	494	464
	493	462
	493	461
	493	459
	493	457
	492	456
	492	454
	491	452
	491	451
	491	450
	490	447
	490	446
	490	445
	489	444
	489	443
	489	442
	489	441
	490	441
	490	442
.PEN_UP
.PEN_DOWN
	499	465
	499	466
	499	465
	499	464
	499	463
	498	461
	498	460
	498	458
	498	456
	497	455
	497	453
	497	452
	497	450
	497	448
	497	447
	497	446
	497	445
	497	444
	497	443
	498	443
.PEN_UP
.PEN_DOWN
	487	460
	488	460
	489	460
	490	460
	491	460
	492	460
	493	460
	494	460
	496	460
	497	460
	498	460
	501	460
	502	460
	503	460
	504	460
	505	460
	506	460
	507	460
.PEN_UP
.PEN_DOWN
	485	452
	485	451
	486	451
	487	451
	488	451
	490	451
	491	451
	492	451
	493	450
	495	450
	496	450
	498	450
	499	450
	500	450
	501	450
.PEN_UP
.PEN_DOWN
	526	469
	526	468
	526	467
	526	466
	526	465
	526	464
	526	463
	526	462
	526	461
	526	460
	526	459
	526	458
	526	457
	526	456
	526	455
.PEN_UP
.PEN_DOWN
	534	467
	534	466
	534	465
	534	464
	534	463
	534	462
	534	461
	533	460
	533	459
	533	458
	533	457
	533	456
	533	455
	533	454
	533	453
	533	452
	533	451
	534	451
	533	451
.PEN_UP
.PEN_DOWN
	519	467
	520	467
	520	468
	521	468
	522	468
	523	468
	526	467
	527	466
	529	465
	530	465
	531	464
	532	464
	533	464
	534	463
	535	463
	536	463
.PEN_UP
.PEN_DOWN
	520	459
	520	458
	521	458
	522	457
	523	457
	524	457
	525	457
	528	457
	530	457
	531	456
	532	456
	533	456
	534	456
	535	456
.PEN_UP
.PEN_DOWN
	556	465
	556	464
	556	463
	556	462
	556	461
	555	460
	555	459
	555	458
	555	457
	555	456
	554	455
	554	454
	554	453
	553	452
	553	451
.PEN_UP
.PEN_DOWN
	564	468
	564	467
	564	466
	564	465
	564	464
	564	463
	564	461
	563	460
	563	459
	563	458
	563	457
	563	456
	562	455
	562	454
	562	453
	562	452
	562	451
	562	450
.PEN_UP
.PEN_DOWN
	549	462
	550	462
	551	462
	552	462
	553	462
	555	462
	556	462
	559	462
	560	462
	561	461
	562	461
	564	460
	565	460
	565	459
	566	459
.PEN_UP
.PEN_DOWN
	551	455
	552	454
	553	453
	554	453
	556	452
	558	452
	559	451
	561	451
	562	451
	563	451
	565	451
.PEN_UP
.PEN_DOWN
	576	468
	577	468
	578	467
	578	466
	578	465
	578	464
	578	462
	578	461
	578	460
	578	459
	579	459
.PEN_UP
.PEN_DOWN
	590	462
	590	461
	589	460
	588	459
	588	458
	587	457
	586	456
	586	455
	587	455
	588	455
	589	455
	589	454
	590	454
	590	453
	591	452
	591	451
	591	450
	591	449
	590	448
	590	447
	589	447
	589	446
	588	446
	587	446
	586	446
.PEN_UP
.PEN_DOWN
	603	473
	604	473
	605	473
	606	473
	607	472
	608	472
	609	472
	610	472
	610	471
	611	471
	612	470
	613	470
	613	469
	613	468
	613	467
	613	466
	613	465
	613	464
	613	463
	612	462
	612	461
	612	460
	612	459
	611	456
	611	455
	611	454
	611	453
	611	452
	610	451
	610	450
	610	449
	610	448
	610	447
	609	446
	609	445
	609	444
	609	443
	608	442
	607	442
	607	441
	606	441
	605	441
	604	440
	603	440
	602	439
	601	439
	601	438
	601	439
.PEN_UP
.PEN_DOWN
	627	459
	628	459
	628	458
	627	458
	627	457
	627	456
	627	455
.PEN_UP
.PEN_DOWN
	628	444
	628	443
	628	442
	628	441
	628	440
	627	439
	627	438
	627	437
	627	436
	626	435
	625	435
	624	435
	623	436
.PEN_UP
.PEN_DOWN
	657	469
	657	470
	658	470
	658	471
	657	471
	656	470
	655	470
	654	469
	653	469
	652	468
	651	468
	651	467
	650	467
	650	466
	650	465
	649	465
	649	464
	649	463
	650	462
	650	461
	650	460
	651	459
	651	458
	651	457
	651	456
	651	455
	650	454
	649	454
	649	453
	648	453
	648	452
	648	451
	648	450
	649	450
	650	450
	650	449
	651	449
	651	448
	651	447
	650	446
	650	445
	649	444
	649	443
	648	443
	648	442
	648	441
	647	441
	646	441
	646	440
	646	439
	646	438
	645	437
	645	436
	645	435
	645	434
	646	434
	646	433
	647	432
	648	431
	649	430
	650	430
	651	430
	652	429
	653	429
.PEN_UP
.PEN_DOWN
	668	452
	668	453
	668	452
	669	452
	670	452
	671	451
	672	451
	672	450
	673	450
	674	450
	674	449
	675	449
	675	448
	675	447
	676	447
	676	446
	676	445
	676	444
	675	444
	675	443
	674	443
	674	442
	673	442
	673	441
	672	441
	672	440
	671	440
	670	439
	669	439
	669	438
	668	437
	667	437
	666	436
	665	436
	664	436
	664	435
	664	434
	665	434
	665	433
.PEN_UP
.PEN_DOWN
	683	451
	684	451
	684	450
	684	449
	685	449
	685	448
	686	448
	686	447
	687	447
	688	447
	688	446
	689	446
	690	446
	690	445
	690	444
	690	443
	690	442
	690	441
	689	441
	689	440
	688	439
	687	438
	686	438
	685	437
	684	437
	684	436
	683	436
	682	435
	681	434
	680	433
	680	432
	679	432
	679	431
	679	430
.PEN_UP
.PEN_DOWN
	700	449
	701	449
	701	448
	702	448
	703	448
	705	448
	706	448
	707	447
	708	447
	709	447
	710	446
	710	445
	710	444
	709	443
	708	442
	708	441
	707	441
	707	440
	706	440
	706	439
	705	438
	704	436
	703	436
	703	435
	702	434
	701	433
	701	432
	700	432
	700	431
	699	431
	699	430
	698	429
.PEN_UP
.PEN_DOWN
	717	455
	717	454
	716	454
	716	453
	716	452
	716	451
.PEN_UP
.PEN_DOWN
	724	445
	723	445
	723	444
	722	444
	722	443
	721	443
	720	443
	720	442
	720	441
	721	441
	722	440
	722	439
	723	439
	723	438
	724	437
	724	436
	724	435
	724	434
	723	433
	722	432
	721	432
.PEN_UP
.PEN_DOWN
	740	465
	741	465
	741	464
	742	464
	743	464
	744	463
	745	463
	745	462
	745	461
	746	460
	746	459
	746	458
	745	457
	745	456
	744	455
	744	454
	743	454
	742	453
	741	453
	741	452
	740	452
	741	452
	741	451
	742	451
	742	450
	742	449
	742	448
	742	447
	742	446
	741	446
	741	445
	740	445
	739	444
	738	444
	738	443
	739	442
	740	441
	741	440
	741	439
	741	438
	741	437
	741	436
	741	435
	741	434
	740	434
	740	433
	740	432
	739	432
	739	431
	738	431
	738	430
	737	429
	736	429
	736	428
	735	428
	734	428
.PEN_UP
.PEN_DOWN
	761	455
	761	454
	761	453
	761	452
	761	451
	760	450
	759	448
	759	447
	759	446
	759	445
	758	443
	758	442
	758	441
	758	440
	758	439
	758	438
	758	437
	757	437
.PEN_UP
.PEN_DOWN
	755	446
	756	446
	757	446
	758	446
	759	446
	760	446
	761	446
.PEN_UP
.PEN_DOWN
	782	456
	782	455
	781	455
	780	455
	779	455
	778	455
	778	454
	779	454
	779	453
	779	452
	779	451
	780	451
	779	450
	779	449
	778	449
	778	448
	777	448
	777	447
	776	447
	776	446
	775	446
	775	445
	776	445
	776	444
	776	443
	775	443
	775	442
	775	441
	774	441
	774	440
	773	440
	774	439
	774	438
	775	438
	776	438
	776	437
	776	436
	775	436
	775	435
	774	435
	774	434
	773	434
	773	433
	772	433
	772	432
	772	431
	772	430
	772	429
	772	428
.PEN_UP
.PEN_DOWN
	784	441
	784	440
	785	440
	786	440
	787	440
	789	440
	790	440
.PEN_UP
.PEN_DOWN
	796	437
	797	437
	797	436
	798	436
	799	436
	800	436
	801	436
.PEN_UP
.PEN_DOWN
	810	439
	811	439
	812	439
	813	439
	813	438
	814	438
	815	438
	816	438
.PEN_UP
.PEN_DOWN
	826	453
	826	452
	826	451
	826	450
	825	449
.PEN_UP
.PEN_DOWN
	834	446
	833	446
	832	446
	831	445
	830	445
	830	444
	830	443
	831	442
	831	441
	832	441
	832	440
	833	439
	834	438
	834	437
	834	436
	833	436
	833	435
	832	435
	831	435
	831	434
	830	434
	829	434
.PEN_UP
.PEN_DOWN
	842	455
	843	455
	844	454
	845	453
	845	452
	846	452
	846	451
	847	451
	847	450
	847	449
	847	448
	846	448
	846	447
	845	447
	844	447
	843	447
	842	447
	841	447
	840	446
	839	446
	839	445
	839	444
	839	443
	840	443
	840	442
	840	441
	841	441
	841	440
	841	439
	841	438
	840	438
	839	438
	839	437
	838	437
	839	436
	840	436
	840	435
	841	435
	841	434
	842	434
	842	433
	842	432
	843	432
	843	431
	843	430
	844	430
	844	429
	844	428
	843	427
	843	426
	842	426
	842	425
	841	425
	840	424
	839	424
	838	424
	837	423
	836	423
	836	422
	835	422
	835	421
	834	421
.PEN_UP
