.WRITER_ID	JEKN827
.STYLE		?
.SKILL		?
.HAND		R
.SEX		M
.DATE		10 17 94
.AGE 		18
.COUNTRY	U.S.A.
.WRITER_INFO
	First:		Jamie
	Last:		Kilian
	Education:	High School
	Language:	English
	Tablet Exp:	PC
	Motivation:	Paid
.H_LINE	2430
.PEN_DOWN
0 0
.PEN_UP
.PEN_DOWN
0 0
.PEN_UP
.PEN_DOWN
0 0
.PEN_UP
.PEN_DOWN
0 0
.PEN_UP
.PEN_DOWN
0 0
.PEN_UP
.PEN_DOWN
0 0
.PEN_UP
.PEN_DOWN
0 0
.PEN_UP
.PEN_DOWN
0 0
.PEN_UP
.PEN_DOWN
0 0
.PEN_UP
.PEN_DOWN
0 0
.PEN_UP
.PEN_DOWN
0 0
.PEN_UP
.PEN_DOWN
0 0
.PEN_UP
.PEN_DOWN
0 0
.PEN_UP
.PEN_DOWN
0 0
.PEN_UP
.PEN_DOWN
0 0
.PEN_UP
.PEN_DOWN
0 0
.PEN_UP
.PEN_DOWN
248 2531
242 2533
248 2529
254 2529
260 2529
266 2529
272 2533
280 2537
286 2541
292 2545
300 2549
306 2555
310 2564
314 2570
314 2576
314 2584
308 2586
302 2588
294 2590
288 2590
280 2588
274 2588
268 2586
262 2584
254 2582
246 2578
240 2574
232 2570
226 2566
220 2561
214 2557
206 2553
198 2543
192 2535
188 2525
188 2517
190 2511
192 2503
196 2497
202 2491
208 2483
216 2477
224 2473
232 2467
238 2465
248 2463
258 2461
266 2461
274 2463
280 2463
286 2465
292 2467
.PEN_UP
.PEN_DOWN
539 2497
537 2505
531 2509
527 2515
521 2513
515 2511
509 2509
501 2505
493 2499
487 2493
487 2485
487 2479
491 2473
497 2467
503 2461
509 2457
517 2451
527 2451
533 2451
539 2453
547 2457
553 2461
561 2467
565 2473
567 2479
569 2485
571 2491
573 2499
575 2505
575 2513
577 2519
577 2527
575 2533
577 2541
577 2547
577 2557
577 2564
577 2572
577 2578
577 2584
575 2578
571 2572
571 2566
571 2557
569 2549
569 2541
569 2531
569 2525
569 2515
569 2507
569 2501
567 2495
567 2487
565 2481
565 2475
565 2467
563 2457
563 2449
565 2443
565 2435
.PEN_UP
.PEN_DOWN
849 2495
853 2501
855 2507
859 2501
861 2495
859 2487
857 2481
855 2475
853 2467
853 2461
853 2455
.PEN_UP
.PEN_DOWN
863 2570
863 2580
861 2584
859 2590
857 2596
853 2604
855 2610
855 2604
857 2598
.PEN_UP
.PEN_DOWN
1306 2586
1304 2592
1298 2594
1292 2592
1286 2590
1278 2586
1270 2578
1262 2570
1256 2561
1250 2551
1244 2541
1242 2535
1240 2529
1238 2523
1236 2513
1236 2507
1234 2497
1234 2489
1234 2483
1232 2477
1232 2469
1234 2463
1234 2457
.PEN_UP
.PEN_DOWN
1188 2499
1182 2505
1178 2511
1176 2517
1184 2521
1192 2521
1200 2521
1206 2521
1216 2519
1222 2517
1230 2513
1238 2509
1246 2507
.PEN_UP
.PEN_DOWN
1543 2531
1547 2537
1553 2541
1551 2535
1547 2527
1545 2521
1543 2513
1541 2505
1539 2499
1537 2491
1537 2483
1535 2477
.PEN_UP
.PEN_DOWN
1521 2564
1525 2576
1527 2588
1529 2594
1531 2604
1531 2610
1531 2616
1525 2622
1523 2616
.PEN_UP
.PEN_DOWN
1890 2568
1892 2574
1886 2574
1878 2572
1871 2568
1863 2561
1853 2555
1847 2545
1841 2535
1837 2525
1835 2519
1835 2511
1835 2501
1837 2491
1841 2483
1849 2473
1857 2467
1865 2465
1876 2461
.PEN_UP
.PEN_DOWN
2230 2521
2236 2525
2236 2531
2230 2535
2222 2535
2214 2537
2204 2537
2194 2535
2184 2533
2176 2529
2170 2525
2162 2519
2160 2511
2158 2505
2160 2499
2162 2493
2170 2487
2176 2485
2182 2487
2188 2487
2194 2489
2202 2491
2210 2495
2218 2499
2224 2503
2230 2507
2236 2509
2240 2515
2240 2509
2242 2503
2244 2497
2248 2491
2254 2487
2260 2483
2266 2479
.PEN_UP
.PEN_DOWN
2565 2568
2563 2574
2557 2568
2557 2561
2557 2555
2555 2549
2555 2541
2553 2533
2553 2525
2551 2517
2549 2509
2545 2501
2543 2491
2541 2485
.PEN_UP
.PEN_DOWN
2479 2527
2475 2533
2481 2537
2489 2537
2497 2535
2503 2535
2513 2533
2519 2533
2525 2533
2533 2531
2539 2531
2547 2531
2553 2529
2559 2529
2565 2529
2571 2529
2581 2529
.PEN_UP
.PEN_DOWN
2830 2511
2832 2517
2826 2519
2824 2513
2824 2505
2822 2499
2824 2491
.PEN_UP
.PEN_DOWN
2826 2592
2828 2596
2832 2604
2836 2610
2838 2616
.PEN_UP
.PEN_DOWN
3148 2535
3148 2537
3148 2543
3142 2545
3136 2545
3130 2539
3124 2533
3122 2527
3122 2519
3124 2511
3126 2505
3130 2497
3134 2489
3142 2483
3150 2479
3158 2477
3166 2479
3176 2479
3184 2485
3192 2489
3200 2497
3202 2505
3204 2513
3202 2521
3200 2527
3196 2535
3192 2543
3186 2547
3180 2553
3172 2557
3166 2559
3160 2559
.PEN_UP
.PEN_DOWN
3503 2539
3501 2545
3507 2539
3509 2533
3509 2525
3509 2519
3507 2511
3503 2503
3499 2497
3495 2491
3499 2497
3505 2503
3511 2511
3519 2519
3525 2525
3531 2529
3537 2533
3545 2543
3551 2547
3561 2553
3571 2559
3579 2561
3585 2564
3591 2557
3597 2549
3601 2543
3605 2535
3605 2527
3607 2519
3609 2511
3611 2503
3613 2495
3613 2487
3615 2481
3613 2475
3613 2469
3613 2463
.PEN_UP
.PEN_DOWN
294 2574
290 2580
284 2586
278 2588
272 2588
264 2586
256 2584
250 2584
240 2580
234 2578
224 2572
218 2568
212 2566
202 2557
196 2553
190 2549
184 2541
180 2535
178 2529
176 2521
176 2511
178 2503
182 2495
186 2489
194 2485
202 2483
208 2481
216 2481
224 2483
230 2485
236 2491
244 2499
250 2507
256 2517
262 2527
266 2535
268 2541
270 2547
272 2555
274 2561
270 2555
270 2549
266 2543
266 2537
264 2529
260 2523
258 2517
254 2507
252 2497
250 2491
248 2485
246 2479
244 2473
244 2467
242 2457
240 2449
238 2437
236 2431
238 2425
238 2415
238 2405
240 2397
240 2391
242 2383
244 2377
246 2371
252 2365
258 2361
264 2361
.PEN_UP
.PEN_DOWN
477 2519
477 2513
475 2507
473 2501
471 2493
469 2487
469 2481
467 2475
467 2469
471 2463
477 2461
483 2459
489 2459
497 2461
503 2463
511 2467
519 2471
525 2475
531 2483
537 2493
541 2503
545 2511
547 2517
549 2523
549 2529
.PEN_UP
.PEN_DOWN
865 2507
867 2509
867 2501
869 2493
871 2485
873 2477
875 2469
877 2461
879 2455
881 2449
.PEN_UP
.PEN_DOWN
861 2570
859 2580
855 2588
853 2594
849 2600
.PEN_UP
.PEN_DOWN
1222 2561
1218 2555
1220 2547
1222 2541
1224 2533
1226 2527
1226 2519
1230 2509
1230 2501
1232 2493
1234 2487
1236 2481
1238 2475
1244 2479
1250 2479
1256 2481
1262 2481
1268 2483
1276 2483
1282 2485
1284 2479
1284 2473
1284 2467
1286 2459
1284 2453
1282 2445
1278 2439
1270 2433
1264 2429
1258 2427
1252 2427
1244 2427
1236 2431
1228 2437
.PEN_UP
.PEN_DOWN
1531 2576
1531 2580
1529 2586
1529 2580
1531 2572
1531 2566
1531 2557
1531 2549
1531 2543
1531 2535
1531 2525
1531 2517
1531 2511
1531 2505
1533 2499
1539 2505
1545 2509
1551 2513
1557 2515
1563 2517
1569 2517
1575 2517
1581 2515
1583 2509
1583 2503
1581 2497
1581 2491
1579 2483
1577 2477
1575 2469
1573 2463
1567 2455
1559 2451
1553 2447
1547 2445
1539 2445
1533 2445
1525 2445
1519 2447
.PEN_UP
.PEN_DOWN
1886 2570
1888 2572
1888 2578
1888 2584
1884 2578
1884 2572
1884 2564
1886 2555
1886 2547
1886 2539
1888 2533
1890 2523
1892 2513
1892 2507
1894 2499
1894 2489
1894 2483
1896 2477
1898 2471
.PEN_UP
.PEN_DOWN
2196 2499
2202 2501
2202 2503
2208 2503
2214 2505
2208 2499
2206 2493
2204 2487
2204 2479
2202 2473
2202 2467
.PEN_UP
.PEN_DOWN
2198 2561
2196 2572
2196 2576
2194 2582
2192 2588
2188 2594
2186 2600
2182 2606
.PEN_UP
.PEN_DOWN
2485 2521
2489 2515
2489 2509
2489 2501
2489 2493
2489 2487
2489 2481
2489 2475
2489 2469
2489 2463
2495 2469
2499 2477
2503 2485
2507 2491
2511 2497
2513 2503
2517 2509
2521 2517
2527 2523
2531 2529
2539 2539
2543 2545
2551 2551
2557 2555
2565 2559
2573 2561
2579 2559
2585 2557
2591 2553
2595 2547
2601 2539
2605 2531
2607 2521
2607 2513
2607 2503
2607 2495
2605 2487
2605 2481
2605 2475
2603 2469
2603 2463
2603 2457
2603 2451
.PEN_UP
.PEN_DOWN
2940 2511
2942 2517
2942 2519
2944 2527
2946 2535
2942 2541
2936 2543
2930 2543
2922 2543
2914 2543
2904 2541
2896 2537
2890 2535
2882 2533
2874 2527
2868 2521
2866 2513
2870 2505
2876 2505
2882 2503
2888 2505
2894 2507
2902 2507
2908 2509
2914 2511
2920 2511
2926 2513
2924 2507
2924 2501
2922 2493
2918 2483
2916 2477
2914 2471
2912 2461
2910 2455
2908 2447
2906 2441
2904 2435
2902 2429
2898 2423
2896 2415
2888 2405
2882 2395
2876 2389
2868 2383
.PEN_UP
.PEN_DOWN
0 0
.PEN_UP
.PEN_DOWN
0 0
.PEN_UP
.PEN_DOWN
0 0
.PEN_UP
.PEN_DOWN
0 0
.PEN_UP
.PEN_DOWN
0 0
.PEN_UP
.PEN_DOWN
0 0
.PEN_UP
.PEN_DOWN
0 0
.PEN_UP
.PEN_DOWN
0 0
.PEN_UP
.PEN_DOWN
0 0
.PEN_UP
.PEN_DOWN
0 0
.PEN_UP
.PEN_DOWN
0 0
.PEN_UP
.PEN_DOWN
0 0
.PEN_UP
.PEN_DOWN
0 0
.PEN_UP
.PEN_DOWN
0 0
.PEN_UP
.PEN_DOWN
0 0
.PEN_UP
.PEN_DOWN
0 0
.PEN_UP
.PEN_DOWN
0 0
.PEN_UP
.PEN_DOWN
0 0
.PEN_UP
.PEN_DOWN
0 0
.PEN_UP
.PEN_DOWN
0 0
.PEN_UP
.PEN_DOWN
0 0
.PEN_UP
.PEN_DOWN
0 0
.PEN_UP
.PEN_DOWN
0 0
.PEN_UP
.PEN_DOWN
0 0
.PEN_UP
.PEN_DOWN
0 0
.PEN_UP
.PEN_DOWN
0 0
.PEN_UP
.PEN_DOWN
0 0
.PEN_UP
.PEN_DOWN
0 0
.PEN_UP
.PEN_DOWN
0 0
.PEN_UP
.PEN_DOWN
0 0
.PEN_UP
.PEN_DOWN
0 0
.PEN_UP
.PEN_DOWN
0 0
.PEN_UP
.PEN_DOWN
0 0
.PEN_UP
.PEN_DOWN
0 0
.PEN_UP
.PEN_DOWN
264 2624
260 2630
254 2634
248 2640
248 2634
250 2626
254 2618
258 2610
260 2604
264 2598
268 2592
274 2586
280 2580
286 2572
292 2564
298 2557
302 2549
308 2541
312 2535
316 2529
322 2523
330 2513
336 2505
342 2499
.PEN_UP
.PEN_DOWN
358 2612
358 2618
356 2620
348 2622
342 2622
336 2618
330 2616
322 2612
314 2606
308 2602
302 2596
294 2588
288 2582
284 2576
278 2570
272 2564
268 2555
262 2547
258 2541
250 2525
246 2517
242 2511
238 2505
236 2499
234 2493
.PEN_UP
.PEN_DOWN
643 2511
643 2517
637 2523
629 2527
619 2529
613 2529
605 2525
597 2521
589 2517
583 2515
573 2507
567 2499
561 2493
559 2485
557 2479
559 2473
565 2467
573 2467
581 2469
591 2473
599 2479
605 2481
607 2487
613 2495
617 2503
621 2511
619 2517
617 2511
619 2505
625 2495
631 2487
635 2481
645 2475
651 2473
657 2471
.PEN_UP
.PEN_DOWN
895 2495
897 2501
903 2507
909 2513
915 2513
917 2505
919 2499
921 2491
925 2483
929 2475
936 2467
942 2465
950 2463
956 2463
964 2467
970 2467
978 2475
984 2483
992 2493
998 2501
.PEN_UP
.PEN_DOWN
1232 2489
1236 2499
1240 2505
1236 2497
1234 2491
1234 2485
.PEN_UP
.PEN_DOWN
1248 2551
1248 2561
1248 2568
1250 2578
1250 2584
1252 2590
1252 2600
1254 2608
1256 2614
.PEN_UP
.PEN_DOWN
1529 2481
1523 2485
1519 2491
1515 2497
1513 2503
1519 2499
1527 2495
1535 2491
1541 2489
1547 2487
1553 2487
1561 2493
1565 2499
1565 2505
1563 2511
1557 2513
1549 2513
1539 2511
1531 2507
1525 2503
1519 2495
1513 2485
1513 2475
1515 2467
1523 2461
1533 2455
.PEN_UP
.PEN_DOWN
1867 2485
1869 2483
1867 2477
1865 2471
1865 2463
1865 2457
1865 2451
1871 2445
1880 2447
1888 2455
1898 2465
1916 2483
1922 2489
1930 2495
1936 2501
1944 2509
1952 2513
1960 2519
1968 2523
1980 2531
.PEN_UP
.PEN_DOWN
270 2537
272 2539
274 2545
274 2553
272 2559
268 2566
262 2568
256 2568
250 2568
242 2561
236 2553
232 2545
224 2535
218 2525
216 2519
214 2513
212 2507
212 2497
214 2489
218 2481
226 2479
232 2477
240 2479
250 2485
258 2495
264 2505
268 2511
272 2517
276 2523
278 2529
280 2535
284 2545
284 2551
280 2545
278 2535
276 2529
272 2519
272 2511
272 2499
270 2489
268 2477
268 2465
268 2453
270 2439
270 2427
270 2415
272 2401
274 2389
276 2379
276 2367
278 2355
280 2347
282 2341
282 2333
284 2327
284 2321
288 2313
.PEN_UP
.PEN_DOWN
521 2519
521 2519
521 2525
517 2519
515 2513
515 2505
515 2495
517 2485
521 2475
523 2467
529 2463
535 2461
543 2465
549 2467
553 2473
559 2483
563 2489
569 2501
575 2511
581 2519
.PEN_UP
.PEN_DOWN
919 2497
923 2503
923 2509
919 2515
913 2513
909 2505
903 2499
903 2491
903 2483
.PEN_UP
.PEN_DOWN
889 2570
889 2578
889 2590
889 2596
889 2604
887 2612
887 2618
889 2624
889 2630
889 2636
.PEN_UP
.PEN_DOWN
1248 2533
1242 2539
1236 2543
1228 2547
1220 2549
1214 2551
1206 2553
1198 2555
1206 2555
1216 2553
1222 2553
1234 2549
1242 2547
1250 2545
1258 2543
1266 2541
1274 2537
1280 2535
1286 2531
1292 2525
1294 2517
1290 2509
1282 2503
1274 2497
1268 2493
1262 2491
1256 2487
1248 2481
1240 2473
1236 2467
1236 2461
1242 2457
1250 2453
.PEN_UP
.PEN_DOWN
1559 2521
1549 2525
1543 2527
1535 2529
1527 2531
1531 2537
1539 2537
1545 2537
1555 2537
1561 2537
1569 2537
1575 2537
1583 2537
1589 2535
1595 2535
1603 2531
1611 2527
1615 2519
1611 2513
1603 2505
1595 2497
1585 2487
1575 2477
1567 2469
1563 2463
1563 2455
1567 2449
1577 2445
1583 2443
1589 2441
1597 2441
.PEN_UP
.PEN_DOWN
1855 2505
1863 2507
1869 2507
1878 2507
1884 2509
1892 2509
1898 2511
1908 2515
1916 2519
1918 2525
1916 2531
1910 2535
1904 2535
1898 2535
1892 2535
1886 2533
1878 2531
1871 2529
1863 2527
1857 2523
1851 2521
1847 2515
1839 2507
1837 2499
1837 2491
1841 2483
1849 2479
1861 2475
.PEN_UP
.PEN_DOWN
2182 2501
2184 2503
2178 2507
2172 2509
2164 2509
2154 2509
2146 2507
2138 2503
2130 2501
2124 2495
2120 2489
2120 2481
2126 2479
2132 2477
2140 2477
2146 2477
2152 2481
2162 2485
2172 2493
2182 2503
2186 2509
2192 2517
2196 2525
2200 2533
2204 2541
2206 2547
2208 2555
2210 2564
2212 2570
2214 2576
2216 2582
2216 2588
2218 2596
2214 2590
2212 2584
2210 2578
2210 2572
2208 2566
2206 2557
2206 2549
2204 2541
2204 2533
2202 2525
2202 2515
2202 2507
2202 2499
2202 2491
2202 2483
2204 2477
.PEN_UP
.PEN_DOWN
0 0
.PEN_UP
.PEN_DOWN
0 0
.PEN_UP
.PEN_DOWN
0 0
.PEN_UP
.PEN_DOWN
0 0
.PEN_UP
.PEN_DOWN
0 0
.PEN_UP
.PEN_DOWN
0 0
.PEN_UP
.PEN_DOWN
0 0
.PEN_UP
.PEN_DOWN
0 0
.PEN_UP
.PEN_DOWN
0 0
.PEN_UP
.PEN_DOWN
0 0
.PEN_UP
.PEN_DOWN
0 0
.PEN_UP
.PEN_DOWN
0 0
.PEN_UP
.PEN_DOWN
0 0
.PEN_UP
.PEN_DOWN
0 0
.PEN_UP
.PEN_DOWN
268 2535
264 2541
260 2545
256 2551
254 2557
254 2564
256 2557
260 2547
262 2541
264 2533
266 2525
270 2517
272 2509
276 2497
280 2487
282 2477
284 2467
288 2459
290 2447
290 2437
292 2427
290 2417
290 2409
288 2401
286 2391
284 2385
280 2379
276 2373
268 2365
262 2361
256 2359
250 2359
244 2359
236 2359
.PEN_UP
.PEN_DOWN
186 2670
184 2676
182 2682
180 2688
176 2690
172 2696
166 2700
160 2702
.PEN_UP
.PEN_DOWN
547 2501
551 2507
551 2507
547 2501
543 2495
541 2489
541 2483
543 2477
.PEN_UP
.PEN_DOWN
543 2570
543 2576
543 2586
541 2596
541 2602
541 2608
541 2614
.PEN_UP
.PEN_DOWN
895 2572
893 2578
891 2584
891 2590
889 2592
889 2598
889 2604
887 2610
889 2604
891 2598
893 2590
897 2582
897 2574
899 2568
901 2559
901 2553
903 2545
905 2537
907 2529
909 2523
911 2517
913 2511
913 2505
915 2499
921 2497
925 2503
929 2511
934 2517
940 2523
950 2529
958 2529
964 2525
968 2519
972 2511
974 2505
976 2499
978 2493
982 2487
.PEN_UP
.PEN_DOWN
1264 2489
1264 2495
1264 2495
1264 2501
1264 2507
1260 2513
1254 2513
1248 2513
1242 2509
1234 2505
1228 2503
1222 2495
1216 2487
1214 2481
1210 2471
1208 2465
1212 2457
1218 2453
1226 2451
1232 2453
1242 2455
1248 2461
1256 2467
1264 2475
1268 2481
1274 2483
1278 2477
1282 2471
1290 2467
.PEN_UP
.PEN_DOWN
1573 2483
1573 2485
1573 2491
1567 2497
1561 2501
1553 2505
1547 2505
1539 2507
1529 2505
1521 2501
1513 2497
1507 2491
1505 2483
1505 2477
1511 2471
1519 2467
1529 2467
1535 2469
1541 2469
1547 2473
1553 2475
1561 2479
1567 2485
1575 2491
1583 2495
1589 2501
1595 2509
1601 2517
1607 2523
1613 2533
1617 2541
1623 2549
1627 2557
1633 2566
1635 2574
1639 2580
1643 2590
1647 2596
1647 2602
1649 2594
1649 2586
1649 2574
1649 2568
1649 2561
1649 2553
1651 2545
1651 2539
1653 2531
1653 2525
.PEN_UP
.PEN_DOWN
0 0
.PEN_UP
.PEN_DOWN
0 0
.PEN_UP
.PEN_DOWN
0 0
.PEN_UP
.PEN_DOWN
0 0
.PEN_UP
.PEN_DOWN
0 0
.PEN_UP
.PEN_DOWN
0 0
.PEN_UP
.PEN_DOWN
0 0
.PEN_UP
.PEN_DOWN
0 0
.PEN_UP
.PEN_DOWN
0 0
.PEN_UP
.PEN_DOWN
0 0
.PEN_UP
.PEN_DOWN
0 0
.PEN_UP
.PEN_DOWN
0 0
.PEN_UP
.PEN_DOWN
0 0
.PEN_UP
.PEN_DOWN
0 0
.PEN_UP
.PEN_DOWN
0 0
.PEN_UP
.PEN_DOWN
0 0
.PEN_UP
.PEN_DOWN
0 0
.PEN_UP
.PEN_DOWN
0 0
.PEN_UP
.PEN_DOWN
0 0
.PEN_UP
.PEN_DOWN
0 0
.PEN_UP
.PEN_DOWN
0 0
.PEN_UP
.PEN_DOWN
246 2513
244 2515
238 2517
232 2519
226 2513
224 2507
220 2497
218 2489
218 2483
216 2473
216 2467
216 2461
216 2455
214 2447
214 2441
212 2449
208 2459
208 2467
206 2479
204 2489
202 2499
202 2509
202 2519
204 2529
204 2537
206 2547
208 2555
212 2564
214 2572
218 2578
224 2584
232 2590
242 2594
252 2594
258 2594
264 2592
270 2590
280 2586
288 2578
290 2572
294 2566
296 2559
300 2553
302 2547
304 2541
304 2535
306 2527
308 2521
308 2513
308 2505
308 2499
308 2491
306 2485
306 2479
304 2473
304 2465
304 2457
304 2451
.PEN_UP
.PEN_DOWN
587 2501
581 2503
575 2507
569 2507
561 2507
555 2505
563 2499
569 2499
577 2497
583 2497
589 2497
595 2497
601 2497
613 2499
619 2501
625 2503
631 2505
637 2507
645 2513
645 2521
639 2527
633 2527
623 2529
617 2527
609 2525
603 2523
597 2521
591 2519
585 2513
579 2507
571 2497
569 2491
569 2485
567 2479
569 2473
573 2465
577 2459
583 2455
589 2451
597 2449
605 2445
611 2443
619 2441
.PEN_UP
.PEN_DOWN
954 2495
952 2503
950 2505
944 2511
934 2517
923 2523
915 2525
909 2525
903 2525
895 2525
889 2527
883 2525
877 2523
871 2523
865 2521
857 2515
853 2507
853 2499
855 2493
865 2485
875 2483
881 2483
887 2483
893 2483
899 2483
907 2483
913 2485
919 2487
927 2487
938 2489
946 2489
952 2487
954 2481
952 2473
950 2465
946 2459
944 2453
940 2447
936 2441
932 2433
925 2427
921 2421
911 2409
901 2401
893 2395
.PEN_UP
.PEN_DOWN
1248 2507
1250 2511
1246 2517
1238 2519
1230 2521
1224 2523
1214 2523
1208 2523
1198 2521
1192 2519
1184 2515
1178 2513
1172 2509
1168 2501
1166 2495
1166 2489
1168 2483
1176 2475
1184 2471
1194 2471
1200 2471
1206 2471
1216 2475
1222 2479
1228 2483
1236 2489
1242 2495
1248 2499
1254 2499
1256 2493
1258 2487
1262 2479
1266 2473
1270 2467
1276 2467
.PEN_UP
.PEN_DOWN
1573 2533
1571 2541
1569 2547
1569 2553
1567 2559
1563 2566
1557 2564
1555 2555
1553 2547
1553 2537
1553 2531
1553 2525
1555 2519
1555 2513
1555 2507
1555 2499
1555 2493
1555 2487
1553 2481
1553 2475
.PEN_UP
.PEN_DOWN
1503 2493
1503 2503
1507 2509
1511 2517
1517 2519
1523 2523
1531 2525
1539 2525
1545 2525
1551 2525
1557 2525
1563 2523
.PEN_UP
.PEN_DOWN
1849 2497
1851 2503
1855 2507
1861 2511
1865 2503
1871 2497
1873 2489
.PEN_UP
.PEN_DOWN
1873 2527
1876 2533
1878 2541
1880 2553
1882 2564
1884 2570
1888 2578
1888 2584
.PEN_UP
.PEN_DOWN
2160 2513
2158 2515
2154 2521
2154 2515
2156 2509
2158 2501
2162 2493
2164 2485
2168 2479
2170 2471
2178 2467
2184 2467
2192 2467
2198 2471
2208 2477
2216 2481
2228 2487
2236 2493
2244 2497
2252 2503
2260 2507
2266 2509
2272 2513
.PEN_UP
.PEN_DOWN
2541 2505
2541 2511
2541 2517
2547 2517
2555 2517
2563 2515
2569 2515
2579 2513
2585 2511
2591 2511
2597 2509
2603 2509
2611 2509
2617 2507
2625 2507
2631 2507
2637 2507
2645 2509
2651 2513
2657 2521
2657 2521
2657 2527
2653 2533
2643 2537
2637 2537
2631 2537
2623 2537
2617 2537
2611 2535
2603 2531
2597 2527
2591 2523
2589 2517
2583 2509
2581 2503
2579 2497
2577 2491
2577 2483
2579 2477
2581 2471
2591 2461
2601 2451
2607 2447
2615 2443
.PEN_UP
.PEN_DOWN
336 2586
330 2592
328 2598
322 2604
312 2608
300 2606
288 2604
282 2604
274 2602
268 2600
260 2598
252 2596
246 2592
238 2590
232 2588
224 2582
218 2572
218 2566
222 2559
230 2553
238 2547
244 2545
250 2541
260 2537
266 2535
274 2529
282 2523
288 2517
290 2511
288 2503
286 2495
282 2487
278 2481
272 2475
264 2469
258 2467
252 2465
.PEN_UP
.PEN_DOWN
573 2543
573 2551
567 2551
565 2545
565 2539
567 2529
567 2519
565 2513
567 2505
565 2499
565 2491
565 2483
565 2477
565 2469
565 2459
563 2453
563 2443
.PEN_UP
.PEN_DOWN
509 2499
513 2505
519 2507
525 2509
531 2511
539 2513
549 2515
555 2517
561 2519
567 2521
575 2523
581 2523
.PEN_UP
.PEN_DOWN
966 2499
966 2499
958 2505
952 2509
944 2509
938 2507
927 2507
917 2501
909 2497
903 2489
899 2481
897 2473
899 2467
901 2461
909 2455
917 2449
927 2445
936 2445
942 2445
950 2447
958 2449
964 2455
970 2461
974 2467
976 2473
980 2467
986 2461
994 2455
.PEN_UP
.PEN_DOWN
1268 2566
1270 2566
1266 2559
1260 2553
1256 2543
1254 2533
1254 2527
1252 2521
1250 2513
1250 2507
1248 2499
1248 2493
1248 2487
1246 2477
1246 2469
1252 2469
1256 2477
1260 2485
1264 2491
1270 2495
1280 2503
1288 2509
1294 2513
1302 2515
1308 2515
1316 2515
1322 2513
1328 2507
1326 2501
1326 2495
1324 2487
1320 2479
1314 2469
1308 2463
1302 2455
1294 2447
1284 2441
1274 2437
1266 2437
.PEN_UP
.PEN_DOWN
1541 2481
1543 2487
1545 2491
1545 2497
1543 2505
1537 2507
1529 2507
1519 2507
1511 2505
1505 2503
1499 2501
1491 2495
1483 2489
1477 2481
1475 2473
1477 2467
1483 2459
1491 2453
1501 2451
1511 2449
1521 2451
1527 2453
1537 2457
1545 2463
1553 2469
1559 2473
1565 2477
1571 2469
1573 2461
1575 2453
1577 2447
1579 2441
1583 2433
.PEN_UP
.PEN_DOWN
1867 2545
1871 2549
1871 2543
1871 2537
1869 2529
1869 2521
1867 2515
1865 2505
1865 2499
1863 2493
1861 2481
1859 2475
1857 2469
1857 2461
1853 2453
.PEN_UP
.PEN_DOWN
2278 2527
2278 2529
2278 2535
2272 2533
2266 2529
2262 2523
2256 2517
2250 2511
2246 2505
2242 2499
2238 2493
.PEN_UP
.PEN_DOWN
2240 2564
2240 2570
2242 2578
2242 2584
2242 2590
2244 2600
2246 2610
2246 2616
2246 2622
.PEN_UP
.PEN_DOWN
2553 2511
2551 2515
2545 2519
2541 2525
2549 2529
2557 2529
2567 2527
2573 2527
2579 2527
2585 2525
2591 2525
2601 2523
2609 2519
2613 2513
2607 2505
2599 2499
2591 2495
2583 2487
2575 2481
2567 2475
2565 2469
2565 2463
2573 2457
2581 2453
2587 2453
.PEN_UP
.PEN_DOWN
2819 2517
2819 2519
2826 2521
2832 2523
2840 2525
2846 2525
2852 2525
2858 2527
2866 2527
2874 2529
2880 2529
2888 2529
2896 2531
2902 2533
2908 2535
2916 2539
2918 2545
2912 2545
2906 2545
2900 2545
2892 2545
2884 2543
2874 2541
2864 2539
2856 2537
2846 2533
2838 2529
2830 2525
2824 2519
2817 2515
2813 2509
2811 2503
2809 2497
2809 2491
2815 2483
2822 2479
2828 2475
2836 2473
2842 2469
2852 2467
.PEN_UP
.PEN_DOWN
238 2553
234 2547
234 2539
234 2531
234 2523
234 2517
234 2507
234 2497
234 2487
234 2479
236 2473
234 2467
236 2461
236 2455
236 2461
232 2467
228 2473
224 2479
222 2485
218 2491
214 2497
210 2505
206 2513
202 2521
196 2529
194 2537
190 2547
188 2555
184 2566
184 2576
182 2584
180 2592
180 2600
180 2608
180 2618
180 2626
182 2634
184 2640
188 2648
192 2656
196 2662
200 2668
204 2674
210 2684
218 2692
226 2696
232 2700
238 2700
244 2700
248 2692
254 2686
260 2678
264 2668
270 2658
272 2652
276 2642
278 2636
282 2630
284 2622
288 2616
290 2610
292 2604
292 2598
294 2592
296 2582
296 2576
298 2570
298 2564
296 2555
298 2549
294 2541
292 2535
290 2529
284 2525
276 2525
270 2527
.PEN_UP
.PEN_DOWN
525 2594
523 2600
519 2606
513 2602
511 2596
509 2590
505 2584
501 2574
497 2564
493 2557
491 2551
487 2543
483 2537
481 2529
477 2521
473 2511
469 2505
465 2497
463 2489
459 2481
454 2475
452 2469
446 2459
444 2449
442 2443
444 2437
452 2437
.PEN_UP
.PEN_DOWN
491 2602
485 2608
491 2612
497 2608
501 2602
505 2594
511 2586
515 2580
521 2574
527 2568
533 2561
539 2553
545 2547
551 2539
559 2533
565 2527
573 2521
581 2515
589 2507
597 2501
603 2495
609 2491
615 2485
621 2479
627 2473
633 2469
641 2461
649 2453
657 2445
661 2439
667 2433
.PEN_UP
.PEN_DOWN
454 2521
463 2517
471 2517
477 2515
489 2513
495 2513
503 2513
513 2511
521 2511
529 2509
539 2509
549 2509
559 2507
569 2505
.PEN_UP
.PEN_DOWN
958 2594
964 2598
966 2604
958 2604
948 2604
942 2602
936 2600
927 2598
919 2596
911 2592
903 2590
895 2588
887 2582
879 2576
871 2572
865 2566
859 2559
855 2553
853 2547
853 2539
851 2533
853 2527
853 2521
857 2515
869 2503
875 2499
883 2495
891 2491
899 2487
909 2485
919 2483
929 2481
940 2481
948 2479
958 2479
966 2479
.PEN_UP
.PEN_DOWN
1270 2608
1272 2610
1272 2616
1274 2610
1274 2604
1272 2596
1272 2590
1272 2580
1272 2574
1272 2568
1272 2561
1274 2553
1274 2547
1276 2539
1276 2533
1276 2527
1276 2521
1278 2515
1278 2509
1278 2503
1278 2497
1278 2487
1280 2479
1278 2471
1278 2465
.PEN_UP
.PEN_DOWN
1384 2588
1376 2590
1368 2590
1358 2590
1350 2590
1340 2588
1334 2586
1328 2584
1322 2582
1316 2578
1308 2574
1302 2572
1294 2568
1288 2564
1280 2559
1272 2555
1264 2551
1256 2549
1250 2545
1242 2543
1236 2539
1230 2533
1226 2527
1228 2521
1236 2517
1242 2513
1250 2511
1258 2507
1268 2505
1276 2501
1288 2499
1296 2495
1306 2491
1314 2489
1322 2485
1330 2481
1338 2481
1344 2477
1350 2475
1356 2469
1362 2467
.PEN_UP
.PEN_DOWN
168 2541
162 2547
158 2541
160 2535
160 2529
160 2523
158 2517
158 2509
156 2503
158 2497
156 2489
156 2481
154 2473
154 2467
154 2461
.PEN_UP
.PEN_DOWN
158 2541
154 2543
148 2547
140 2549
134 2551
128 2553
130 2547
136 2541
144 2535
150 2529
158 2523
166 2519
172 2513
182 2507
190 2501
198 2495
204 2487
210 2481
218 2475
224 2469
230 2467
236 2461
242 2457
248 2457
.PEN_UP
.PEN_DOWN
298 2564
292 2561
286 2555
280 2551
274 2545
268 2541
264 2533
258 2527
254 2521
246 2513
242 2507
234 2501
228 2495
222 2489
216 2483
212 2477
208 2469
204 2463
202 2457
202 2451
.PEN_UP
.PEN_DOWN
266 2564
266 2564
262 2557
258 2549
256 2543
254 2537
254 2531
254 2521
254 2511
254 2505
252 2499
254 2489
254 2483
254 2477
254 2471
254 2465
254 2459
254 2451
252 2443
.PEN_UP
.PEN_DOWN
551 2557
545 2561
543 2561
537 2568
531 2568
537 2564
541 2557
545 2551
547 2545
551 2539
557 2533
563 2529
569 2523
575 2521
581 2517
583 2511
589 2507
595 2503
601 2501
595 2499
597 2493
595 2487
593 2481
591 2473
591 2467
593 2461
591 2455
589 2449
591 2443
597 2441
.PEN_UP
.PEN_DOWN
573 2529
567 2529
561 2531
555 2529
561 2531
569 2537
577 2543
583 2547
589 2551
597 2555
605 2557
613 2561
619 2564
625 2564
627 2570
633 2574
639 2576
645 2580
651 2582
657 2584
657 2590
663 2588
.PEN_UP
.PEN_DOWN
226 2523
228 2517
230 2511
230 2505
230 2499
232 2491
232 2485
232 2477
234 2469
234 2463
236 2457
236 2451
232 2457
232 2463
230 2469
228 2477
224 2485
222 2491
220 2497
218 2503
214 2513
212 2519
210 2525
208 2531
206 2537
204 2543
202 2549
202 2555
200 2561
200 2574
200 2584
202 2590
204 2598
206 2604
208 2614
210 2622
214 2630
216 2636
220 2644
226 2652
232 2658
238 2660
244 2662
252 2664
262 2664
268 2662
276 2660
284 2656
290 2650
296 2646
300 2640
304 2634
306 2626
308 2618
308 2610
308 2602
308 2594
306 2588
302 2580
298 2572
294 2564
288 2557
280 2551
274 2549
264 2543
256 2539
250 2537
242 2533
236 2531
230 2527
236 2527
242 2527
248 2529
256 2531
264 2533
272 2533
280 2533
288 2533
294 2533
302 2527
308 2521
312 2515
318 2507
320 2501
324 2493
326 2487
328 2479
328 2473
326 2467
320 2461
316 2455
308 2447
300 2441
294 2437
286 2431
278 2425
272 2423
264 2421
258 2423
254 2429
250 2437
248 2443
.PEN_UP
.PEN_DOWN
589 2588
589 2590
589 2596
583 2602
577 2606
569 2604
563 2600
557 2594
549 2588
541 2578
535 2574
529 2568
525 2561
521 2555
511 2543
509 2537
505 2531
501 2521
501 2515
501 2509
501 2503
505 2493
511 2485
519 2477
525 2473
535 2469
543 2469
551 2469
557 2469
565 2469
573 2471
581 2475
589 2477
597 2479
605 2483
613 2487
621 2491
627 2497
635 2501
641 2507
647 2513
653 2519
659 2529
661 2535
663 2541
665 2547
665 2553
663 2559
659 2566
655 2572
651 2578
647 2584
641 2590
635 2592
629 2596
623 2600
617 2602
609 2604
599 2608
593 2606
.PEN_UP
.PEN_DOWN
879 2600
873 2608
871 2608
869 2614
863 2618
867 2612
873 2604
879 2596
889 2590
893 2584
897 2578
903 2574
909 2568
915 2561
921 2555
927 2549
934 2543
940 2537
946 2531
952 2525
958 2519
962 2513
968 2507
972 2501
978 2491
986 2481
992 2473
996 2467
1002 2461
1008 2457
1014 2459
.PEN_UP
.PEN_DOWN
1034 2630
1032 2636
1030 2640
1024 2644
1018 2640
1012 2636
1006 2632
998 2626
992 2622
982 2614
978 2608
974 2602
968 2598
962 2590
956 2586
950 2578
942 2570
936 2561
929 2553
923 2545
915 2539
909 2531
903 2523
895 2517
889 2509
879 2495
873 2489
869 2483
865 2477
861 2471
855 2465
851 2459
847 2453
847 2447
.PEN_UP
.PEN_DOWN
0 0
.PEN_UP
.PEN_DOWN
0 0
.PEN_UP
.PEN_DOWN
0 0
.PEN_UP
.PEN_DOWN
0 0
.PEN_UP
.PEN_DOWN
0 0
.PEN_UP
.PEN_DOWN
0 0
.PEN_UP
.PEN_DOWN
0 0
.PEN_UP
.PEN_DOWN
0 0
.PEN_UP
.PEN_DOWN
0 0
.PEN_UP
.PEN_DOWN
222 2549
224 2555
222 2549
220 2543
220 2535
222 2529
224 2521
226 2511
228 2503
230 2495
230 2489
232 2481
232 2475
230 2469
230 2463
.PEN_UP
.PEN_DOWN
198 2541
190 2543
184 2545
178 2549
172 2551
170 2557
172 2564
178 2566
184 2572
190 2574
196 2578
202 2582
208 2584
216 2588
224 2590
232 2594
240 2598
250 2602
260 2606
270 2610
280 2614
290 2618
298 2622
306 2626
314 2630
322 2632
328 2634
334 2636
.PEN_UP
.PEN_DOWN
228 2509
222 2505
216 2505
210 2505
208 2511
214 2515
220 2519
226 2521
232 2523
242 2527
248 2529
254 2531
260 2533
266 2533
272 2535
278 2537
284 2539
290 2539
298 2541
.PEN_UP
.PEN_DOWN
567 2533
573 2539
569 2533
567 2525
563 2517
563 2511
561 2501
559 2493
559 2487
557 2477
557 2469
557 2463
.PEN_UP
.PEN_DOWN
489 2509
485 2517
483 2519
481 2525
481 2531
485 2537
489 2543
499 2547
505 2549
511 2551
519 2555
525 2559
533 2564
543 2568
551 2570
559 2574
567 2578
575 2582
583 2584
591 2586
597 2588
603 2590
609 2590
.PEN_UP
.PEN_DOWN
567 2481
561 2475
553 2469
545 2465
537 2461
531 2455
525 2451
517 2447
511 2445
505 2439
497 2435
491 2431
499 2433
509 2435
515 2439
523 2441
529 2443
539 2445
547 2449
557 2453
567 2455
577 2459
587 2461
595 2465
605 2467
611 2469
619 2471
625 2473
633 2475
.PEN_UP
.PEN_DOWN
841 2527
839 2533
839 2539
843 2533
845 2525
847 2517
849 2511
851 2503
853 2495
855 2487
857 2479
859 2473
861 2467
867 2465
875 2467
885 2473
891 2477
897 2483
903 2487
911 2493
919 2497
925 2503
934 2509
942 2515
950 2521
958 2527
964 2535
970 2539
976 2545
984 2555
990 2561
994 2568
996 2574
.PEN_UP
.PEN_DOWN
1272 2517
1276 2523
1278 2529
1278 2537
1278 2545
1278 2551
1278 2545
1278 2539
1278 2533
1278 2525
1276 2517
1274 2507
1272 2499
1270 2493
1270 2485
1268 2479
1266 2473
1268 2467
.PEN_UP
.PEN_DOWN
1252 2535
1252 2539
1250 2545
1248 2551
1244 2557
1246 2564
1254 2568
1264 2570
1274 2576
1280 2576
1288 2578
1296 2580
1304 2582
1314 2584
1322 2588
1330 2588
1336 2590
1344 2590
1350 2592
1358 2596
.PEN_UP
.PEN_DOWN
1274 2517
1266 2517
1262 2515
1254 2515
1248 2513
1242 2515
1246 2521
1254 2523
1262 2525
1270 2527
1278 2529
1288 2531
1296 2533
1302 2533
1312 2533
1322 2533
.PEN_UP
.PEN_DOWN
1244 2451
1238 2449
1236 2451
1230 2447
1238 2445
1244 2445
1250 2447
1258 2449
1264 2451
1274 2455
1280 2457
1288 2459
1294 2461
1302 2463
1308 2465
1316 2467
1322 2467
.PEN_UP
.PEN_DOWN
0 0
.PEN_UP
.PEN_DOWN
0 0
.PEN_UP
.PEN_DOWN
0 0
.PEN_UP
.PEN_DOWN
0 0
.PEN_UP
.PEN_DOWN
0 0
.PEN_UP
.PEN_DOWN
0 0
.PEN_UP
.PEN_DOWN
0 0
.PEN_UP
.PEN_DOWN
0 0
.PEN_UP
.PEN_DOWN
0 0
.PEN_UP
.PEN_DOWN
0 0
.PEN_UP
.PEN_DOWN
212 2626
210 2632
208 2634
206 2642
206 2648
206 2642
204 2634
204 2626
202 2618
202 2612
198 2602
198 2592
196 2582
196 2572
194 2561
194 2555
192 2549
192 2539
194 2529
196 2519
196 2511
198 2505
200 2497
206 2493
212 2491
220 2491
228 2493
236 2495
242 2497
248 2499
254 2499
260 2501
266 2503
274 2505
280 2507
290 2509
296 2511
304 2511
310 2513
316 2513
322 2513
328 2515
.PEN_UP
.PEN_DOWN
557 2529
555 2535
557 2537
555 2543
555 2549
549 2543
547 2537
547 2529
545 2519
545 2511
543 2505
543 2497
543 2491
543 2483
543 2477
543 2471
541 2465
.PEN_UP
.PEN_DOWN
495 2519
485 2525
481 2531
475 2537
469 2541
463 2545
461 2551
465 2559
473 2564
481 2568
487 2570
493 2574
501 2578
509 2580
517 2584
527 2586
537 2590
547 2592
557 2594
567 2596
577 2600
585 2600
593 2602
601 2604
.PEN_UP
.PEN_DOWN
521 2467
515 2461
507 2459
501 2455
495 2451
489 2447
481 2443
487 2443
495 2445
501 2445
509 2449
515 2451
521 2453
527 2455
535 2457
541 2461
547 2463
553 2465
559 2465
569 2467
575 2469
581 2471
587 2473
593 2473
599 2475
607 2477
613 2477
619 2477
.PEN_UP
.PEN_DOWN
923 2549
927 2555
929 2555
934 2564
927 2566
921 2564
913 2559
903 2555
897 2553
891 2549
883 2547
877 2543
867 2535
859 2525
857 2519
853 2513
851 2503
849 2497
849 2491
849 2485
849 2479
853 2469
861 2461
869 2453
875 2451
885 2445
895 2443
901 2441
907 2441
913 2441
919 2441
925 2443
932 2445
938 2447
944 2449
950 2453
958 2461
966 2471
968 2477
972 2483
972 2489
974 2497
974 2505
974 2511
974 2519
972 2527
970 2533
968 2541
966 2547
962 2553
956 2561
952 2568
946 2572
940 2572
.PEN_UP
.PEN_DOWN
899 2489
897 2495
899 2489
905 2485
911 2479
915 2473
921 2469
929 2465
938 2459
944 2453
950 2449
956 2445
962 2443
.PEN_UP
.PEN_DOWN
1160 2553
1162 2559
1162 2566
1156 2568
1154 2561
1154 2555
1154 2549
1156 2543
1156 2535
1156 2527
1156 2521
1158 2513
1158 2505
1156 2497
1154 2491
1154 2485
1154 2479
1154 2473
1158 2467
1164 2463
1170 2459
1176 2457
1182 2457
1190 2457
1196 2459
1202 2463
1208 2463
1214 2463
1222 2467
1228 2467
1234 2471
1240 2477
1244 2483
1248 2489
1252 2495
1256 2503
1260 2511
1264 2517
1268 2523
1270 2529
1274 2535
1276 2541
1278 2547
1278 2553
1274 2559
1276 2566
1272 2559
1272 2553
1270 2547
1268 2541
1266 2535
1264 2525
1262 2517
1262 2511
1264 2505
1264 2499
1264 2491
1264 2485
1262 2479
1262 2473
1260 2467
1260 2461
1260 2455
1262 2449
1262 2443
.PEN_UP
.PEN_DOWN
1537 2511
1537 2517
1537 2523
1531 2523
1525 2519
1519 2517
1513 2513
1507 2509
1503 2501
1499 2495
1497 2487
1497 2481
1497 2473
1499 2467
1505 2461
1513 2455
1523 2451
1529 2449
1539 2451
1545 2451
1551 2453
1557 2455
1563 2457
1573 2465
1581 2473
1585 2479
1587 2485
1591 2491
1591 2501
1591 2507
1591 2517
1589 2525
1585 2531
1583 2537
1577 2541
1571 2545
.PEN_UP
.PEN_DOWN
1833 2501
1831 2505
1833 2511
1833 2517
1831 2509
1829 2503
1831 2497
1833 2487
1835 2477
1835 2471
1837 2461
1841 2453
1843 2447
1841 2457
1841 2467
1841 2479
1843 2487
1843 2495
1845 2503
1847 2513
1847 2523
1851 2531
1853 2541
1857 2551
1861 2559
1865 2568
1867 2576
1871 2584
1876 2590
1884 2600
1888 2606
1894 2612
1900 2616
1906 2618
1912 2618
1920 2616
1928 2610
1934 2606
1942 2598
1952 2590
1960 2580
1962 2572
1966 2566
1968 2559
1970 2553
1970 2547
1968 2537
1966 2531
1958 2523
1952 2519
1946 2517
1940 2513
1934 2511
1928 2509
1922 2507
1914 2507
1908 2505
1902 2505
1892 2503
1886 2499
1880 2497
1880 2491
1884 2485
1888 2479
1894 2471
1900 2465
1908 2457
1914 2451
1922 2441
1928 2437
1936 2429
1944 2423
1952 2415
1958 2411
1964 2407
.PEN_UP
.PEN_DOWN
288 2596
282 2600
276 2604
270 2606
264 2606
268 2600
272 2594
276 2588
278 2582
282 2576
286 2570
290 2561
294 2555
298 2547
304 2539
310 2529
314 2523
320 2515
322 2507
324 2499
324 2491
326 2485
322 2477
320 2471
316 2465
310 2459
302 2453
296 2447
288 2441
280 2435
272 2433
266 2431
260 2431
254 2431
.PEN_UP
.PEN_DOWN
134 2517
126 2517
120 2517
116 2523
118 2529
124 2535
128 2541
134 2545
142 2549
148 2555
156 2561
164 2568
174 2574
186 2582
196 2590
208 2596
218 2604
230 2612
240 2620
252 2630
264 2638
276 2648
288 2656
300 2666
312 2674
324 2682
334 2690
346 2696
354 2704
362 2708
370 2714
386 2722
392 2726
402 2732
408 2734
.PEN_UP
.PEN_DOWN
539 2541
535 2547
531 2553
525 2549
.PEN_UP
.PEN_DOWN
489 2588
487 2594
487 2594
485 2600
485 2594
481 2588
481 2582
479 2574
479 2564
477 2553
477 2543
477 2533
477 2527
479 2517
479 2511
481 2503
483 2495
487 2487
489 2481
493 2475
499 2473
505 2469
511 2467
517 2467
523 2467
531 2469
537 2471
545 2473
553 2479
561 2483
567 2489
573 2497
579 2503
583 2511
589 2519
593 2529
597 2535
603 2545
605 2551
607 2557
613 2568
617 2576
621 2584
625 2590
625 2596
625 2590
627 2584
627 2578
625 2572
625 2566
623 2559
621 2551
621 2543
621 2533
621 2527
621 2519
621 2511
621 2505
621 2497
621 2489
623 2483
623 2477
621 2471
623 2465
625 2459
631 2455
637 2453
643 2449
.PEN_UP
.PEN_DOWN
958 2561
962 2570
964 2572
966 2578
970 2586
968 2594
968 2600
962 2606
956 2608
950 2608
940 2606
934 2606
925 2602
919 2600
911 2598
905 2594
897 2590
889 2588
881 2582
875 2578
869 2572
855 2559
853 2553
849 2547
845 2541
843 2535
841 2529
839 2523
837 2513
837 2507
839 2501
839 2495
843 2485
847 2475
853 2467
861 2459
869 2453
877 2447
883 2441
891 2439
897 2437
903 2435
909 2439
909 2445
909 2451
909 2457
909 2463
911 2471
911 2477
911 2483
911 2491
911 2497
917 2495
925 2493
932 2493
940 2491
948 2493
956 2493
964 2493
972 2495
978 2495
984 2495
990 2493
.PEN_UP
.PEN_DOWN
1280 2588
1282 2590
1284 2596
1288 2602
1292 2608
1288 2614
1280 2616
1270 2618
1264 2618
1258 2618
1252 2616
1244 2616
1236 2616
1226 2616
1220 2614
1212 2612
1204 2612
1198 2610
1192 2608
1184 2606
1178 2600
1176 2594
1182 2590
1188 2586
1194 2582
1202 2576
1210 2574
1220 2568
1228 2564
1238 2557
1248 2553
1258 2547
1268 2543
1278 2537
1286 2533
1294 2529
1302 2525
1312 2513
1312 2505
1310 2499
1302 2491
1296 2487
1290 2485
1282 2479
1276 2477
1268 2475
1260 2471
1254 2467
1246 2467
1240 2465
1234 2463
1228 2463
1224 2457
.PEN_UP
.PEN_DOWN
0 0
.PEN_UP
.PEN_DOWN
0 0
.PEN_UP
.PEN_DOWN
0 0
.PEN_UP
.PEN_DOWN
0 0
.PEN_UP
.PEN_DOWN
0 0
.PEN_UP
.PEN_DOWN
0 0
.PEN_UP
.PEN_DOWN
0 0
.PEN_UP
.PEN_DOWN
0 0
.PEN_UP
.PEN_DOWN
0 0
.PEN_UP
.PEN_DOWN
0 0
.PEN_UP
.PEN_DOWN
0 0
.PEN_UP
.PEN_DOWN
190 2533
190 2541
186 2547
180 2551
174 2553
168 2555
166 2549
166 2543
166 2537
166 2529
168 2519
168 2513
168 2507
168 2501
168 2493
170 2487
170 2481
170 2473
172 2467
172 2461
172 2455
174 2449
174 2443
176 2437
176 2429
176 2423
178 2429
178 2439
176 2445
174 2453
172 2461
170 2467
166 2477
164 2485
162 2495
160 2505
156 2515
154 2525
152 2535
148 2543
148 2553
146 2564
146 2572
146 2580
146 2588
148 2594
150 2602
150 2610
154 2618
158 2624
160 2632
162 2638
166 2644
172 2654
176 2660
182 2664
188 2666
196 2666
202 2664
210 2660
220 2652
226 2648
232 2644
236 2638
242 2634
248 2628
258 2618
260 2612
264 2606
266 2600
268 2594
268 2586
268 2580
266 2572
264 2566
256 2557
246 2547
240 2545
230 2535
222 2531
214 2525
208 2521
212 2515
218 2515
224 2513
232 2511
242 2507
248 2505
254 2503
260 2501
270 2495
276 2493
282 2489
292 2481
296 2475
304 2467
308 2459
312 2453
314 2445
316 2437
314 2431
308 2425
300 2421
292 2417
282 2411
276 2411
270 2411
264 2409
258 2407
250 2407
244 2405
234 2405
226 2407
.PEN_UP
.PEN_DOWN
523 2497
523 2503
519 2509
517 2515
513 2521
513 2515
513 2509
515 2503
517 2493
517 2485
517 2479
517 2473
517 2467
511 2473
507 2479
505 2485
497 2497
493 2503
489 2513
487 2521
483 2531
481 2539
479 2551
477 2561
475 2570
473 2582
473 2590
473 2598
475 2608
475 2616
477 2624
479 2632
481 2640
483 2646
489 2652
493 2658
499 2660
503 2666
509 2668
515 2670
523 2672
529 2672
535 2672
541 2672
549 2672
555 2670
561 2668
569 2664
575 2660
583 2650
587 2644
591 2638
593 2630
595 2624
597 2616
597 2610
599 2602
599 2596
599 2590
599 2582
597 2576
595 2568
591 2561
589 2553
585 2547
581 2541
577 2535
571 2529
567 2523
563 2517
557 2513
549 2505
539 2499
533 2493
527 2487
525 2481
531 2475
537 2471
543 2469
555 2467
561 2463
567 2461
575 2459
581 2457
589 2455
597 2455
603 2453
613 2449
619 2447
627 2445
635 2443
639 2437
643 2431
.PEN_UP
.PEN_DOWN
899 2511
899 2513
903 2519
897 2521
891 2521
885 2519
877 2517
871 2515
863 2509
857 2503
851 2495
847 2485
845 2475
845 2467
851 2457
855 2447
861 2443
869 2437
875 2435
881 2433
889 2433
895 2433
903 2433
911 2431
917 2433
925 2435
934 2437
942 2441
948 2443
954 2445
960 2451
966 2455
972 2459
976 2465
984 2479
984 2485
984 2491
982 2497
978 2507
970 2517
964 2521
958 2527
952 2529
946 2533
940 2535
934 2537
927 2539
919 2541
.PEN_UP
.PEN_DOWN
1178 2517
1176 2525
1174 2531
1170 2539
1166 2545
1160 2551
1154 2555
1154 2549
1156 2541
1158 2535
1160 2529
1162 2521
1164 2515
1166 2509
1168 2503
1170 2493
1174 2483
1176 2477
1178 2471
1184 2467
1188 2459
1196 2455
1202 2455
1210 2455
1218 2459
1226 2465
1234 2471
1242 2479
1250 2487
1256 2495
1260 2501
1266 2505
1272 2507
1278 2503
1280 2495
1280 2489
1282 2483
1282 2477
1282 2469
1282 2463
1288 2459
1296 2461
1306 2467
1312 2469
1318 2473
1324 2479
1330 2485
1338 2491
1346 2497
1352 2503
1358 2509
1366 2515
1372 2521
1378 2525
1384 2531
1390 2535
1396 2543
1402 2549
1407 2555
.PEN_UP
.PEN_DOWN
1523 2529
1519 2533
1515 2541
1509 2541
1515 2535
1519 2527
1523 2519
1527 2511
1531 2501
1531 2491
1533 2481
1533 2475
1533 2469
1533 2463
1535 2455
1533 2447
.PEN_UP
.PEN_DOWN
1499 2523
1499 2529
1499 2537
1501 2541
1503 2549
1505 2555
1511 2559
1517 2555
1523 2549
1531 2541
1539 2533
1549 2523
1555 2519
1561 2515
1565 2509
1571 2505
1575 2499
1581 2493
1587 2489
1597 2479
1603 2471
1611 2465
1619 2459
1623 2453
1629 2449
1633 2443
1641 2439
.PEN_UP
.PEN_DOWN
1611 2515
1611 2521
1611 2525
1611 2531
1611 2537
1611 2543
1611 2549
1609 2555
1609 2549
1609 2543
1609 2537
1609 2529
1607 2519
1607 2513
1603 2503
1601 2493
1601 2487
1599 2477
1599 2471
1599 2463
1597 2457
1597 2449
1599 2441
1599 2435
1601 2429
1605 2423
.PEN_UP
.PEN_DOWN
0 0
.PEN_UP
.PEN_DOWN
0 0
.PEN_UP
.PEN_DOWN
0 0
.PEN_UP
.PEN_DOWN
0 0
.PEN_UP
.PEN_DOWN
0 0
.PEN_UP
.PEN_DOWN
0 0
.PEN_UP
.PEN_DOWN
0 0
.PEN_UP
.PEN_DOWN
0 0
.PEN_UP
.PEN_DOWN
0 0
.PEN_UP
.PEN_DOWN
0 0
.PEN_UP
.PEN_DOWN
0 0
.PEN_UP
.PEN_DOWN
0 0
.PEN_UP
.PEN_DOWN
0 0
.PEN_UP
.PEN_DOWN
0 0
.PEN_UP
.PEN_DOWN
0 0
.PEN_UP
.PEN_DOWN
292 2600
286 2600
280 2604
274 2604
268 2604
262 2602
256 2600
250 2596
244 2592
238 2590
232 2584
224 2576
216 2566
210 2555
206 2549
202 2539
200 2529
200 2523
200 2515
200 2509
200 2503
202 2497
202 2491
206 2485
208 2479
216 2469
222 2467
228 2463
232 2457
242 2451
248 2449
254 2447
260 2445
266 2445
274 2445
282 2447
288 2451
294 2453
300 2457
306 2461
312 2465
318 2469
322 2475
326 2481
330 2489
334 2495
336 2505
338 2515
340 2523
340 2533
340 2543
338 2553
334 2564
332 2572
328 2582
324 2590
318 2596
314 2602
308 2610
302 2616
296 2620
290 2624
284 2628
.PEN_UP
.PEN_DOWN
495 2555
489 2564
487 2566
483 2574
479 2580
473 2584
469 2578
469 2572
469 2564
469 2557
469 2551
471 2545
471 2537
473 2531
475 2523
475 2515
477 2507
479 2499
481 2491
481 2483
485 2475
489 2467
495 2455
503 2445
509 2437
517 2433
523 2431
529 2433
535 2437
539 2443
541 2451
545 2457
547 2463
549 2471
553 2479
555 2487
561 2497
565 2505
567 2511
571 2517
573 2523
575 2529
581 2535
583 2541
587 2547
591 2553
595 2559
597 2568
603 2578
607 2586
613 2592
617 2598
623 2604
629 2610
635 2612
.PEN_UP
.PEN_DOWN
877 2564
879 2570
877 2564
875 2555
877 2547
875 2539
875 2533
875 2527
873 2517
873 2511
873 2505
873 2495
873 2489
871 2481
871 2473
873 2467
875 2461
.PEN_UP
.PEN_DOWN
881 2537
877 2543
873 2549
869 2557
863 2561
857 2570
853 2576
857 2584
863 2590
869 2590
879 2594
887 2596
895 2598
903 2600
911 2602
919 2604
929 2606
938 2608
946 2610
954 2610
962 2612
970 2612
.PEN_UP
.PEN_DOWN
929 2553
923 2549
917 2545
907 2539
899 2533
893 2529
889 2523
897 2527
907 2531
913 2533
919 2535
925 2535
934 2539
942 2541
950 2541
956 2543
964 2545
970 2545
976 2547
984 2547
.PEN_UP
.PEN_DOWN
911 2471
901 2467
893 2463
885 2457
879 2455
873 2449
865 2445
859 2441
865 2441
873 2443
883 2449
891 2453
897 2455
907 2461
913 2463
919 2465
925 2467
936 2469
942 2471
.PEN_UP
.PEN_DOWN
1206 2543
1204 2545
1198 2547
1192 2545
1190 2537
1190 2531
1190 2523
1192 2513
1194 2503
1196 2493
1198 2483
1200 2477
1202 2471
1206 2479
1206 2489
1204 2495
1204 2501
1204 2509
1204 2519
1204 2529
1204 2539
1206 2551
1206 2564
1208 2574
1210 2586
1214 2594
1216 2604
1220 2612
1224 2622
1226 2630
1230 2636
1234 2642
1240 2648
1250 2656
1256 2656
1262 2658
1272 2656
1278 2656
1288 2650
1294 2644
1300 2636
1302 2630
1302 2620
1300 2614
1298 2608
1296 2602
1292 2596
1288 2590
1278 2580
1272 2574
1266 2568
1260 2564
1254 2557
1248 2551
1238 2543
1230 2535
1224 2527
1220 2521
1218 2515
1220 2509
1226 2501
1230 2493
1238 2487
1244 2483
1250 2479
1256 2475
1262 2473
1268 2469
1274 2467
1280 2465
1288 2461
1296 2457
1302 2455
.PEN_UP
.PEN_DOWN
288 2527
286 2533
286 2537
282 2543
280 2549
274 2555
270 2561
270 2568
272 2561
274 2553
276 2545
278 2537
280 2531
280 2525
280 2519
282 2513
284 2505
286 2499
288 2493
290 2485
292 2479
294 2469
296 2461
296 2455
.PEN_UP
.PEN_DOWN
166 2525
158 2527
152 2529
146 2531
140 2531
134 2533
126 2535
122 2541
126 2547
136 2553
146 2557
156 2561
166 2566
178 2572
190 2578
202 2584
216 2590
232 2594
244 2600
260 2606
274 2612
288 2616
300 2622
312 2626
324 2630
334 2634
344 2638
352 2640
356 2642
356 2642
362 2642
368 2642
376 2642
382 2638
382 2632
.PEN_UP
.PEN_DOWN
559 2543
559 2549
561 2557
563 2564
563 2570
565 2578
567 2584
565 2590
559 2586
559 2580
557 2572
557 2561
555 2551
553 2545
551 2539
551 2531
551 2525
549 2517
547 2509
547 2501
545 2495
543 2487
543 2479
541 2473
539 2467
537 2455
537 2449
537 2443
537 2435
537 2429
.PEN_UP
.PEN_DOWN
601 2572
605 2580
605 2586
607 2592
611 2584
611 2578
613 2570
613 2559
613 2549
613 2539
613 2533
613 2527
613 2517
613 2507
611 2499
611 2491
611 2485
611 2479
611 2473
.PEN_UP
.PEN_DOWN
509 2487
501 2489
495 2491
489 2493
497 2495
503 2495
513 2497
523 2499
533 2497
541 2499
547 2499
553 2499
561 2499
567 2501
573 2499
579 2499
585 2499
.PEN_UP
.PEN_DOWN
881 2525
879 2531
881 2537
883 2543
883 2537
883 2531
883 2523
881 2517
879 2507
879 2499
877 2491
873 2483
867 2481
861 2483
857 2489
853 2499
851 2505
847 2511
843 2519
841 2527
837 2535
835 2545
833 2557
829 2568
827 2578
825 2588
823 2594
823 2602
823 2614
823 2622
825 2630
825 2630
825 2638
827 2646
831 2652
835 2658
845 2664
855 2668
861 2670
867 2672
875 2670
883 2670
889 2668
895 2668
901 2668
905 2662
913 2656
919 2650
923 2644
927 2638
929 2632
932 2624
934 2618
934 2610
932 2602
929 2594
923 2584
921 2578
917 2568
911 2559
907 2553
901 2549
895 2545
885 2539
879 2535
871 2529
867 2523
863 2517
865 2511
871 2505
879 2499
887 2493
897 2485
903 2479
909 2473
917 2467
923 2463
929 2457
936 2451
942 2445
.PEN_UP
.PEN_DOWN
1218 2511
1220 2519
1218 2525
1218 2531
1216 2537
1210 2541
1202 2543
1196 2539
1188 2531
1180 2525
1176 2519
1168 2509
1160 2499
1158 2493
1156 2487
1156 2477
1158 2469
1166 2463
1172 2461
1180 2457
1188 2455
1196 2455
1206 2453
1216 2453
1226 2453
1234 2455
1244 2455
1254 2459
1264 2459
1272 2463
1280 2467
1288 2467
1294 2473
1302 2483
1304 2489
1306 2501
1302 2511
1300 2517
1296 2525
1290 2535
1286 2541
1278 2547
1270 2555
.PEN_UP
.PEN_DOWN
1525 2515
1523 2523
1521 2531
1521 2537
1519 2543
1517 2549
1513 2555
1513 2549
1515 2543
1519 2535
1521 2529
1525 2519
1527 2513
1531 2507
1537 2497
1539 2491
1545 2485
1549 2479
1555 2473
1561 2475
1565 2481
1571 2483
1579 2489
1585 2491
1591 2491
1597 2489
1603 2483
1605 2477
1607 2471
1613 2469
1619 2471
1627 2473
1633 2473
1639 2477
1645 2479
1651 2483
1659 2487
1667 2491
1675 2495
1683 2499
1693 2503
1701 2507
1707 2511
1715 2515
1721 2519
.PEN_UP
.PEN_DOWN
0 0
.PEN_UP
.PEN_DOWN
0 0
.PEN_UP
.PEN_DOWN
0 0
.PEN_UP
.PEN_DOWN
0 0
.PEN_UP
.PEN_DOWN
0 0
.PEN_UP
.PEN_DOWN
0 0
.PEN_UP
.PEN_DOWN
0 0
.PEN_UP
.PEN_DOWN
0 0
.PEN_UP
.PEN_DOWN
0 0
.PEN_UP
.PEN_DOWN
0 0
.PEN_UP
.PEN_DOWN
0 0
.PEN_UP
.PEN_DOWN
0 0
.PEN_UP
.PEN_DOWN
0 0
.PEN_UP
.PEN_DOWN
0 0
.PEN_UP
.PEN_DOWN
0 0
.PEN_UP
.PEN_DOWN
0 0
.PEN_UP
.PEN_DOWN
0 0
.PEN_UP
.PEN_DOWN
0 0
.PEN_UP
.PEN_DOWN
0 0
.PEN_UP
.PEN_DOWN
0 0
.PEN_UP
.PEN_DOWN
342 2618
344 2624
344 2632
344 2638
344 2644
342 2650
338 2658
332 2660
326 2658
318 2652
312 2648
304 2640
296 2632
290 2626
276 2610
270 2604
266 2598
260 2592
252 2582
248 2576
246 2570
242 2561
240 2555
238 2547
236 2541
236 2535
234 2527
234 2521
234 2515
234 2507
236 2499
238 2493
238 2487
240 2481
242 2475
244 2469
250 2463
256 2455
262 2451
270 2449
276 2453
280 2459
282 2467
286 2475
286 2483
286 2491
288 2499
290 2507
288 2513
286 2519
292 2519
300 2515
308 2513
314 2513
320 2515
326 2515
332 2515
338 2517
344 2519
.PEN_UP
.PEN_DOWN
561 2586
563 2592
557 2596
551 2598
545 2598
539 2598
537 2592
537 2586
535 2580
533 2572
529 2564
527 2553
525 2547
523 2541
523 2535
521 2527
519 2521
517 2515
517 2509
515 2503
515 2497
515 2491
515 2481
515 2473
519 2467
527 2461
533 2461
543 2461
553 2463
559 2463
565 2465
571 2467
577 2467
587 2469
593 2469
603 2471
609 2473
617 2473
623 2473
.PEN_UP
.PEN_DOWN
934 2545
932 2551
925 2557
917 2564
911 2570
903 2576
897 2580
891 2584
883 2588
877 2588
877 2582
881 2576
887 2570
891 2564
901 2551
909 2545
915 2537
923 2529
929 2521
936 2515
942 2509
.PEN_UP
.PEN_DOWN
998 2568
1002 2572
1002 2578
998 2584
992 2584
986 2582
980 2576
974 2570
966 2566
958 2557
950 2551
944 2545
936 2537
929 2531
925 2523
923 2517
921 2509
921 2503
921 2497
921 2491
923 2483
923 2475
923 2467
923 2461
923 2455
925 2449
.PEN_UP
.PEN_DOWN
1226 2523
1228 2531
1230 2537
1230 2543
1230 2549
1230 2543
1226 2537
1226 2529
1226 2521
1226 2515
1226 2505
1226 2497
1224 2489
1224 2481
1224 2475
1220 2481
1218 2489
1218 2495
1216 2501
1216 2509
1216 2519
1216 2529
1216 2541
1218 2551
1220 2564
1222 2574
1224 2584
1226 2592
1228 2602
1232 2610
1236 2618
1242 2626
1246 2632
1252 2636
1258 2640
1264 2640
1270 2642
1276 2640
1282 2638
1288 2636
1294 2632
1302 2622
1308 2618
1312 2610
1314 2604
1316 2598
1318 2592
1318 2586
1318 2580
1314 2574
1312 2566
1308 2559
1302 2553
1296 2549
1290 2543
1282 2539
1276 2537
1270 2533
1262 2531
1256 2529
1250 2527
1242 2525
.PEN_UP
.PEN_DOWN
1577 2555
1579 2561
1579 2568
1575 2559
1573 2553
1573 2543
1573 2533
1573 2527
1573 2521
1573 2509
1573 2503
1573 2491
1573 2485
1573 2479
1573 2473
1573 2467
1573 2461
.PEN_UP
.PEN_DOWN
1623 2561
1625 2570
1625 2576
1619 2572
1617 2566
1615 2559
1613 2551
1611 2541
1611 2535
1611 2527
1611 2515
1611 2507
1611 2501
1609 2495
1609 2487
1609 2481
.PEN_UP
.PEN_DOWN
1559 2475
1557 2483
1555 2487
1557 2495
1565 2501
1573 2505
1583 2507
1593 2509
1599 2511
.PEN_UP
.PEN_DOWN
0 0
.PEN_UP
.PEN_DOWN
0 0
.PEN_UP
.PEN_DOWN
0 0
.PEN_UP
.PEN_DOWN
0 0
.PEN_UP
.PEN_DOWN
0 0
.PEN_UP
.PEN_DOWN
0 0
.PEN_UP
.PEN_DOWN
0 0
.PEN_UP
.PEN_DOWN
0 0
.PEN_UP
.PEN_DOWN
0 0
.PEN_UP
.PEN_DOWN
0 0
.PEN_UP
.PEN_DOWN
0 0
.PEN_UP
.PEN_DOWN
0 0
.PEN_UP
.PEN_DOWN
0 0
.PEN_UP
.PEN_DOWN
0 0
.PEN_UP
.PEN_DOWN
0 0
.PEN_UP
.PEN_DOWN
0 0
.PEN_UP
.PEN_DOWN
0 0
.PEN_UP
.PEN_DOWN
0 0
.PEN_UP
.PEN_DOWN
0 0
.PEN_UP
.PEN_DOWN
0 0
.PEN_UP
.PEN_DOWN
0 0
.PEN_UP
.PEN_DOWN
0 0
.PEN_UP
.PEN_DOWN
0 0
.PEN_UP
.PEN_DOWN
0 0
.PEN_UP
.PEN_DOWN
0 0
.PEN_UP
.PEN_DOWN
0 0
.PEN_UP
.PEN_DOWN
0 0
.PEN_UP
.PEN_DOWN
0 0
.PEN_UP
.PEN_DOWN
0 0
.PEN_UP
.PEN_DOWN
0 0
.PEN_UP
.PEN_DOWN
0 0
.PEN_UP
.PEN_DOWN
0 0
.PEN_UP
.PEN_DOWN
0 0
.PEN_UP
.PEN_DOWN
276 2600
272 2602
270 2596
268 2590
270 2584
270 2578
268 2568
268 2561
268 2555
270 2543
270 2537
270 2531
270 2525
270 2519
270 2513
272 2505
272 2499
272 2493
272 2487
274 2477
278 2469
.PEN_UP
.PEN_DOWN
250 2578
242 2584
236 2590
230 2592
222 2596
214 2600
212 2608
216 2614
222 2620
228 2624
238 2632
244 2636
252 2642
260 2646
270 2650
278 2654
286 2658
296 2664
304 2668
312 2670
320 2674
328 2678
336 2682
344 2684
350 2688
356 2690
366 2694
376 2696
.PEN_UP
.PEN_DOWN
294 2578
290 2576
284 2572
278 2566
270 2559
278 2564
284 2566
290 2570
298 2572
304 2572
314 2574
320 2576
326 2576
332 2576
340 2578
348 2578
354 2578
.PEN_UP
.PEN_DOWN
607 2618
611 2620
617 2622
611 2616
607 2610
601 2602
597 2594
595 2588
593 2582
591 2574
589 2566
589 2557
589 2551
591 2543
591 2535
593 2529
595 2521
597 2515
601 2509
605 2503
.PEN_UP
.PEN_DOWN
497 2592
491 2590
493 2596
503 2604
515 2612
525 2618
535 2624
547 2630
561 2636
577 2644
591 2650
605 2656
621 2664
637 2670
653 2676
667 2680
.PEN_UP
.PEN_DOWN
515 2485
513 2487
519 2493
525 2493
531 2495
537 2497
545 2499
555 2501
565 2503
577 2507
589 2509
603 2511
613 2515
627 2517
641 2519
653 2521
667 2525
679 2527
.PEN_UP
.PEN_DOWN
925 2545
923 2553
921 2557
917 2564
915 2570
913 2576
913 2568
913 2559
913 2549
913 2543
913 2537
913 2531
913 2523
911 2515
911 2507
911 2501
911 2493
909 2485
909 2477
909 2471
909 2463
909 2457
.PEN_UP
.PEN_DOWN
899 2519
899 2527
899 2535
897 2543
895 2551
893 2557
891 2564
891 2570
891 2578
891 2584
897 2588
903 2590
909 2586
917 2580
925 2574
929 2568
936 2564
944 2553
948 2547
952 2541
956 2533
960 2527
964 2521
968 2515
972 2509
976 2501
978 2495
980 2489
984 2483
986 2477
992 2467
996 2461
1000 2455
1006 2451
.PEN_UP
.PEN_DOWN
994 2543
994 2549
990 2559
990 2561
988 2568
988 2574
986 2580
984 2586
982 2580
984 2574
986 2568
986 2561
988 2553
990 2547
990 2541
990 2535
992 2529
992 2521
994 2515
994 2509
994 2503
994 2495
994 2483
994 2477
994 2471
996 2463
996 2455
996 2449
.PEN_UP
.PEN_DOWN
1202 2557
1202 2568
1202 2578
1202 2588
1202 2594
1202 2600
1202 2606
1200 2600
1200 2594
1202 2586
1202 2576
1204 2568
1204 2561
1206 2553
1206 2547
1208 2539
1208 2533
1210 2523
1210 2515
1210 2507
1210 2499
1210 2491
1212 2485
1212 2477
1212 2471
1212 2461
1212 2455
1210 2449
1210 2443
.PEN_UP
.PEN_DOWN
1324 2594
1326 2598
1320 2596
1314 2594
1308 2592
1298 2590
1292 2588
1284 2584
1276 2580
1268 2578
1260 2574
1250 2570
1242 2566
1234 2561
1226 2557
1220 2553
1214 2549
1208 2545
1202 2541
1196 2537
1192 2529
1188 2521
1190 2513
1196 2505
1204 2497
1210 2495
1216 2493
1226 2487
1236 2481
1242 2477
1248 2475
1258 2471
1268 2467
1276 2461
1284 2457
1290 2449
1294 2443
1300 2437
1302 2431
1306 2425
1310 2419
1310 2413
1316 2409
.PEN_UP
.PEN_DOWN
0 0
.PEN_UP
.PEN_DOWN
0 0
.PEN_UP
.PEN_DOWN
0 0
.PEN_UP
.PEN_DOWN
0 0
.PEN_UP
.PEN_DOWN
0 0
.PEN_UP
.PEN_DOWN
0 0
.PEN_UP
.PEN_DOWN
0 0
.PEN_UP
.PEN_DOWN
0 0
.PEN_UP
.PEN_DOWN
0 0
.PEN_UP
.PEN_DOWN
0 0
.PEN_UP
.PEN_DOWN
0 0
.PEN_UP
.PEN_DOWN
0 0
.PEN_UP
.PEN_DOWN
342 2622
342 2628
342 2634
336 2640
328 2642
322 2642
314 2642
304 2640
298 2638
290 2634
282 2630
276 2628
270 2624
268 2618
266 2612
272 2606
276 2600
284 2596
292 2590
304 2584
316 2576
322 2572
330 2570
336 2566
344 2561
350 2557
356 2553
360 2547
366 2543
372 2539
380 2531
386 2523
386 2517
386 2511
382 2505
374 2499
368 2493
358 2489
350 2485
344 2483
338 2481
332 2477
324 2475
318 2473
312 2473
304 2473
298 2473
.PEN_UP
.PEN_DOWN
591 2545
593 2551
593 2555
589 2561
583 2559
577 2555
573 2549
571 2543
571 2533
573 2527
573 2521
573 2515
573 2507
575 2499
575 2491
575 2483
575 2475
575 2469
575 2459
573 2453
573 2447
573 2441
.PEN_UP
.PEN_DOWN
481 2541
477 2547
469 2555
465 2557
461 2564
461 2570
463 2576
467 2582
473 2588
479 2590
489 2598
497 2602
505 2606
517 2610
529 2616
543 2620
557 2624
571 2628
587 2634
605 2638
619 2644
635 2648
651 2650
667 2654
681 2656
695 2660
709 2660
721 2660
.PEN_UP
.PEN_DOWN
909 2509
911 2517
913 2519
917 2527
915 2535
915 2541
911 2547
905 2551
897 2551
887 2549
877 2543
871 2541
865 2537
855 2529
847 2521
841 2515
837 2509
831 2499
829 2493
829 2485
833 2477
843 2471
849 2469
859 2467
867 2467
875 2465
883 2467
891 2467
901 2467
909 2469
917 2473
923 2475
929 2479
936 2485
944 2497
948 2503
950 2509
950 2515
950 2521
950 2527
948 2533
946 2539
944 2545
938 2553
934 2559
.PEN_UP
.PEN_DOWN
1110 2535
1110 2541
1112 2547
1116 2553
1118 2559
1120 2566
1126 2559
1132 2553
1138 2547
1142 2541
1146 2533
1150 2527
1152 2519
1156 2509
1160 2499
1164 2489
1166 2483
1170 2473
1174 2465
1178 2457
1182 2449
1184 2443
1190 2441
1196 2443
1204 2451
1212 2461
1216 2467
1220 2473
1226 2479
1228 2485
1234 2493
1238 2501
1244 2509
1248 2515
1254 2523
1258 2529
1260 2535
1266 2543
1272 2547
.PEN_UP
.PEN_DOWN
1549 2555
1553 2566
1553 2574
1557 2582
1557 2588
1553 2580
1551 2572
1551 2561
1549 2555
1549 2549
1547 2543
1547 2537
1545 2531
1545 2523
1543 2517
1543 2509
1541 2503
1539 2497
1539 2489
1537 2483
1537 2477
1537 2471
1535 2465
1535 2459
.PEN_UP
.PEN_DOWN
1517 2513
1513 2521
1509 2531
1507 2535
1505 2541
1503 2549
1501 2555
1501 2561
1503 2568
1509 2572
1517 2576
1527 2580
1533 2584
1541 2586
1547 2588
1555 2590
1565 2590
1573 2592
1581 2594
1591 2596
1599 2598
1605 2600
1611 2602
.PEN_UP
.PEN_DOWN
1573 2551
1565 2547
1557 2541
1549 2537
1543 2531
1537 2527
1531 2523
1525 2519
1519 2513
1527 2511
1537 2511
1545 2513
1551 2513
1559 2515
1569 2515
1577 2517
1587 2517
1595 2517
1603 2519
1613 2519
1621 2521
1629 2521
1635 2521
1641 2521
.PEN_UP
.PEN_DOWN
1549 2475
1539 2471
1531 2467
1523 2463
1517 2457
1505 2449
1497 2441
1493 2435
1501 2435
1507 2435
1513 2435
1523 2437
1531 2437
1541 2437
1553 2439
1565 2439
1577 2439
1589 2441
1599 2441
1611 2439
.PEN_UP
.PEN_DOWN
0 0
.PEN_UP
.PEN_DOWN
0 0
.PEN_UP
.PEN_DOWN
0 0
.PEN_UP
.PEN_DOWN
0 0
.PEN_UP
.PEN_DOWN
0 0
.PEN_UP
.PEN_DOWN
0 0
.PEN_UP
.PEN_DOWN
230 2624
228 2630
224 2636
218 2644
212 2648
212 2640
212 2634
212 2626
212 2616
212 2608
214 2602
214 2596
216 2590
216 2582
216 2574
216 2566
216 2557
216 2549
216 2541
216 2533
218 2525
218 2517
218 2511
218 2503
218 2493
218 2487
218 2481
218 2475
224 2471
232 2475
240 2479
248 2483
256 2485
264 2491
274 2495
284 2497
294 2503
304 2507
316 2511
326 2515
336 2521
346 2525
356 2531
364 2533
372 2537
380 2541
386 2543
392 2547
400 2549
406 2553
412 2553
.PEN_UP
.PEN_DOWN
577 2578
581 2584
581 2590
575 2590
573 2584
567 2578
563 2570
559 2564
557 2557
555 2551
551 2545
549 2539
545 2531
543 2525
541 2517
539 2511
537 2505
533 2495
531 2487
529 2481
535 2481
539 2487
545 2495
547 2501
549 2507
551 2515
555 2521
557 2529
559 2537
561 2545
563 2551
565 2559
567 2566
571 2572
573 2578
573 2584
575 2590
577 2596
577 2602
579 2594
579 2588
579 2580
581 2572
585 2566
589 2555
591 2549
597 2539
601 2533
605 2527
607 2521
611 2515
623 2499
627 2493
631 2487
639 2477
647 2467
653 2459
659 2451
663 2445
667 2439
673 2435
.PEN_UP
.PEN_DOWN
531 2511
529 2513
523 2513
529 2509
535 2505
543 2503
549 2501
555 2499
561 2499
571 2497
577 2495
583 2495
593 2491
599 2491
.PEN_UP
.PEN_DOWN
839 2564
839 2557
837 2551
837 2545
835 2539
835 2533
833 2525
833 2519
831 2509
831 2503
831 2497
833 2491
833 2481
835 2471
835 2465
833 2459
829 2465
825 2473
823 2481
821 2491
821 2497
821 2503
823 2509
823 2519
823 2525
823 2533
823 2539
823 2545
825 2551
827 2561
829 2572
833 2578
833 2586
835 2592
841 2590
847 2584
853 2576
857 2568
861 2561
865 2555
871 2547
877 2541
883 2533
891 2527
897 2519
903 2513
909 2507
913 2499
919 2495
923 2489
929 2483
936 2477
940 2471
944 2465
946 2459
950 2453
950 2459
950 2465
954 2471
956 2479
958 2487
962 2495
962 2501
964 2507
966 2513
968 2519
970 2525
970 2531
974 2541
974 2547
976 2553
978 2561
978 2570
978 2576
980 2582
986 2582
.PEN_UP
.PEN_DOWN
1240 2543
1244 2551
1246 2559
1250 2568
1252 2574
1254 2580
1256 2586
1250 2590
1242 2592
1234 2590
1226 2588
1216 2580
1210 2578
1204 2572
1198 2568
1192 2561
1188 2555
1182 2549
1178 2543
1172 2537
1168 2529
1166 2523
1164 2515
1162 2507
1162 2501
1162 2495
1162 2489
1162 2483
1164 2477
1166 2471
1170 2463
1176 2455
1182 2449
1190 2445
1198 2443
1208 2443
1214 2445
1222 2449
1226 2457
1230 2465
1234 2471
1234 2477
1236 2485
1236 2491
1236 2497
1234 2503
1240 2503
1248 2501
1256 2499
1264 2499
1274 2499
1282 2497
1288 2497
1294 2497
1300 2499
.PEN_UP
.PEN_DOWN
1495 2547
1495 2551
1497 2557
1491 2555
1487 2549
1485 2541
1483 2535
1483 2525
1481 2515
1483 2505
1485 2499
1487 2489
1493 2481
1501 2473
1509 2469
1519 2467
1525 2467
1535 2467
1541 2467
1547 2469
1553 2469
1559 2471
1565 2473
1571 2477
1577 2481
1587 2489
1597 2497
1603 2507
1609 2517
1613 2523
1615 2533
1617 2543
1619 2551
1619 2557
1619 2564
.PEN_UP
.PEN_DOWN
1890 2533
1894 2541
1896 2543
1898 2549
1902 2543
1902 2537
1904 2529
1902 2521
1902 2513
1904 2507
1906 2497
1906 2491
1906 2485
1908 2477
1910 2467
.PEN_UP
.PEN_DOWN
1871 2505
1867 2511
1863 2517
1859 2523
1855 2527
1851 2533
1847 2541
1845 2549
1843 2555
1843 2561
1847 2568
1855 2574
1861 2574
1871 2578
1878 2580
1890 2584
1896 2586
1904 2588
1912 2590
1918 2590
1926 2590
1936 2590
1944 2592
1952 2592
1960 2592
1966 2590
.PEN_UP
.PEN_DOWN
1878 2483
1867 2477
1857 2469
1849 2465
1843 2461
1835 2457
1829 2451
1821 2443
1815 2437
1825 2437
1831 2437
1837 2439
1843 2441
1851 2441
1859 2443
1867 2445
1878 2445
1886 2447
1896 2451
1906 2451
1914 2455
1922 2455
1928 2457
1934 2459
1942 2463
.PEN_UP
.PEN_DOWN
2359 2545
2361 2551
2359 2557
2353 2561
2346 2561
2338 2566
2330 2568
2322 2568
2316 2570
2310 2570
2304 2570
2296 2570
2290 2570
2284 2570
2276 2570
2270 2566
2270 2557
2274 2551
2280 2545
2286 2537
2294 2529
2300 2525
2308 2517
2316 2509
2320 2503
2328 2495
2334 2489
2336 2481
2338 2475
2338 2469
2334 2463
2328 2457
2322 2453
2312 2451
2302 2447
2294 2447
.PEN_UP
.PEN_DOWN
2533 2568
2535 2574
2539 2582
2541 2584
2543 2590
2549 2596
2555 2590
2555 2584
2555 2574
2555 2564
2555 2553
2553 2547
2553 2539
2553 2527
2553 2521
2551 2515
2551 2509
2551 2503
2549 2497
2549 2491
2549 2485
2547 2479
2549 2473
2549 2467
2549 2459
2549 2453
2551 2447
.PEN_UP
.PEN_DOWN
2629 2549
2633 2561
2635 2566
2635 2572
2637 2578
2637 2584
2633 2578
2633 2572
2633 2566
2633 2559
2633 2549
2633 2543
2633 2537
2633 2531
2633 2525
2633 2515
2633 2507
2633 2501
2633 2495
2633 2489
2633 2483
2633 2477
2631 2471
2631 2465
2631 2457
2629 2449
2629 2441
.PEN_UP
.PEN_DOWN
2557 2477
2549 2483
2541 2489
2537 2495
2537 2501
2543 2509
2553 2511
2563 2515
2569 2517
2577 2517
2583 2517
2591 2517
2597 2517
2605 2519
2613 2519
2619 2519
2627 2517
2635 2517
.PEN_UP
.PEN_DOWN
226 2559
222 2553
220 2545
218 2537
216 2531
216 2525
214 2519
214 2513
212 2505
212 2499
210 2491
210 2483
210 2477
208 2469
208 2459
208 2451
210 2443
.PEN_UP
.PEN_DOWN
194 2519
186 2529
178 2535
172 2537
164 2541
156 2545
150 2551
148 2559
152 2568
162 2574
168 2576
174 2580
182 2584
190 2588
200 2590
210 2594
220 2598
228 2602
238 2606
248 2610
258 2614
270 2620
278 2622
286 2626
294 2628
302 2632
308 2634
314 2638
320 2638
.PEN_UP
.PEN_DOWN
278 2551
272 2547
264 2539
258 2535
252 2529
246 2527
240 2523
232 2517
224 2513
218 2513
228 2519
238 2521
244 2523
252 2525
260 2527
268 2529
276 2531
284 2533
292 2537
300 2537
308 2541
314 2543
320 2543
326 2545
332 2545
.PEN_UP
.PEN_DOWN
605 2519
603 2525
601 2533
599 2539
595 2545
593 2551
589 2557
589 2551
591 2545
589 2537
587 2529
585 2521
583 2513
583 2507
581 2499
579 2491
579 2485
577 2479
.PEN_UP
.PEN_DOWN
531 2523
527 2529
521 2537
517 2543
517 2549
517 2555
525 2559
533 2564
539 2566
545 2568
551 2570
559 2572
567 2574
575 2576
585 2578
593 2580
601 2582
609 2584
617 2584
627 2586
635 2586
643 2586
651 2588
659 2588
665 2588
671 2586
679 2584
.PEN_UP
.PEN_DOWN
587 2473
581 2467
571 2461
565 2455
557 2449
553 2443
547 2441
545 2435
539 2429
533 2427
539 2429
545 2433
553 2437
561 2441
571 2443
581 2447
589 2449
595 2451
603 2453
609 2453
.PEN_UP
.PEN_DOWN
865 2523
857 2529
855 2529
849 2531
843 2533
837 2535
841 2541
849 2541
857 2541
865 2541
871 2539
879 2539
887 2539
895 2537
901 2535
909 2535
917 2533
925 2533
932 2531
940 2527
944 2521
940 2515
934 2509
925 2503
921 2497
915 2495
905 2485
897 2477
893 2469
889 2463
891 2457
895 2451
903 2447
913 2445
919 2445
925 2445
932 2445
940 2445
946 2447
954 2447
962 2449
970 2451
976 2453
.PEN_UP
.PEN_DOWN
1200 2509
1196 2517
1196 2517
1190 2523
1186 2529
1180 2535
1186 2539
1194 2541
1202 2541
1208 2541
1214 2541
1222 2541
1234 2541
1242 2541
1252 2543
1260 2543
1268 2543
1278 2543
1284 2545
1292 2545
1300 2545
1306 2545
1314 2543
1318 2537
1310 2529
1300 2521
1296 2515
1290 2509
1282 2505
1276 2499
1270 2495
1264 2489
1256 2485
1246 2477
1238 2469
1234 2461
1240 2455
1246 2453
1252 2451
1258 2449
1264 2447
1270 2445
1278 2445
1286 2445
1294 2443
.PEN_UP
.PEN_DOWN
1557 2497
1561 2505
1561 2509
1563 2515
1565 2521
1565 2527
1569 2521
1571 2513
1571 2507
1573 2499
1575 2493
1575 2487
1575 2479
1575 2473
1575 2467
.PEN_UP
.PEN_DOWN
1555 2493
1555 2501
1555 2511
1555 2521
1557 2529
1559 2535
1561 2543
1565 2549
1569 2557
1577 2561
1583 2564
1591 2568
1597 2570
1605 2572
1611 2572
.PEN_UP
.PEN_DOWN
1589 2529
1583 2523
1577 2521
1571 2517
1565 2515
1559 2509
1553 2505
1559 2505
1569 2507
1579 2511
1585 2513
1591 2515
1599 2517
1611 2521
1619 2523
1625 2523
1633 2525
1639 2523
1645 2525
.PEN_UP
.PEN_DOWN
1591 2457
1585 2453
1579 2449
1573 2441
1567 2435
1575 2439
1583 2441
1589 2443
1599 2445
1607 2449
1613 2449
.PEN_UP
.PEN_DOWN
1904 2525
1906 2529
1906 2535
1908 2529
1908 2521
1908 2513
1910 2507
1910 2497
1910 2491
1910 2485
1910 2479
1912 2469
1912 2463
1910 2457
1910 2463
1908 2469
1910 2475
1910 2481
1910 2487
1910 2495
1912 2503
1914 2513
1916 2521
1918 2533
1920 2543
1924 2553
1926 2564
1930 2574
1934 2582
1938 2590
1944 2598
1948 2606
1954 2612
1960 2616
1970 2624
1980 2626
1986 2624
1996 2620
2002 2614
2008 2610
2014 2604
2018 2596
2024 2590
2028 2584
2032 2574
2034 2566
2038 2557
2040 2547
2042 2539
2042 2523
2040 2513
2038 2505
2036 2497
2032 2489
2026 2483
2020 2475
2014 2469
2008 2467
2002 2461
1994 2457
1986 2453
1980 2449
1972 2445
1966 2443
1960 2441
1952 2439
1946 2435
1940 2435
1934 2435
.PEN_UP
.PEN_DOWN
1547 2445
1547 2445
1541 2445
1547 2447
1553 2449
1559 2451
1569 2451
1575 2453
1581 2453
1587 2455
1593 2455
1599 2457
1607 2459
1613 2461
1621 2463
1627 2463
1633 2467
1639 2467
1645 2467
1651 2467
1657 2467
1663 2467
1669 2471
.PEN_UP
.PEN_DOWN
178 2576
172 2576
166 2578
166 2572
166 2566
166 2559
164 2549
164 2539
164 2531
164 2525
166 2517
166 2511
166 2503
168 2495
168 2487
168 2481
170 2475
170 2469
172 2459
174 2453
176 2445
176 2453
174 2459
170 2469
168 2477
164 2485
160 2493
156 2503
152 2515
150 2527
146 2539
142 2551
140 2564
138 2576
136 2588
134 2596
134 2606
134 2616
134 2626
136 2634
136 2642
140 2648
144 2656
148 2662
154 2668
162 2678
170 2682
176 2684
184 2688
190 2690
198 2692
206 2692
214 2694
220 2694
228 2692
238 2688
246 2684
252 2680
258 2674
262 2668
268 2662
272 2656
276 2648
278 2642
280 2634
282 2626
284 2620
286 2612
288 2604
288 2598
288 2592
288 2582
286 2576
284 2570
282 2564
274 2553
268 2545
260 2539
252 2533
242 2529
236 2527
230 2527
224 2527
.PEN_UP
.PEN_DOWN
569 2547
569 2553
571 2557
573 2564
575 2570
573 2576
567 2574
567 2568
565 2559
565 2553
563 2547
563 2541
561 2535
561 2527
561 2519
561 2511
561 2501
561 2493
561 2485
561 2477
561 2469
561 2457
561 2445
561 2437
563 2431
.PEN_UP
.PEN_DOWN
489 2529
483 2537
473 2545
469 2549
463 2553
454 2564
448 2572
440 2578
436 2586
436 2594
442 2600
448 2604
461 2610
469 2614
477 2618
485 2622
495 2626
507 2630
519 2634
533 2638
545 2642
559 2646
573 2650
589 2654
603 2658
613 2660
625 2664
639 2666
649 2668
659 2668
669 2668
679 2668
.PEN_UP
.PEN_DOWN
587 2507
577 2499
567 2489
559 2481
549 2473
539 2467
531 2461
523 2455
513 2447
507 2443
499 2437
493 2435
483 2429
477 2423
485 2421
491 2421
501 2423
509 2425
515 2425
525 2427
533 2429
541 2431
551 2433
561 2435
573 2437
583 2439
595 2441
605 2443
613 2445
623 2447
631 2449
641 2449
649 2451
655 2453
.PEN_UP
.PEN_DOWN
940 2561
940 2568
938 2574
934 2580
927 2586
921 2590
915 2588
907 2586
901 2582
895 2578
889 2576
879 2568
873 2564
867 2557
861 2553
855 2549
851 2543
847 2537
841 2533
837 2527
833 2521
831 2515
827 2509
825 2503
825 2497
825 2491
825 2485
827 2479
831 2473
841 2465
847 2459
853 2455
861 2451
869 2445
881 2441
891 2439
901 2435
913 2433
925 2433
938 2431
950 2431
960 2431
972 2433
980 2435
988 2437
998 2439
1006 2443
1014 2447
1022 2453
1028 2457
1034 2463
1040 2467
1044 2475
1048 2483
1050 2491
1052 2499
1054 2509
1054 2519
1056 2529
1054 2539
1052 2547
1050 2555
1046 2564
1042 2572
1036 2580
1030 2586
1024 2590
1016 2596
1008 2600
1002 2602
994 2602
986 2604
980 2602
.PEN_UP
.PEN_DOWN
974 2479
966 2483
960 2485
954 2491
948 2497
946 2503
956 2499
964 2495
972 2491
980 2485
990 2479
996 2477
1002 2473
1008 2469
1018 2465
1026 2457
1034 2451
.PEN_UP
.PEN_DOWN
1238 2527
1234 2531
1232 2537
1226 2541
1222 2547
1216 2547
1216 2541
1216 2533
1218 2527
1218 2521
1220 2513
1222 2507
1226 2497
1230 2489
1236 2479
1242 2471
1250 2467
1260 2465
1270 2465
1280 2467
1290 2473
1296 2479
1306 2489
1310 2497
1316 2503
1320 2509
1324 2517
1328 2523
1332 2531
1336 2537
1338 2543
1340 2549
1340 2555
1342 2564
1342 2570
.PEN_UP
.PEN_DOWN
1599 2535
1599 2543
1599 2549
1601 2555
1601 2561
1599 2555
1599 2549
1597 2541
1593 2531
1593 2525
1591 2519
1591 2513
1591 2505
1589 2499
1589 2493
1589 2487
1587 2479
1589 2473
1589 2467
1589 2459
.PEN_UP
.PEN_DOWN
1567 2495
1563 2503
1559 2513
1557 2517
1555 2523
1553 2529
1553 2537
1553 2543
1555 2549
1559 2555
1569 2566
1575 2570
1585 2576
1591 2580
1597 2582
1603 2584
1609 2586
1617 2586
1625 2588
1633 2590
1641 2590
1651 2590
1659 2590
1665 2590
.PEN_UP
.PEN_DOWN
1637 2545
1629 2541
1621 2537
1615 2533
1607 2529
1601 2525
1593 2519
1587 2517
1581 2515
1577 2509
1585 2509
1591 2511
1599 2511
1609 2513
1615 2515
1621 2515
1631 2517
1637 2517
1643 2517
1649 2517
1655 2517
1665 2517
1671 2515
.PEN_UP
.PEN_DOWN
1605 2459
1599 2455
1593 2449
1585 2447
1581 2441
1575 2439
1571 2433
1565 2427
1557 2423
1563 2421
1573 2423
1579 2425
1585 2425
1593 2429
1599 2429
1607 2429
1615 2431
1625 2433
1635 2435
1643 2435
1653 2433
.PEN_UP
.PEN_DOWN
0 0
.PEN_UP
.PEN_DOWN
0 0
.PEN_UP
.PEN_DOWN
0 0
.PEN_UP
.PEN_DOWN
0 0
.PEN_UP
.PEN_DOWN
0 0
.PEN_UP
.PEN_DOWN
0 0
.PEN_UP
.PEN_DOWN
0 0
.PEN_UP
.PEN_DOWN
0 0
.PEN_UP
.PEN_DOWN
0 0
.PEN_UP
.PEN_DOWN
0 0
.PEN_UP
.PEN_DOWN
0 0
.PEN_UP
.PEN_DOWN
0 0
.PEN_UP
.PEN_DOWN
0 0
.PEN_UP
.PEN_DOWN
0 0
.PEN_UP
.PEN_DOWN
0 0
.PEN_UP
.PEN_DOWN
0 0
.PEN_UP
.PEN_DOWN
0 0
.PEN_UP
.PEN_DOWN
0 0
.PEN_UP
.PEN_DOWN
0 0
.PEN_UP
.PEN_DOWN
0 0
.PEN_UP
.PEN_DOWN
0 0
.PEN_UP
.PEN_DOWN
0 0
.PEN_UP
.PEN_DOWN
0 0
.PEN_UP
.PEN_DOWN
0 0
.PEN_UP
.PEN_DOWN
0 0
.PEN_UP
.PEN_DOWN
0 0
.PEN_UP
.PEN_DOWN
0 0
.PEN_UP
.PEN_DOWN
0 0
.PEN_UP
.PEN_DOWN
0 0
.PEN_UP
.PEN_DOWN
0 0
.PEN_UP
.PEN_DOWN
0 0
.PEN_UP
.PEN_DOWN
0 0
.PEN_UP
.PEN_DOWN
0 0
.PEN_UP
.PEN_DOWN
0 0
.PEN_UP
.PEN_DOWN
0 0
.PEN_UP
.PEN_DOWN
0 0
.PEN_UP
.PEN_DOWN
0 0
.PEN_UP
.PEN_DOWN
0 0
.PEN_UP
.PEN_DOWN
0 0
.PEN_UP
.PEN_DOWN
0 0
.PEN_UP
.PEN_DOWN
0 0
.PEN_UP
.PEN_DOWN
0 0
.PEN_UP
.PEN_DOWN
0 0
.PEN_UP
.PEN_DOWN
0 0
.PEN_UP
.PEN_DOWN
0 0
.PEN_UP
.PEN_DOWN
0 0
.PEN_UP
.PEN_DOWN
0 0
.PEN_UP
.PEN_DOWN
0 0
.PEN_UP
.PEN_DOWN
0 0
.PEN_UP
.PEN_DOWN
0 0
.PEN_UP
.PEN_DOWN
0 0
.PEN_UP
.PEN_DOWN
0 0
.PEN_UP
.PEN_DOWN
0 0
.PEN_UP
.PEN_DOWN
0 0
.PEN_UP
.PEN_DOWN
0 0
.PEN_UP
.PEN_DOWN
0 0
.PEN_UP
.PEN_DOWN
0 0
.PEN_UP
.PEN_DOWN
0 0
.PEN_UP
.PEN_DOWN
0 0
.PEN_UP
.PEN_DOWN
0 0
.PEN_UP
.PEN_DOWN
0 0
.PEN_UP
.PEN_DOWN
0 0
.PEN_UP
.PEN_DOWN
0 0
.PEN_UP
.PEN_DOWN
0 0
.PEN_UP
.PEN_DOWN
0 0
.PEN_UP
.PEN_DOWN
0 0
.PEN_UP
.PEN_DOWN
0 0
.PEN_UP
.PEN_DOWN
0 0
.PEN_UP
.PEN_DOWN
0 0
.PEN_UP
.PEN_DOWN
0 0
.PEN_UP
.PEN_DOWN
0 0
.PEN_UP
.PEN_DOWN
0 0
.PEN_UP
.PEN_DOWN
0 0
.PEN_UP
.PEN_DOWN
0 0
.PEN_UP
.PEN_DOWN
0 0
.PEN_UP
.PEN_DOWN
0 0
.PEN_UP
.PEN_DOWN
0 0
.PEN_UP
.PEN_DOWN
0 0
.PEN_UP
.PEN_DOWN
0 0
.PEN_UP
.PEN_DOWN
0 0
.PEN_UP
.PEN_DOWN
0 0
.PEN_UP
.PEN_DOWN
0 0
.PEN_UP
.PEN_DOWN
0 0
.PEN_UP
.PEN_DOWN
334 2636
336 2644
338 2646
338 2652
338 2660
338 2666
338 2672
338 2680
332 2674
328 2668
320 2658
312 2648
306 2642
302 2634
296 2628
290 2620
284 2612
280 2604
272 2596
266 2588
260 2578
256 2568
250 2559
246 2549
244 2541
240 2531
240 2523
238 2513
238 2505
238 2495
238 2487
238 2479
240 2473
242 2467
244 2461
246 2455
252 2445
256 2437
260 2431
262 2425
268 2421
.PEN_UP
.PEN_DOWN
629 2566
629 2576
629 2584
629 2590
629 2598
629 2604
627 2610
619 2614
609 2614
601 2612
595 2608
589 2606
581 2600
573 2594
569 2588
567 2580
569 2574
577 2568
583 2564
593 2557
601 2553
613 2547
621 2541
629 2537
635 2533
641 2529
647 2523
653 2519
657 2513
661 2503
661 2497
659 2491
655 2485
647 2477
641 2471
635 2467
629 2465
621 2463
613 2461
607 2459
595 2459
589 2461
581 2465
579 2471
579 2477
581 2485
585 2491
589 2499
595 2505
601 2513
607 2521
615 2529
625 2537
633 2545
643 2551
653 2557
661 2566
669 2570
677 2576
683 2582
689 2586
695 2592
697 2598
691 2600
683 2600
.PEN_UP
.PEN_DOWN
940 2519
942 2525
944 2531
946 2535
948 2543
942 2545
934 2543
923 2535
913 2525
907 2521
901 2515
897 2509
891 2503
887 2495
883 2489
879 2483
877 2477
875 2471
875 2461
881 2455
887 2451
893 2451
901 2451
909 2449
917 2451
925 2453
936 2455
944 2459
952 2461
960 2465
968 2467
974 2473
982 2485
988 2495
988 2503
988 2509
988 2515
982 2525
978 2535
970 2541
962 2547
956 2547
.PEN_UP
.PEN_DOWN
1278 2529
1284 2535
1290 2539
1294 2545
1294 2551
1286 2555
1278 2553
1272 2551
1264 2549
1258 2545
1250 2543
1244 2537
1228 2531
1224 2525
1218 2521
1214 2515
1208 2511
1204 2505
1202 2499
1202 2493
1204 2485
1214 2479
1226 2473
1232 2471
1240 2469
1250 2469
1258 2467
1266 2467
1276 2469
1284 2469
1294 2471
1302 2475
1308 2479
1314 2483
1320 2487
1322 2493
1326 2499
1326 2505
1326 2511
1326 2517
1324 2523
1322 2529
1316 2539
1308 2547
.PEN_UP
.PEN_DOWN
1513 2604
1511 2612
1505 2620
1501 2628
1495 2636
1491 2644
1485 2650
1483 2656
1479 2662
1485 2660
1493 2652
1501 2644
1507 2640
1511 2634
1517 2628
1521 2622
1527 2616
1533 2608
1539 2600
1543 2592
1549 2586
1553 2578
1559 2570
1563 2561
1567 2553
1571 2543
1573 2535
1575 2525
1577 2517
1577 2509
1577 2501
1577 2491
1577 2485
1575 2477
1573 2469
1569 2463
1567 2457
1563 2451
1559 2445
1555 2439
1551 2433
1545 2431
1537 2423
1527 2419
1519 2415
1513 2413
1507 2413
.PEN_UP
.PEN_DOWN
1970 2590
1972 2596
1972 2602
1966 2606
1958 2604
1952 2604
1942 2602
1936 2600
1930 2598
1922 2594
1916 2592
1910 2590
1902 2588
1896 2584
1888 2582
1882 2576
1876 2572
1869 2568
1863 2559
1857 2551
1857 2545
1859 2539
1863 2533
1871 2527
1882 2525
1892 2527
1898 2527
1904 2529
1910 2531
1920 2539
1928 2545
1934 2553
1940 2561
1946 2568
1946 2559
1944 2551
1944 2545
1942 2535
1938 2525
1938 2519
1936 2513
1936 2507
1932 2499
1932 2493
1932 2487
1930 2481
1928 2475
1928 2469
1930 2463
.PEN_UP
.PEN_DOWN
2266 2564
2256 2568
2250 2568
2244 2570
2238 2570
2230 2572
2224 2574
2218 2574
2212 2572
2218 2576
2226 2578
2232 2578
2240 2578
2246 2578
2254 2580
2264 2580
2272 2580
2282 2580
2292 2580
2310 2580
2320 2580
2326 2580
2334 2578
2342 2576
2346 2570
2344 2564
2338 2555
2330 2549
2322 2541
2312 2531
2304 2523
2298 2519
2290 2511
2284 2503
2280 2495
2276 2489
2272 2481
2270 2475
2270 2469
.PEN_UP
.PEN_DOWN
2683 2570
2677 2576
2673 2580
2665 2586
2657 2590
2649 2594
2643 2596
2635 2598
2629 2600
2619 2600
2613 2602
2603 2600
2595 2598
2587 2592
2585 2584
2589 2578
2595 2572
2601 2568
2607 2564
2613 2559
2619 2557
2625 2551
2631 2547
2637 2543
2643 2539
2651 2531
2659 2523
2659 2517
2659 2507
2657 2501
2655 2495
2649 2491
2639 2481
2631 2475
2623 2471
2615 2467
2607 2463
2599 2459
2591 2457
2583 2453
2575 2451
2569 2449
2561 2447
2555 2447
2547 2451
2545 2457
2549 2467
2555 2469
2561 2473
2567 2479
2575 2485
2585 2491
2593 2497
2603 2503
2613 2509
2625 2515
2635 2519
2645 2525
2655 2529
2663 2533
2671 2537
2677 2539
2683 2543
2689 2549
2691 2555
2683 2561
2675 2564
2665 2568
2655 2570
2645 2572
.PEN_UP
.PEN_DOWN
2910 2588
2904 2592
2896 2592
2890 2596
2884 2596
2878 2598
2884 2596
2892 2596
2898 2596
2906 2594
2912 2594
2918 2594
2926 2592
2932 2592
2940 2592
2946 2590
2952 2590
2958 2590
2964 2590
2972 2590
2978 2590
.PEN_UP
.PEN_DOWN
3176 2572
3174 2578
3168 2584
3162 2586
3164 2592
3170 2594
3178 2598
3184 2600
3190 2600
3198 2602
3204 2602
3212 2604
3218 2604
3226 2604
3234 2604
3242 2604
3250 2602
3256 2600
3262 2598
3268 2596
3274 2592
3280 2588
3282 2582
3282 2574
3280 2561
3278 2555
3276 2549
3272 2543
3266 2537
3260 2531
3254 2525
3250 2519
3244 2513
3236 2507
3230 2501
3224 2497
3218 2493
3212 2489
3206 2483
3200 2481
3194 2475
3190 2481
3192 2487
3196 2495
3202 2501
3208 2507
3214 2511
3222 2515
3230 2515
3238 2515
3244 2515
3252 2513
3260 2509
3268 2505
3272 2499
3276 2493
3276 2487
.PEN_UP
.PEN_DOWN
3563 2582
3559 2588
3561 2594
3557 2588
3553 2580
3549 2572
3547 2561
3541 2553
3539 2547
3539 2541
3537 2535
3535 2527
3533 2519
3531 2511
3529 2503
3527 2497
3525 2491
3525 2485
.PEN_UP
.PEN_DOWN
3850 2582
3852 2582
3852 2588
3846 2590
3852 2588
3858 2588
3864 2588
3870 2586
3876 2586
3884 2586
3892 2586
3900 2586
3910 2584
3918 2584
3926 2584
3934 2584
3942 2584
3948 2582
3954 2582
3960 2580
3962 2574
3956 2566
3948 2557
3940 2547
3932 2537
3926 2533
3922 2527
3916 2521
3912 2515
3906 2505
3900 2497
3892 2489
3886 2483
3878 2477
3876 2471
.PEN_UP
.PEN_DOWN
4214 2566
4214 2566
4210 2572
4206 2564
4206 2557
4206 2549
4208 2541
4212 2533
4216 2525
4222 2519
4230 2513
4241 2507
4251 2505
4259 2501
4265 2501
4275 2503
4281 2503
4291 2505
4297 2507
4305 2513
4311 2515
4319 2521
4325 2527
4331 2535
4333 2543
4335 2549
4335 2555
4333 2561
4331 2568
4331 2561
4329 2553
4327 2547
4323 2537
4319 2529
4317 2523
4313 2517
4311 2511
4309 2503
4307 2497
4305 2491
4301 2483
4299 2477
4295 2471
.PEN_UP
.PEN_DOWN
4531 2471
4529 2477
4527 2483
4527 2489
4527 2483
4527 2475
4523 2467
4519 2459
4513 2449
4511 2443
4503 2431
4499 2425
4495 2419
4489 2415
4485 2407
4479 2401
4475 2395
4469 2389
4461 2379
4453 2371
4447 2363
4439 2359
.PEN_UP
.PEN_DOWN
4840 2549
4840 2555
4846 2551
4852 2547
4856 2541
4862 2535
4870 2529
4876 2521
4884 2513
4892 2505
4900 2497
4906 2489
4914 2483
4918 2477
4924 2471
4930 2465
4936 2459
4940 2453
.PEN_UP
.PEN_DOWN
4954 2551
4956 2557
4956 2564
4948 2561
4940 2557
4930 2553
4924 2549
4918 2547
4910 2543
4902 2539
4894 2535
4886 2531
4876 2527
4868 2523
4860 2519
4850 2515
4842 2509
4836 2507
4830 2501
4820 2493
4812 2487
4808 2481
4804 2475
.PEN_UP
.PEN_DOWN
5219 2582
5219 2586
5213 2590
5207 2584
5209 2576
5209 2568
5209 2557
5207 2541
5207 2535
5205 2529
5205 2521
5203 2515
5201 2509
5199 2501
5199 2495
5197 2489
5195 2481
5193 2475
5193 2469
5191 2461
5191 2455
5189 2447
.PEN_UP
.PEN_DOWN
5511 2513
5519 2515
5519 2517
5525 2519
5517 2521
5507 2521
5497 2517
5491 2515
5485 2513
5479 2511
5471 2507
5465 2505
5459 2501
5453 2497
5449 2491
5443 2483
5441 2477
5439 2471
5441 2463
5447 2453
5455 2443
5463 2439
5471 2437
5479 2435
5487 2433
5497 2431
5505 2431
5515 2433
5525 2435
5535 2437
5543 2441
5551 2445
5559 2451
5565 2457
5569 2465
5571 2479
5573 2485
5573 2493
5571 2501
5571 2509
5569 2515
5565 2523
5561 2529
5553 2537
5545 2543
.PEN_UP
.PEN_DOWN
5826 2547
5830 2555
5834 2561
5834 2568
5828 2564
5826 2555
5824 2547
5822 2539
5822 2533
5824 2525
5826 2519
5834 2513
5844 2511
5854 2509
5862 2509
5868 2507
5876 2507
5884 2507
5892 2505
5900 2507
5908 2507
5916 2507
5924 2505
5930 2507
5936 2505
5944 2507
.PEN_UP
.PEN_DOWN
5960 2564
5960 2572
5964 2578
5968 2584
5970 2590
5966 2584
5962 2578
5956 2570
5952 2564
5946 2553
5944 2547
5940 2539
5936 2533
5932 2525
5928 2517
5926 2509
5922 2501
5920 2495
5916 2487
5914 2479
5912 2471
5908 2461
5906 2453
5906 2447
5902 2437
.PEN_UP
.PEN_DOWN
180 2580
174 2582
170 2580
162 2584
156 2588
152 2594
154 2600
160 2604
168 2608
176 2614
182 2618
188 2620
194 2624
204 2630
210 2632
216 2636
226 2640
232 2644
240 2644
248 2644
256 2640
264 2632
272 2622
274 2616
278 2610
280 2602
284 2594
286 2588
286 2580
286 2572
286 2561
286 2553
282 2543
280 2535
276 2527
272 2519
268 2511
262 2503
252 2493
246 2487
234 2479
228 2473
220 2473
216 2479
220 2487
226 2493
232 2501
242 2507
248 2511
254 2513
260 2515
266 2517
272 2519
282 2519
292 2517
300 2515
306 2511
310 2505
314 2499
318 2493
324 2487
326 2481
332 2475
.PEN_UP
.PEN_DOWN
557 2576
557 2584
553 2590
549 2584
549 2576
551 2570
.PEN_UP
.PEN_DOWN
561 2501
559 2495
557 2489
551 2485
.PEN_UP
.PEN_DOWN
879 2600
873 2602
869 2608
875 2612
883 2616
889 2616
895 2618
907 2620
913 2622
921 2622
929 2624
938 2624
946 2624
954 2624
962 2624
968 2624
974 2622
980 2620
988 2616
990 2610
986 2604
978 2598
970 2592
962 2590
956 2588
950 2586
942 2584
936 2582
929 2580
921 2578
911 2574
905 2572
905 2566
913 2561
921 2559
929 2553
938 2549
944 2543
950 2537
956 2531
958 2525
958 2519
958 2513
954 2507
952 2501
946 2497
940 2491
934 2487
927 2483
.PEN_UP
.PEN_DOWN
1200 2584
1206 2590
1208 2590
1208 2584
1204 2578
1200 2570
1194 2564
1186 2557
1184 2551
1182 2545
1186 2539
1194 2535
1200 2531
1206 2527
1212 2525
1220 2521
1226 2519
1232 2515
1238 2511
1244 2507
1246 2501
1248 2495
1246 2489
1240 2481
1234 2473
1226 2469
1218 2465
.PEN_UP
.PEN_DOWN
1174 2555
1176 2564
1180 2572
1182 2576
1188 2582
1194 2584
1200 2586
1208 2586
1216 2588
1224 2588
.PEN_UP
.PEN_DOWN
1144 2590
1138 2590
1144 2594
1150 2596
1156 2600
1166 2602
1176 2604
1182 2606
1190 2608
1196 2608
1204 2610
1212 2610
1220 2610
1226 2610
1238 2610
1248 2608
1254 2608
.PEN_UP
.PEN_DOWN
1551 2487
1545 2479
1543 2471
1541 2463
1541 2451
1539 2439
1539 2433
1537 2427
1537 2421
1533 2413
1533 2407
1529 2401
1523 2397
1517 2401
1513 2409
1511 2415
1511 2423
1511 2431
1509 2439
1509 2449
1511 2457
1511 2467
1513 2477
1515 2487
1519 2497
1523 2507
1525 2515
1531 2525
1535 2533
1541 2539
1547 2545
1553 2549
1553 2549
1565 2555
1571 2557
1579 2557
1585 2557
1593 2557
1599 2555
1609 2549
1615 2545
1621 2541
1629 2531
1635 2523
1637 2517
1639 2507
1637 2497
1631 2487
1621 2479
1611 2471
1605 2469
1599 2467
1589 2467
1583 2467
1575 2461
.PEN_UP
.PEN_DOWN
1890 2501
1890 2507
1890 2511
1888 2517
1886 2523
1884 2529
1884 2523
1884 2517
1884 2511
1884 2503
1884 2495
1884 2487
1882 2479
1884 2473
1882 2467
1884 2473
1886 2483
1890 2493
1894 2499
1898 2505
1902 2511
1908 2519
1912 2525
1918 2531
1924 2537
1930 2543
1936 2547
1940 2553
1946 2555
1952 2559
1962 2564
1970 2564
1976 2557
1978 2551
1978 2545
1978 2535
1978 2523
1978 2517
1976 2511
1974 2505
1974 2497
1972 2491
1970 2481
1968 2475
1964 2467
1958 2461
1954 2467
1956 2475
1958 2481
1964 2491
1968 2497
1972 2503
1974 2509
1978 2515
1988 2523
1998 2531
2004 2533
2014 2533
2022 2533
2028 2531
2034 2527
2040 2521
2044 2515
2050 2507
2052 2501
.PEN_UP
.PEN_DOWN
2276 2527
2268 2529
2264 2531
2256 2533
2248 2535
2242 2539
2236 2541
2232 2547
2240 2549
2250 2549
2256 2549
2262 2551
2268 2551
2274 2551
2280 2553
2286 2553
2292 2553
2298 2553
2304 2553
2314 2553
2322 2553
.PEN_UP
.PEN_DOWN
2509 2551
2515 2553
2521 2557
2527 2561
2533 2561
2541 2561
2549 2559
2555 2557
2567 2555
2573 2553
2579 2553
2585 2549
2591 2549
2597 2547
2607 2547
2613 2545
2621 2545
2627 2545
2633 2545
2639 2547
.PEN_UP
.PEN_DOWN
2890 2592
2892 2598
2890 2602
2888 2608
2882 2612
2874 2610
2866 2604
2862 2598
2856 2590
2852 2584
2850 2578
2846 2568
2844 2561
2842 2551
2842 2545
2844 2537
2848 2531
2854 2525
2862 2521
2870 2521
2876 2521
2886 2523
2892 2525
2898 2525
2908 2529
2914 2529
2920 2531
2926 2533
2932 2533
2940 2537
2946 2539
.PEN_UP
.PEN_DOWN
2956 2592
2956 2598
2956 2592
2954 2584
2950 2576
2948 2568
2944 2557
2942 2551
2942 2545
2938 2537
2938 2531
2936 2521
2934 2513
2934 2505
2934 2499
2936 2491
.PEN_UP
.PEN_DOWN
3144 2553
3146 2557
3146 2564
3148 2570
3152 2576
3158 2580
3152 2580
3148 2574
3154 2572
3160 2574
3164 2580
3164 2586
3158 2590
3152 2588
3158 2588
3164 2588
3170 2588
3176 2588
.PEN_UP
.PEN_DOWN
3174 2487
3174 2487
3174 2493
3174 2501
3168 2503
3162 2503
3156 2501
3154 2495
3154 2489
3156 2483
3162 2479
3166 2485
3166 2493
3160 2499
3154 2497
3160 2491
3166 2491
3172 2491
3178 2491
3176 2497
3170 2503
.PEN_UP
.PEN_DOWN
3557 2568
3557 2574
3557 2580
3557 2586
3553 2592
3553 2600
3547 2606
3545 2600
3545 2592
3545 2586
3545 2578
3545 2572
3545 2566
3543 2555
3545 2549
3545 2543
3543 2533
3543 2527
3543 2517
3545 2509
3547 2501
.PEN_UP
.PEN_DOWN
3924 2533
3930 2537
3934 2541
3938 2547
3934 2553
3928 2555
3916 2555
3908 2555
3900 2555
3892 2555
3884 2555
3876 2553
3868 2551
3860 2549
3852 2547
3846 2543
3840 2541
3834 2533
3830 2525
3830 2515
3834 2509
3842 2501
3848 2499
3854 2497
3860 2495
3866 2493
3874 2491
3882 2491
3890 2491
3900 2491
3906 2493
3914 2495
3922 2497
3928 2501
3934 2505
3942 2513
3948 2523
3948 2533
3948 2543
3946 2549
.PEN_UP
.PEN_DOWN
4206 2509
4210 2511
4216 2513
4218 2507
4218 2501
4216 2493
4216 2487
4214 2477
4212 2471
4210 2465
4210 2459
4210 2453
4208 2447
4208 2439
4208 2429
4206 2421
4200 2429
4200 2437
4200 2443
4200 2451
4200 2459
4202 2467
4204 2475
4204 2485
4206 2495
4208 2505
4212 2515
4216 2523
4222 2531
4226 2537
4232 2543
4239 2549
4245 2553
4251 2555
4257 2557
4263 2559
4269 2559
4275 2557
4283 2553
4289 2551
4295 2543
4299 2535
4301 2527
4301 2519
4295 2513
4289 2507
4279 2501
4269 2497
4263 2495
4257 2493
4247 2491
.PEN_UP
.PEN_DOWN
4553 2517
4553 2519
4549 2511
4549 2503
4545 2495
4543 2489
4541 2483
4541 2477
4549 2481
4553 2487
4559 2493
4563 2499
4573 2507
4577 2513
4585 2523
4593 2531
4599 2535
4609 2539
4617 2541
4623 2541
4629 2537
4635 2529
4637 2521
4637 2515
4637 2509
4637 2503
4637 2493
4635 2487
4633 2479
4629 2471
4623 2465
4623 2473
4627 2481
4637 2489
4647 2497
4653 2501
4659 2507
4665 2509
4671 2513
4677 2515
4685 2517
4691 2519
4697 2521
4705 2521
4714 2519
4718 2513
4722 2507
4724 2499
4726 2491
4726 2485
.PEN_UP
.PEN_DOWN
338 2600
338 2606
338 2608
340 2614
334 2618
326 2618
320 2616
314 2614
304 2612
294 2610
284 2606
278 2600
272 2596
272 2590
278 2586
284 2582
292 2578
300 2574
308 2568
314 2564
318 2557
318 2549
316 2541
314 2535
308 2525
298 2515
288 2505
280 2501
274 2495
268 2489
262 2483
256 2479
250 2475
244 2471
236 2467
230 2463
.PEN_UP
.PEN_DOWN
288 2616
288 2622
286 2632
286 2636
286 2642
286 2648
280 2648
278 2642
276 2632
276 2626
276 2618
274 2610
274 2600
272 2590
272 2582
272 2572
270 2559
270 2549
270 2537
270 2525
270 2513
268 2503
268 2493
268 2483
268 2475
268 2467
.PEN_UP
.PEN_DOWN
565 2572
563 2578
561 2580
555 2586
549 2590
541 2594
535 2598
529 2602
535 2606
541 2606
549 2608
555 2610
561 2610
567 2610
577 2610
585 2610
595 2610
603 2608
611 2606
621 2604
631 2602
639 2600
647 2596
655 2592
661 2590
665 2584
669 2578
673 2566
673 2559
669 2553
667 2545
663 2539
657 2533
651 2525
643 2519
635 2511
627 2505
621 2497
613 2491
605 2485
595 2475
589 2471
583 2467
575 2461
569 2455
569 2449
.PEN_UP
.PEN_DOWN
932 2564
934 2566
936 2572
929 2574
921 2574
911 2572
901 2572
895 2570
885 2566
877 2564
871 2559
871 2553
875 2547
883 2543
889 2539
895 2535
901 2533
907 2529
913 2525
921 2519
927 2515
934 2509
940 2505
944 2499
950 2491
952 2481
948 2473
940 2467
929 2463
923 2461
917 2459
911 2459
901 2459
895 2459
889 2463
887 2471
891 2479
895 2485
901 2491
907 2495
913 2501
919 2509
927 2515
934 2523
942 2529
950 2537
958 2543
964 2551
970 2557
976 2564
978 2570
982 2580
984 2586
978 2592
972 2592
964 2590
.PEN_UP
.PEN_DOWN
1242 2467
1244 2473
1244 2475
1246 2481
1250 2475
1248 2467
1246 2457
1244 2451
1242 2445
1240 2439
1238 2433
1236 2425
1232 2419
1230 2411
1226 2405
1224 2397
1220 2391
1216 2385
1212 2379
1208 2373
.PEN_UP
.PEN_DOWN
1553 2570
1553 2572
1547 2576
1541 2580
1547 2578
1553 2578
1563 2578
1571 2578
1577 2578
1587 2576
1595 2576
1605 2576
1615 2576
1627 2576
1637 2574
1647 2574
1657 2574
1667 2574
1675 2574
1685 2574
1691 2572
1701 2570
1705 2564
1705 2557
1699 2551
1691 2543
1687 2537
1677 2529
1671 2523
1661 2515
1655 2511
1651 2505
1641 2497
1637 2491
1631 2483
1627 2477
1623 2471
.PEN_UP
.PEN_DOWN
1994 2568
1992 2570
1986 2574
1978 2576
1972 2578
1960 2580
1954 2580
1946 2582
1940 2582
1934 2584
1928 2582
1922 2582
1914 2580
1908 2576
1908 2570
1912 2564
1918 2559
1924 2555
1930 2549
1938 2545
1946 2541
1954 2537
1962 2531
1970 2527
1976 2521
1984 2517
1990 2511
1998 2507
2002 2501
2010 2493
2012 2483
2010 2475
2002 2467
1996 2465
1986 2461
1980 2459
1974 2459
1964 2459
1958 2461
1948 2467
1942 2473
1942 2479
1942 2489
1944 2497
1946 2503
1950 2509
1954 2517
1960 2523
1966 2529
1972 2535
1978 2541
1984 2547
1992 2553
1998 2557
2004 2561
2010 2566
2020 2574
2026 2580
2028 2586
2022 2588
.PEN_UP
.PEN_DOWN
2244 2553
2242 2557
2238 2564
2234 2570
2242 2574
2248 2574
2256 2574
2262 2574
2268 2574
2274 2572
2282 2572
2290 2572
2296 2570
2304 2570
2312 2568
2320 2568
2326 2566
2332 2566
2338 2564
2346 2561
2353 2557
2357 2549
2355 2543
2351 2537
2344 2527
2340 2519
2336 2513
2334 2507
2326 2497
2322 2491
2318 2485
2314 2477
.PEN_UP
.PEN_DOWN
2591 2656
2591 2656
2593 2662
2595 2668
2601 2670
2599 2664
2599 2658
2597 2652
2595 2646
2593 2638
2591 2628
2591 2620
2589 2614
2589 2604
2589 2594
2589 2586
2589 2580
2589 2574
2589 2566
2587 2557
2587 2551
2587 2545
2585 2539
2587 2533
.PEN_UP
.PEN_DOWN
2573 2471
2573 2477
2573 2483
2569 2489
2563 2491
2557 2493
2551 2493
2545 2493
2539 2491
2539 2485
2543 2479
2549 2473
2555 2469
2561 2469
2559 2475
2553 2475
2547 2471
2541 2467
2547 2465
2553 2467
2559 2467
2565 2469
2569 2475
2567 2481
2573 2483
.PEN_UP
.PEN_DOWN
0 0
.PEN_UP
.PEN_DOWN
0 0
.PEN_UP
.PEN_DOWN
0 0
.PEN_UP
.PEN_DOWN
0 0
.PEN_UP
.PEN_DOWN
0 0
.PEN_UP
.PEN_DOWN
0 0
.PEN_UP
.PEN_DOWN
0 0
.PEN_UP
.PEN_DOWN
0 0
.PEN_UP
.PEN_DOWN
0 0
.PEN_UP
.PEN_DOWN
0 0
.PEN_UP
.PEN_DOWN
0 0
.PEN_UP
.PEN_DOWN
0 0
.PEN_UP
.PEN_DOWN
0 0
.PEN_UP
.PEN_DOWN
0 0
.PEN_UP
.PEN_DOWN
0 0
.PEN_UP
.PEN_DOWN
0 0
.PEN_UP
.PEN_DOWN
0 0
.PEN_UP
.PEN_DOWN
0 0
.PEN_UP
.PEN_DOWN
0 0
.PEN_UP
.PEN_DOWN
0 0
.PEN_UP
.PEN_DOWN
0 0
.PEN_UP
.PEN_DOWN
0 0
.PEN_UP
.PEN_DOWN
0 0
.PEN_UP
.PEN_DOWN
0 0
.PEN_UP
.PEN_DOWN
0 0
.PEN_UP
.PEN_DOWN
0 0
.PEN_UP
.PEN_DOWN
0 0
.PEN_UP
