
.WRITER_ID Janis_Bernardo
.STYLE PRINTED
.PEN_DOWN
	348	1568
	355	1582
	359	1598
	359	1618
	357	1638
	350	1658
	344	1677
	337	1694
	333	1704
	327	1711
	322	1712
	316	1711
	311	1704
	305	1694
	300	1678
	294	1657
	287	1627
	281	1591
	276	1561
	274	1539
	274	1522
	279	1511
	289	1505
	305	1515
	322	1538
	340	1572
	355	1608
	359	1628
	358	1638
	348	1644
.PEN_UP
.PEN_DOWN
	418	1664
	421	1665
	422	1662
	421	1645
	412	1622
	403	1585
	390	1545
	377	1504
	369	1471
	366	1454
	368	1454
.PEN_UP
.PEN_DOWN
	506	1645
	499	1643
	488	1641
	477	1638
	466	1637
	457	1632
	448	1624
	440	1618
	432	1610
	421	1598
	407	1586
	394	1571
	385	1558
	383	1548
	388	1535
	397	1525
	411	1513
	428	1502
	444	1488
	456	1475
	464	1468
.PEN_UP
.PEN_DOWN
	545	1672
	547	1671
	545	1655
	536	1628
	525	1589
	510	1548
	499	1511
	491	1481
	489	1459
	493	1452
.PEN_UP
.PEN_DOWN
	621	1538
	628	1548
	634	1561
	636	1575
	634	1588
	630	1602
	628	1614
	624	1622
	622	1625
	621	1625
	620	1625
	614	1621
	606	1611
	597	1594
	587	1571
	577	1545
	571	1524
	569	1508
	569	1504
	573	1501
	580	1502
	590	1511
	606	1528
	619	1547
	628	1568
	630	1569
	630	1561
	625	1537
	622	1513
	622	1494
	622	1478
	626	1471
.PEN_UP
.PEN_DOWN
	753	1732
	754	1722
	750	1704
	742	1665
	726	1621
	711	1572
	695	1532
	685	1504
	682	1491
	685	1488
	702	1502
	722	1525
	742	1548
	756	1568
	761	1574
	767	1561
	765	1532
	761	1508
	760	1491
	761	1481
.PEN_UP
.PEN_DOWN
	813	1551
	815	1561
	816	1578
	818	1601
	820	1615
	818	1618
	818	1615
	811	1598
	803	1568
	794	1541
	787	1518
	785	1504
	785	1498
	792	1495
	807	1505
	823	1527
	833	1551
	838	1574
	835	1588
	825	1591
.PEN_UP
.PEN_DOWN
	880	1568
	875	1545
	868	1525
	860	1508
	855	1498
	852	1498
	851	1502
	862	1518
	874	1535
	890	1552
	898	1568
	903	1573
	905	1568
	903	1545
	898	1524
	892	1508
	892	1503
	894	1501
	901	1505
	912	1516
	921	1532
	931	1548
	938	1558
	939	1556
	940	1538
	938	1517
	934	1499
.PEN_UP
.PEN_DOWN
	1045	1538
	1049	1551
	1048	1565
	1048	1584
	1047	1598
	1048	1611
	1048	1612
	1048	1614
	1047	1611
	1037	1595
	1023	1572
	1009	1548
	997	1524
	990	1508
	989	1501
	991	1498
	1000	1498
	1012	1505
	1025	1521
	1037	1538
	1043	1548
	1045	1551
	1048	1548
	1055	1528
	1058	1508
	1065	1491
	1078	1478
	1087	1481
.PEN_UP
.PEN_DOWN
	1327	1638
	1320	1649
	1311	1657
	1303	1667
	1299	1675
	1297	1678
	1296	1678
	1292	1667
	1281	1632
	1268	1588
	1259	1555
	1253	1535
	1254	1522
	1259	1515
	1274	1511
	1294	1518
	1311	1531
	1324	1541
.PEN_UP
.PEN_DOWN
	1367	1592
	1367	1568
	1367	1542
	1362	1522
	1362	1508
.PEN_UP
.PEN_DOWN
	1489	1608
	1482	1608
	1464	1611
	1441	1611
	1422	1612
	1407	1617
.PEN_UP
.PEN_DOWN
	1443	1681
	1440	1652
	1434	1612
	1427	1571
	1421	1538
.PEN_UP
.PEN_DOWN
	1480	1594
	1482	1601
	1488	1595
	1489	1578
	1484	1554
	1478	1535
	1474	1524
	1471	1518
	1471	1518
	1474	1518
	1480	1521
	1490	1528
	1506	1542
	1511	1544
	1516	1531
	1513	1494
	1506	1454
	1498	1414
	1493	1384
	1489	1367
	1488	1364
.PEN_UP
.PEN_DOWN
	328	1152
	328	1129
	324	1095
	320	1061
	317	1029
	316	1012
	316	1002
	317	1009
.PEN_UP
.PEN_DOWN
	307	1151
	306	1151
	306	1155
	309	1158
	322	1168
	340	1181
	365	1188
	394	1185
	421	1175
	432	1151
	429	1122
	414	1096
	386	1071
	355	1059
	330	1062
.PEN_UP
.PEN_DOWN
	401	1009
	405	1008
	407	1010
	407	1018
	407	1038
	407	1059
	409	1078
	413	1086
	429	1092
	448	1091
	466	1082
	480	1072
	488	1068
.PEN_UP
.PEN_DOWN
	563	1029
	564	1036
	560	1048
	553	1058
	549	1069
	545	1078
	544	1085
	543	1089
	543	1089
	537	1085
	528	1069
	514	1046
	503	1022
	495	1002
	494	989
	497	982
	506	979
	519	988
	536	1002
	545	1023
	553	1046
	558	1062
	554	1075
	549	1079
.PEN_UP
.PEN_DOWN
	590	1078
	588	1059
	583	1039
	580	1022
	584	1005
	591	996
	606	996
	622	1009
	634	1032
	643	1062
	648	1086
	646	1102
.PEN_UP
.PEN_DOWN
	697	1098
	702	1081
	702	1062
	697	1039
	689	1022
	676	1010
.PEN_UP
.PEN_DOWN
	835	1149
	827	1118
	820	1088
	811	1065
	805	1048
	802	1039
	801	1038
	801	1048
	805	1065
	809	1083
	811	1098
	809	1102
	802	1100
	786	1082
	772	1059
	760	1036
	752	1019
	750	1008
	755	1002
	767	1002
	783	1009
	799	1019
	811	1025
	817	1028
	818	1031
.PEN_UP
.PEN_DOWN
	859	1042
	868	1042
	874	1045
	881	1049
	885	1051
	892	1058
	900	1065
	907	1072
	912	1078
	912	1081
	912	1082
	910	1084
	903	1083
	893	1083
	884	1079
	873	1075
	866	1063
	860	1051
	858	1038
	858	1026
	860	1018
	865	1008
	874	1005
	886	1002
	899	1008
	914	1014
	923	1025
.PEN_UP
.PEN_DOWN
	955	1076
	956	1066
	949	1051
	943	1031
	936	1018
	932	1012
	931	1012
	934	1016
	951	1038
	975	1065
	999	1088
	1015	1101
	1022	1099
	1025	1084
	1015	1058
	1004	1029
	992	1011
	986	998
.PEN_UP
.PEN_DOWN
	1089	1089
	1091	1099
	1095	1116
	1099	1129
	1100	1131
	1099	1131
	1097	1116
	1085	1091
	1072	1062
	1058	1039
	1052	1026
	1050	1019
	1054	1016
	1069	1018
	1091	1028
	1108	1038
.PEN_UP
.PEN_DOWN
	1187	1065
	1190	1075
	1196	1086
	1198	1101
	1204	1115
	1205	1121
	1205	1122
	1200	1118
	1190	1106
	1180	1091
	1169	1072
	1158	1052
	1152	1039
	1150	1029
	1157	1026
	1177	1025
	1204	1036
	1235	1051
	1264	1074
	1282	1086
	1285	1089
.PEN_UP
.PEN_DOWN
	291	702
	285	676
	276	639
	261	603
	250	576
	243	560
	241	556
	243	562
	258	593
	281	629
	306	672
	330	715
	344	735
	348	733
	348	709
	339	676
	327	639
	315	609
	311	589
	311	589
	324	596
	346	619
	368	652
	387	685
	398	702
	401	696
	399	662
	388	613
	379	563
	373	529
	374	515
.PEN_UP
.PEN_DOWN
	494	565
	492	586
	491	609
	490	632
	491	652
	491	659
	488	659
	479	645
	466	622
	456	596
	444	572
	438	555
	435	549
	435	546
	442	549
	462	562
	482	580
	497	598
	503	603
	503	602
	495	583
	487	563
	480	548
	476	536
	481	530
.PEN_UP
.PEN_DOWN
	643	636
	645	656
	643	659
	641	659
	626	643
	606	619
	591	595
	580	576
	571	563
	571	560
	573	560
	586	569
	606	586
	628	613
	643	635
	650	642
	650	642
	650	639
	645	633
	640	629
	636	629
	635	626
	635	629
	634	632
	635	633
	634	619
	619	586
	602	546
	584	509
	564	479
	542	457
	527	453
	512	469
.PEN_UP
.PEN_DOWN
	724	609
	716	589
	704	570
	691	554
	685	543
	683	540
	683	540
	691	552
	713	576
	737	599
	755	613
	764	617
	770	613
	767	595
	757	573
	746	555
	740	543
.PEN_UP
.PEN_DOWN
	853	599
	856	609
	859	622
	860	636
	861	652
	861	659
	861	659
	853	653
	839	629
	823	599
	811	573
	801	550
	798	540
	800	535
	811	536
	833	553
	855	586
	868	615
	871	635
	866	649
.PEN_UP
.PEN_DOWN
	945	709
	951	703
	954	686
	943	657
	927	622
	910	589
	897	565
	888	549
.PEN_UP
.PEN_DOWN
	969	603
	969	583
	967	566
	964	555
	962	550
.PEN_UP
.PEN_DOWN
	1069	579
	1074	589
	1076	603
	1082	633
	1084	653
	1086	665
	1086	669
	1084	672
	1074	659
	1054	635
	1034	603
	1017	579
	1006	556
	1000	546
	1002	543
	1014	545
	1034	560
	1052	583
	1071	605
	1075	612
	1076	609
	1073	595
	1067	576
	1064	563
	1064	553
	1067	549
	1078	555
.PEN_UP
.PEN_DOWN
	1080	723
	1086	719
	1089	719
	1091	719
	1093	722
.PEN_UP
.PEN_DOWN
	366	210
	339	209
	311	209
	288	206
	276	200
	274	200
	276	193
	285	179
	298	163
	303	144
	300	120
	289	97
	268	83
	244	79
	224	90
	216	121
.PEN_UP
.PEN_DOWN
	393	123
	392	133
	392	149
	396	166
	403	180
	403	187
	403	189
	398	183
	383	167
	366	146
	351	119
	340	97
	333	83
	333	73
	335	69
	341	69
	358	82
	379	103
	401	130
	414	149
	417	150
	412	142
	396	119
	381	97
	366	79
	363	70
	363	69
	374	73
.PEN_UP
.PEN_DOWN
	464	147
	451	123
	440	99
	432	83
	429	77
	429	77
	433	83
	451	102
	476	127
	506	157
	525	172
	531	169
	532	150
	518	119
	501	87
	486	66
	481	56
	484	56
.PEN_UP
.PEN_DOWN
	673	159
	640	163
	605	162
	575	162
	555	160
	543	167
.PEN_UP
.PEN_DOWN
	600	209
	593	177
	580	140
	563	103
	552	79
.PEN_UP
.PEN_DOWN
	715	99
	726	103
	733	113
	737	123
	737	134
	735	142
	735	149
	734	152
	733	153
	727	147
	716	133
	704	113
	690	96
	678	79
	672	70
	671	67
	676	67
	693	78
	716	97
	739	116
	748	120
	754	117
	756	109
	756	94
	755	86
	754	80
	756	80
	766	88
.PEN_UP
.PEN_DOWN
	1060	262
	1051	269
	1043	272
	1034	276
	1025	273
	1010	263
	992	239
	973	206
	952	166
	936	133
	926	109
	920	99
	918	100
.PEN_UP
.PEN_DOWN
	942	136
	942	136
	936	137
	925	146
	912	159
.PEN_UP
.PEN_DOWN
	971	153
	975	152
	986	150
	997	146
	1008	142
	1017	136
	1027	133
	1032	130
	1040	133
	1051	139
	1064	149
	1075	162
	1085	172
	1089	177
	1089	180
	1084	182
	1067	173
	1041	153
	1019	127
	1004	107
	999	93
	1000	83
	1013	73
	1036	69
	1063	69
	1093	77
	1145	109
.PEN_UP
