
.WRITER_ID Dave_Stauffer
.STYLE MIXED

.PEN_DOWN
767 15539
766 15554
765 15569
766 15583
764 15593
764 15603
762 15605
755 15601
740 15583
721 15556
704 15522
692 15490
688 15464
688 15446
695 15432
708 15423
725 15417
742 15418
.PEN_UP
.PEN_DOWN
803 15453
804 15453
805 15453
805 15453
805 15453
803 15450
798 15439
796 15429
796 15418
801 15407
808 15399
814 15394
821 15394
826 15398
833 15408
839 15423
839 15439
833 15453
825 15460
819 15463
814 15456
.PEN_UP
.PEN_DOWN
906 15483
905 15483
904 15480
900 15460
900 15440
902 15426
907 15416
913 15412
922 15412
934 15419
945 15433
952 15449
957 15460
961 15470
963 15470
964 15470
968 15464
972 15447
977 15432
981 15417
.PEN_UP
.PEN_DOWN
1047 15572
1045 15563
1044 15538
1042 15505
1042 15474
1045 15450
1052 15429
.PEN_UP
.PEN_DOWN
1132 15459
1131 15460
1130 15460
1127 15463
1122 15460
1115 15450
1109 15436
1106 15427
1106 15422
1108 15416
1115 15416
1128 15423
1144 15440
1158 15466
1175 15494
1187 15525
1193 15559
1194 15589
1191 15596
1185 15594
1171 15563
1161 15517
1160 15470
1171 15423
.PEN_UP
.PEN_DOWN
805 15240
803 15252
799 15258
792 15259
785 15258
773 15244
760 15224
744 15192
733 15159
726 15132
726 15118
733 15104
746 15097
767 15098
787 15108
805 15122
.PEN_UP
.PEN_DOWN
843 15160
844 15159
844 15159
846 15156
848 15149
851 15146
853 15139
852 15131
850 15118
848 15107
848 15101
848 15098
848 15095
851 15091
855 15091
857 15090
861 15090
866 15091
875 15098
884 15111
891 15125
895 15135
893 15146
884 15156
873 15163
862 15163
855 15160
850 15153
.PEN_UP
.PEN_DOWN
950 15170
949 15162
945 15148
941 15131
941 15122
943 15118
943 15115
945 15115
950 15119
958 15136
970 15155
977 15170
982 15176
985 15179
988 15179
992 15166
995 15146
997 15125
1000 15107
1008 15088
.PEN_UP
.PEN_DOWN
1135 15166
1135 15169
1133 15170
1131 15172
1122 15169
1107 15160
1095 15152
1090 15148
1088 15146
1088 15145
1092 15142
1100 15138
1112 15132
1122 15129
1132 15122
1138 15119
1140 15114
1138 15105
1132 15097
1126 15090
1119 15088
1114 15088
.PEN_UP
.PEN_DOWN
1200 15172
1203 15162
1208 15146
1208 15129
1207 15112
1207 15097
1205 15084
.PEN_UP
.PEN_DOWN
1192 15203
1189 15207
1192 15211
1198 15213
1212 15204
.PEN_UP
.PEN_DOWN
1336 15152
1334 15159
1334 15163
1331 15166
1325 15166
1315 15163
1307 15156
1304 15152
1302 15148
1302 15142
1307 15135
1311 15128
1318 15121
1323 15114
1327 15112
1329 15108
1329 15107
1327 15104
1323 15101
1318 15097
1311 15094
1307 15090
1302 15084
.PEN_UP
.PEN_DOWN
1439 15262
1439 15262
1440 15261
1437 15244
1429 15217
1422 15184
1419 15159
1419 15135
1422 15115
1427 15098
1431 15088
1436 15082
1442 15080
1451 15080
1461 15084
1467 15087
1473 15088
1475 15090
1476 15091
1479 15091
.PEN_UP
.PEN_DOWN
1385 15142
1382 15148
1383 15156
1385 15163
1397 15171
1420 15176
1447 15178
1467 15173
1483 15163
.PEN_UP
.PEN_DOWN
690 14882
690 14881
690 14862
683 14824
672 14780
663 14742
659 14711
656 14694
656 14688
656 14687
658 14687
663 14688
672 14698
687 14709
698 14712
705 14712
712 14708
720 14698
731 14691
.PEN_UP
.PEN_DOWN
839 14741
839 14745
837 14752
834 14756
832 14760
826 14760
817 14756
805 14746
796 14729
789 14716
789 14704
791 14695
798 14692
809 14694
822 14702
834 14718
842 14732
846 14739
848 14739
848 14741
848 14733
850 14715
852 14698
861 14681
.PEN_UP
.PEN_DOWN
943 14745
938 14745
934 14745
934 14742
930 14736
929 14723
932 14711
934 14698
938 14692
943 14688
950 14688
961 14698
975 14716
984 14732
991 14739
992 14743
991 14742
993 14729
993 14715
998 14704
1008 14692
.PEN_UP
.PEN_DOWN
1137 14705
1137 14709
1135 14709
1135 14709
1135 14708
1135 14704
1134 14698
1130 14694
1123 14687
1117 14685
1110 14685
1106 14688
1101 14698
1103 14716
1108 14735
1117 14749
1126 14756
1133 14756
1141 14753
1151 14743
1158 14728
1164 14708
1166 14688
1169 14667
1169 14647
1167 14630
1162 14612
1156 14599
1149 14586
1140 14581
1133 14578
1128 14578
1124 14579
1122 14582
1119 14586
1119 14588
1126 14593
.PEN_UP
.PEN_DOWN
1252 14865
1244 14852
1234 14817
1226 14774
1221 14739
1218 14715
1219 14698
1221 14692
1222 14688
1225 14688
1230 14692
1241 14705
1257 14732
1268 14750
1271 14753
1273 14753
1275 14743
1275 14721
1275 14704
1278 14691
1284 14680
1295 14674
.PEN_UP
.PEN_DOWN
1422 14869
1419 14862
1411 14844
1397 14815
1386 14780
1379 14749
1379 14721
1382 14702
1390 14685
1401 14677
1415 14674
1433 14677
1451 14681
1465 14687
1476 14692
1481 14694
.PEN_UP
.PEN_DOWN
1375 14744
1368 14745
1367 14746
1370 14749
1385 14753
1409 14756
1431 14756
1449 14752
.PEN_UP
.PEN_DOWN
1531 14701
1532 14702
1541 14711
1553 14722
1559 14732
1565 14739
1569 14745
1571 14752
1571 14759
1566 14763
1558 14763
1549 14759
1539 14742
1537 14722
1540 14708
1553 14692
1571 14685
1592 14685
1614 14694
1632 14708
1645 14719
1652 14732
1653 14746
1653 14760
1650 14767
1649 14770
1650 14770
1657 14773
1676 14773
1702 14773
1734 14770
.PEN_UP
.PEN_DOWN
643 14291
642 14284
640 14281
638 14278
637 14278
634 14278
633 14284
631 14302
636 14333
644 14370
653 14408
665 14439
678 14462
691 14479
704 14486
719 14479
733 14462
743 14438
742 14411
735 14380
722 14350
707 14329
689 14312
674 14299
663 14294
659 14291
.PEN_UP
.PEN_DOWN
751 14265
751 14267
756 14264
760 14264
767 14265
772 14268
776 14271
781 14277
786 14285
794 14294
798 14302
801 14309
801 14312
800 14312
801 14315
799 14316
798 14316
796 14316
796 14316
796 14317
796 14316
796 14316
796 14316
796 14316
796 14316
796 14316
795 14315
794 14312
789 14306
784 14295
776 14279
771 14261
769 14244
769 14233
774 14226
782 14224
794 14230
808 14247
817 14265
820 14284
819 14301
816 14318
809 14329
805 14333
.PEN_UP
.PEN_DOWN
887 14247
886 14247
884 14247
886 14250
895 14258
907 14271
918 14284
927 14294
930 14299
932 14302
930 14305
926 14306
916 14308
904 14305
894 14296
884 14288
878 14278
877 14268
882 14257
894 14247
916 14241
941 14241
.PEN_UP
.PEN_DOWN
1088 14312
1087 14316
1085 14319
1080 14319
1069 14319
1056 14312
1042 14302
1036 14295
1034 14291
1035 14284
1043 14274
1051 14265
1056 14257
1058 14248
1056 14236
1049 14224
1038 14216
1027 14213
1022 14213
.PEN_UP
