
.WRITER_ID Dave_Stauffer
.STYLE MIXED

.PEN_DOWN
871 15620
869 15627
864 15634
855 15640
846 15644
832 15645
814 15638
796 15624
780 15610
772 15597
772 15580
779 15562
794 15541
810 15525
825 15511
832 15501
833 15490
828 15476
814 15464
796 15453
778 15450
764 15449
.PEN_UP
.PEN_DOWN
923 15664
922 15665
920 15656
911 15621
897 15584
887 15553
882 15525
880 15505
885 15488
.PEN_UP
.PEN_DOWN
965 15542
959 15541
945 15530
934 15508
927 15493
927 15480
934 15473
948 15470
964 15477
979 15491
983 15507
982 15521
975 15531
965 15538
.PEN_UP
.PEN_DOWN
1027 15552
1027 15552
1027 15555
1027 15556
1027 15556
1027 15552
1028 15533
1026 15511
1024 15493
1024 15483
1025 15480
1028 15476
1033 15477
1043 15487
1055 15501
1066 15524
1076 15539
1083 15546
1085 15548
1085 15542
1083 15528
1079 15511
1079 15501
1080 15497
1083 15493
1092 15494
1104 15504
1117 15518
1130 15534
1139 15546
1144 15555
1147 15555
.PEN_UP
.PEN_DOWN
1185 15523
1187 15527
1192 15529
1198 15535
1205 15542
1214 15552
1219 15558
1223 15563
1225 15569
1225 15573
1223 15580
1219 15583
1212 15586
1201 15581
1184 15566
1169 15546
1158 15525
1158 15511
1165 15497
1178 15484
1201 15477
1230 15482
.PEN_UP
.PEN_DOWN
1341 15541
1334 15546
1327 15549
1313 15545
1290 15529
1266 15511
1257 15496
1255 15488
1257 15481
1268 15480
1287 15488
1315 15511
1340 15540
1365 15572
1385 15609
1397 15645
1398 15658
1391 15659
1366 15638
1339 15589
1318 15527
1311 15460
.PEN_UP
.PEN_DOWN
839 15149
836 15153
835 15151
830 15131
824 15101
818 15067
816 15040
816 15020
817 15002
821 14991
.PEN_UP
.PEN_DOWN
712 15118
696 15131
688 15145
690 15154
701 15166
727 15176
762 15183
803 15189
842 15193
878 15193
.PEN_UP
.PEN_DOWN
993 15070
990 15071
984 15073
977 15071
966 15063
957 15046
949 15023
947 15008
948 14998
954 14992
961 14991
970 14996
983 15012
988 15033
990 15053
988 15073
983 15084
.PEN_UP
.PEN_DOWN
1032 15064
1031 15064
1031 15061
1029 15049
1025 15040
1022 15036
1022 15033
1022 15033
1022 15032
1026 15032
1035 15037
1049 15052
1067 15071
1080 15084
1087 15088
1090 15088
1092 15075
1090 15051
1085 15032
1084 15015
1088 14999
.PEN_UP
.PEN_DOWN
1212 15060
1208 15063
1205 15066
1203 15067
1201 15067
1192 15057
1178 15039
1164 15020
1157 15006
1156 14999
1158 14996
1162 14999
1171 15012
1180 15023
1187 15032
1196 15040
1205 15046
1211 15046
1219 15032
1223 15006
1221 14971
1214 14927
1203 14879
1189 14824
1175 14770
1160 14735
1149 14721
1144 14719
1139 14726
1135 14756
1144 14801
1162 14848
1185 14886
1211 14917
.PEN_UP
.PEN_DOWN
1318 15053
1318 15063
1318 15070
1318 15070
1313 15064
1298 15032
1283 15002
1279 14985
1282 14975
1291 14971
1304 14975
1322 14992
1338 15013
1352 15030
1357 15037
1357 15039
1357 15037
1352 15025
1347 15012
1347 15002
1352 14995
1361 14993
1382 15002
1406 15016
1429 15036
1443 15049
1451 15063
1453 15071
1449 15077
1438 15077
1422 15066
1405 15047
1396 15032
1397 15015
1406 14999
1425 14988
1459 14987
1504 14995
1554 15005
.PEN_UP
.PEN_DOWN
761 14678
758 14680
760 14680
760 14664
759 14627
758 14587
757 14554
756 14528
753 14507
753 14496
753 14489
.PEN_UP
.PEN_DOWN
692 14640
688 14644
687 14647
691 14647
703 14651
728 14654
760 14657
789 14660
819 14653
.PEN_UP
.PEN_DOWN
884 14572
877 14575
869 14572
857 14568
841 14554
823 14534
812 14517
808 14507
810 14500
817 14499
835 14506
857 14527
875 14545
884 14561
890 14569
891 14572
891 14572
888 14568
880 14548
875 14530
877 14514
887 14500
.PEN_UP
.PEN_DOWN
1009 14561
1004 14568
995 14571
984 14571
974 14571
966 14565
964 14558
966 14551
972 14540
979 14530
984 14520
988 14511
987 14500
983 14490
975 14479
964 14470
954 14463
950 14463
.PEN_UP
.PEN_DOWN
1135 14639
1126 14630
1117 14613
1104 14588
1094 14558
1090 14530
1092 14511
1098 14499
1108 14493
1126 14493
1148 14506
1169 14524
1183 14538
1187 14545
1189 14551
1185 14552
1178 14552
1169 14547
1158 14536
1153 14523
1155 14511
1160 14500
1171 14493
1186 14487
1201 14489
1214 14493
1225 14496
.PEN_UP
.PEN_DOWN
1033 14580
1026 14579
1027 14580
1034 14579
1067 14582
1113 14592
1155 14596
1180 14595
1201 14586
.PEN_UP
.PEN_DOWN
758 14189
756 14193
755 14193
753 14182
749 14148
748 14114
751 14086
753 14062
757 14046
760 14036
.PEN_UP
.PEN_DOWN
677 14159
676 14161
679 14162
692 14176
722 14189
760 14199
797 14208
827 14213
853 14216
.PEN_UP
.PEN_DOWN
841 14029
839 14025
839 14025
839 14025
845 14028
860 14039
875 14060
891 14077
897 14087
898 14091
894 14094
884 14096
866 14083
846 14060
834 14042
828 14031
830 14022
843 14012
868 14008
895 14011
.PEN_UP
.PEN_DOWN
959 14036
957 14031
954 14028
954 14028
954 14025
953 14025
952 14028
950 14031
948 14036
943 14049
943 14062
947 14076
952 14086
963 14096
977 14103
997 14107
1015 14110
.PEN_UP
.PEN_DOWN
1047 14053
1042 14038
1037 14025
1033 14015
1031 14011
1031 14008
1031 14008
1031 14008
1031 14012
1031 14022
1033 14042
1038 14060
1043 14072
1049 14080
1058 14090
1072 14093
1086 14093
1101 14087
.PEN_UP
.PEN_DOWN
1153 14097
1149 14097
1147 14090
1141 14070
1140 14052
1140 14035
1142 14022
.PEN_UP
.PEN_DOWN
1115 14170
1108 14171
1108 14175
1113 14175
1132 14171
.PEN_UP
.PEN_DOWN
1226 14212
1226 14216
1228 14209
1228 14175
1225 14131
1221 14086
1217 14044
1216 14011
.PEN_UP
.PEN_DOWN
1190 14072
1178 14079
1173 14080
1174 14080
1178 14079
1193 14077
1216 14077
1239 14077
1255 14076
1269 14077
1280 14078
1282 14079
1282 14079
1282 14077
1278 14066
1268 14046
1260 14028
1260 14014
1268 14004
1275 14001
1286 14004
1297 14012
1304 14028
1308 14045
1304 14062
1300 14078
1295 14087
.PEN_UP
.PEN_DOWN
1375 14053
1370 14036
1369 14014
1361 13996
1359 13987
1359 13984
1359 13984
1361 13984
1367 13997
1372 14014
1379 14038
1385 14056
1391 14066
1399 14072
1413 14072
1431 14064
1449 14053
.PEN_UP
.PEN_DOWN
1501 14045
1499 14049
1497 14046
1490 14045
1485 14030
1483 14014
1483 13998
1488 13987
1493 13981
1503 13980
1519 13994
1537 14012
1549 14025
1553 14029
1553 14029
1546 14009
1527 13973
1505 13922
1490 13866
1490 13817
.PEN_UP
